WT_name,mut_type,index0,ddg_exp,ddg_pred,error,abs_error
1I6C.pdb,K1Q,0,-0.1826823502551358,0.01912184,0.20180419085133483,0.20180419085133483
1I6C.pdb,K1E,0,-0.1851672817155081,-0.023278251,0.16188903042518674,0.16188903042518674
1I6C.pdb,K1N,0,-0.0672056894401018,0.07734561,0.1445512991050188,0.1445512991050188
1I6C.pdb,K1H,0,-0.0581060446567813,0.07738038,0.13548642618134413,0.13548642618134413
1I6C.pdb,K1D,0,-0.3827644817402449,0.058398966,0.44116344748640923,0.44116344748640923
1I6C.pdb,K1R,0,0.0081566586225321,0.12378168,0.11562502243825892,0.11562502243825892
1I6C.pdb,K1T,0,-0.09997498633515,-0.013998471,0.08597651513468385,0.08597651513468385
1I6C.pdb,K1S,0,-0.0817242573985197,-0.05158335,0.030140907693777266,0.030140907693777266
1I6C.pdb,K1A,0,-0.0398215266308508,-0.06801012,-0.0281885949530878,0.0281885949530878
1I6C.pdb,K1G,0,-0.0755229113715314,0.14566776,0.22119067293578615,0.22119067293578615
1I6C.pdb,K1M,0,0.1210376246374269,0.13055806,0.009520433982072307,0.009520433982072307
1I6C.pdb,K1L,0,-0.0583763379195696,0.07417512,0.132551457319594,0.132551457319594
1I6C.pdb,K1V,0,-0.1080857030342903,-0.025819391,0.08226631202209853,0.08226631202209853
1I6C.pdb,K1I,0,-0.0954905939678143,0.09480704,0.19029763763942226,0.19029763763942226
1I6C.pdb,K1W,0,-0.110411413987181,0.14561008,0.2560214931564544,0.2560214931564544
1I6C.pdb,K1Y,0,0.0972441773973042,0.16340677,0.06616259700436053,0.06616259700436053
1I6C.pdb,K1F,0,0.0072495854775285,0.27368122,0.26643163791495805,0.26643163791495805
1I6C.pdb,K1P,0,-0.3773989279928216,0.04093069,0.41832961637401667,0.41832961637401667
1I6C.pdb,L2Q,1,1.566610895400092,1.8524728,0.28586188673491786,0.28586188673491786
1I6C.pdb,L2E,1,-0.304214989610104,1.4465249,1.7507398480848355,1.7507398480848355
1I6C.pdb,L2N,1,1.917629213791603,1.7749188,-0.14271041915964489,0.14271041915964489
1I6C.pdb,L2H,1,1.7607316931355554,1.7336948,-0.0270369013417322,0.0270369013417322
1I6C.pdb,L2D,1,-0.4573361142195198,1.1920276,1.6493636830366585,1.6493636830366585
1I6C.pdb,L2R,1,1.7983944866208996,2.1514192,0.3530246761293445,0.3530246761293445
1I6C.pdb,L2K,1,-0.0811564320540618,2.0230985,2.1042549008345794,2.1042549008345794
1I6C.pdb,L2T,1,1.4240704914618283,1.5121187,0.08804820570461458,0.08804820570461458
1I6C.pdb,L2S,1,1.7293264234807908,1.6454016,-0.08392482645778054,0.08392482645778054
1I6C.pdb,L2A,1,1.6402229719067247,1.589035,-0.051187937727037225,0.051187937727037225
1I6C.pdb,L2G,1,1.6455947349300373,1.5617071,-0.08388759591483952,0.08388759591483952
1I6C.pdb,L2M,1,0.8484763600546719,0.9967524,0.1482760212700962,0.1482760212700962
1I6C.pdb,L2V,1,1.136570708415651,1.1979076,0.06133685860857985,0.06133685860857985
1I6C.pdb,L2I,1,0.8997917232321702,0.8983912,-0.0014005360411606382,0.0014005360411606382
1I6C.pdb,L2W,1,1.4914131978044969,1.3926607,-0.09875246076683819,0.09875246076683819
1I6C.pdb,L2Y,1,1.3731317467118356,1.3941604,0.021028643188371943,0.021028643188371943
1I6C.pdb,L2F,1,1.4060091028992616,1.3051373,-0.10087182624978652,0.10087182624978652
1I6C.pdb,L2P,1,-0.9615621906138982,1.3018396,2.26340178068653,2.26340178068653
1I6C.pdb,P3Q,2,1.365105546110907,1.5410357,0.17593010604973758,0.17593010604973758
1I6C.pdb,P3E,2,1.2039081390083175,1.5600256,0.35611743376847693,0.35611743376847693
1I6C.pdb,P3N,2,1.7047402712489894,1.720371,0.01563073667032211,0.01563073667032211
1I6C.pdb,P3H,2,1.6636585496111045,1.725548,0.061889479334818365,0.061889479334818365
1I6C.pdb,P3D,2,1.249731465261081,1.7357996,0.4860680857490509,0.4860680857490509
1I6C.pdb,P3R,2,1.6703141821201757,1.8246691,0.15435494057574717,0.15435494057574717
1I6C.pdb,P3K,2,1.6972197695986866,1.6671824,-0.030037324072563543,0.030037324072563543
1I6C.pdb,P3T,2,1.6977228817928245,1.8080523,0.11032941961403586,0.11032941961403586
1I6C.pdb,P3S,2,1.3739108435206528,1.4875704,0.11365956148575584,0.11365956148575584
1I6C.pdb,P3A,2,1.13344172767653,1.2695172,0.13607545562730294,0.13607545562730294
1I6C.pdb,P3G,2,0.9121385643036788,1.7384528,0.8263142278639848,0.8263142278639848
1I6C.pdb,P3M,2,1.27163498477534,1.6032958,0.33166081829472827,0.33166081829472827
1I6C.pdb,P3L,2,1.1409003921320846,1.4689823,0.32808194677324987,0.32808194677324987
1I6C.pdb,P3V,2,1.787300150526491,1.5832646,-0.20403556121679856,0.20403556121679856
1I6C.pdb,P3I,2,1.7037364033435467,1.631076,-0.07266042506443293,0.07266042506443293
1I6C.pdb,P3W,2,1.4933126009139936,1.7585486,0.2652360164489824,0.2652360164489824
1I6C.pdb,P3Y,2,1.6962330018939502,1.699789,0.003556045347260728,0.003556045347260728
1I6C.pdb,P3F,2,1.7496874516988286,1.6613389,-0.08834852633719525,0.08834852633719525
1I6C.pdb,P3C,2,0.5859231210644991,1.2506957,0.6647725843493193,0.6647725843493193
1I6C.pdb,P4Q,3,0.5284446915934917,0.35076752,-0.1776771685431835,0.1776771685431835
1I6C.pdb,P4E,3,0.2147700983757383,0.21423613,-0.0005339730257398201,0.0005339730257398201
1I6C.pdb,P4N,3,0.4504448960320397,0.39067858,-0.05976631145638661,0.05976631145638661
1I6C.pdb,P4H,3,0.1932587998767569,0.25237903,0.059120230112485656,0.059120230112485656
1I6C.pdb,P4D,3,0.3227333004269457,0.39440683,0.07167352487708567,0.07167352487708567
1I6C.pdb,P4R,3,0.5610343826797197,0.4484535,-0.11258089671399096,0.11258089671399096
1I6C.pdb,P4K,3,0.5516096648879936,0.33717,-0.21443966004332804,0.21443966004332804
1I6C.pdb,P4T,3,0.4998066543666939,0.316679,-0.18312765351220173,0.18312765351220173
1I6C.pdb,P4S,3,0.5886336590583021,0.3114327,-0.27720096962997265,0.27720096962997265
1I6C.pdb,P4A,3,0.2312723301379211,0.17255019,-0.05872214362306666,0.05872214362306666
1I6C.pdb,P4G,3,0.7860763524380194,0.48945877,-0.2966175828781592,0.2966175828781592
1I6C.pdb,P4M,3,0.3511638201513118,0.32144743,-0.0297163881101436,0.0297163881101436
1I6C.pdb,P4L,3,0.4072920037664145,0.2665907,-0.14070128931176362,0.14070128931176362
1I6C.pdb,P4V,3,0.4197096393787702,0.082609326,-0.3371003137314161,0.3371003137314161
1I6C.pdb,P4I,3,0.4491534792648357,0.19489294,-0.25426053635940965,0.25426053635940965
1I6C.pdb,P4W,3,0.1060760914828877,0.107705474,0.0016293824169536092,0.0016293824169536092
1I6C.pdb,P4Y,3,0.0292551638385587,0.17584708,0.14659191949159572,0.14659191949159572
1I6C.pdb,P4F,3,-0.0200095023247168,0.20289904,0.2229085411163733,0.2229085411163733
1I6C.pdb,G5Q,4,1.087684006202136,2.1415045,1.0538205199361697,1.0538205199361697
1I6C.pdb,G5E,4,0.9606653260361546,2.005717,1.0450517130721217,1.0450517130721217
1I6C.pdb,G5N,4,0.6862392608183405,1.5904274,0.9041881378633001,0.9041881378633001
1I6C.pdb,G5H,4,0.4691445925587929,1.7023823,1.2332377335673057,1.2332377335673057
1I6C.pdb,G5D,4,1.1096631459475863,1.5854228,0.4757596083401334,0.4757596083401334
1I6C.pdb,G5R,4,1.8777926716631823,2.2791498,0.401357099073512,0.401357099073512
1I6C.pdb,G5K,4,1.9376132441704268,2.2094145,0.2718012379462724,0.2718012379462724
1I6C.pdb,G5T,4,1.850803197315763,2.2525797,0.40177649171011587,0.40177649171011587
1I6C.pdb,G5S,4,1.3617879637882604,1.9878266,0.6260386219813929,0.6260386219813929
1I6C.pdb,G5A,4,1.1550705519624216,2.0109415,0.8558709534697073,0.8558709534697073
1I6C.pdb,G5M,4,1.1749774099941128,1.9405196,0.7655421613102085,0.7655421613102085
1I6C.pdb,G5L,4,1.6027094211519777,1.8353628,0.232653370863098,0.232653370863098
1I6C.pdb,G5V,4,1.597220587483802,2.1016138,0.5043931725107049,0.5043931725107049
1I6C.pdb,G5I,4,1.6722845310898802,2.2753174,0.6030328994063356,0.6030328994063356
1I6C.pdb,G5W,4,0.941656820637342,1.5860667,0.644409902232531,0.644409902232531
1I6C.pdb,G5Y,4,0.8109003403373687,1.3540936,0.5431932112983735,0.5431932112983735
1I6C.pdb,G5F,4,0.6604437539848713,1.1923106,0.5318668176856609,0.5318668176856609
1I6C.pdb,G5P,4,0.5046178197106015,2.5857792,2.0811613703528753,2.0811613703528753
1I6C.pdb,W6Q,5,2.1073712296048623,2.7083373,0.600966077371456,0.600966077371456
1I6C.pdb,W6E,5,2.45168457332904,3.0047288,0.5530442207688604,0.5530442207688604
1I6C.pdb,W6N,5,2.4128897058679795,2.696661,0.283771289615419,0.283771289615419
1I6C.pdb,W6H,5,2.316305275188029,2.1857762,-0.13052904151493339,0.13052904151493339
1I6C.pdb,W6D,5,2.102047531281457,2.871801,0.7697533682241584,0.7697533682241584
1I6C.pdb,W6R,5,2.1878827540261803,2.8445683,0.6566854985372963,0.6566854985372963
1I6C.pdb,W6K,5,2.2735610037279543,2.911411,0.6378500432538572,0.6378500432538572
1I6C.pdb,W6T,5,2.1703239092851536,2.02251,-0.1478138575578587,0.1478138575578587
1I6C.pdb,W6S,5,2.5348589301972586,2.532607,-0.0022518516450125148,0.0022518516450125148
1I6C.pdb,W6A,5,2.6592606499436333,2.0728755,-0.5863851502182915,0.5863851502182915
1I6C.pdb,W6G,5,2.506289244987028,3.185533,0.6792438017353839,0.6792438017353839
1I6C.pdb,W6M,5,2.315985445556086,1.9410431,-0.3749423070520579,0.3749423070520579
1I6C.pdb,W6L,5,2.0036951333479056,1.7518952,-0.2517999440626273,0.2517999440626273
1I6C.pdb,W6V,5,2.0518294647175197,1.6347389,-0.4170905425983791,0.4170905425983791
1I6C.pdb,W6I,5,2.1886242527311124,1.5253098,-0.6633144516294278,0.6633144516294278
1I6C.pdb,W6Y,5,1.7549025335837904,0.9279196,-0.8269829073478285,0.8269829073478285
1I6C.pdb,W6F,5,1.8953713497231743,0.81742084,-1.0779505094598076,1.0779505094598076
1I6C.pdb,W6P,5,2.285071474431174,2.7430012,0.45792974817929943,0.45792974817929943
1I6C.pdb,E7Q,6,0.459446024561972,0.44390285,-0.015543174410909966,0.015543174410909966
1I6C.pdb,E7N,6,1.0803705974114794,1.2435985,0.1632278637396436,0.1632278637396436
1I6C.pdb,E7H,6,0.2413732481794266,0.798347,0.5569737481279464,0.5569737481279464
1I6C.pdb,E7D,6,1.237380082191084,1.116788,-0.12059205252036875,0.12059205252036875
1I6C.pdb,E7R,6,0.7153414259583808,1.1572541,0.44191267388750544,0.44191267388750544
1I6C.pdb,E7K,6,0.8551834139955261,1.0941718,0.23898834847090455,0.23898834847090455
1I6C.pdb,E7T,6,0.2050271728456882,0.3826509,0.17762373896232572,0.17762373896232572
1I6C.pdb,E7S,6,0.3020953950541329,0.7712513,0.4691559257847953,0.4691559257847953
1I6C.pdb,E7A,6,0.7296349496310301,0.8560879,0.1264529734188966,0.1264529734188966
1I6C.pdb,E7G,6,1.118953293695801,1.4439316,0.32497828589404265,0.32497828589404265
1I6C.pdb,E7M,6,0.5777157802604704,0.42901066,-0.14870512080421738,0.14870512080421738
1I6C.pdb,E7L,6,0.5281331683856774,0.5527929,0.02465973837549207,0.02465973837549207
1I6C.pdb,E7V,6,-0.0851277124560354,-0.119059145,-0.03393143299455664,0.03393143299455664
1I6C.pdb,E7I,6,0.0736847944121126,0.013510525,-0.06017426918551959,0.06017426918551959
1I6C.pdb,E7W,6,0.99381659639301,0.6000026,-0.39381400955142676,0.39381400955142676
1I6C.pdb,E7Y,6,0.6741593940621322,0.53027046,-0.14388893679437098,0.14388893679437098
1I6C.pdb,E7F,6,0.7222941124125315,0.53792524,-0.18436886903484595,0.18436886903484595
1I6C.pdb,E7P,6,2.042546718500198,2.456795,0.41424825868791215,0.41424825868791215
1I6C.pdb,E7C,6,0.0604963704437602,0.2912465,0.23075013314777726,0.23075013314777726
1I6C.pdb,K8Q,7,-0.0526661049565011,-0.15587978,-0.10321367569363776,0.10321367569363776
1I6C.pdb,K8E,7,0.0964292875301384,0.066592984,-0.029836303628637692,0.029836303628637692
1I6C.pdb,K8N,7,1.8349196908512748,1.1162045,-0.7187151906529106,0.7187151906529106
1I6C.pdb,K8H,7,1.0558147062402845,0.49078143,-0.565033279810536,0.565033279810536
1I6C.pdb,K8D,7,1.8397903402273943,1.4779261,-0.3618642051642229,0.3618642051642229
1I6C.pdb,K8R,7,-0.1100667573237927,0.14554492,0.25561167371516536,0.25561167371516536
1I6C.pdb,K8T,7,0.3384008389657489,-0.030232564,-0.3686334025805942,0.3686334025805942
1I6C.pdb,K8S,7,0.6488752213764044,0.46530712,-0.18356810486792052,0.18356810486792052
1I6C.pdb,K8A,7,-0.1270961834337112,0.14958706,0.2766832484151718,0.2766832484151718
1I6C.pdb,K8G,7,1.0504019680433778,1.2188358,0.16843386264509874,0.16843386264509874
1I6C.pdb,K8M,7,-0.491678967652025,-0.4171688,0.07451017158955553,0.07451017158955553
1I6C.pdb,K8L,7,-0.2125740582548569,-0.40936738,-0.1967933242715408,0.1967933242715408
1I6C.pdb,K8V,7,-0.2861457414771848,-0.69650745,-0.41036171244127223,0.41036171244127223
1I6C.pdb,K8I,7,-0.2037189810969391,-0.6310039,-0.42728493516664123,0.42728493516664123
1I6C.pdb,K8W,7,0.5889201622671414,-0.084214926,-0.6731350880331326,0.6731350880331326
1I6C.pdb,K8Y,7,0.5680524570107166,-0.090124995,-0.6581774515270893,0.6581774515270893
1I6C.pdb,K8F,7,0.7072358061843405,-0.055198267,-0.762434073286582,0.762434073286582
1I6C.pdb,K8P,7,0.4876971052965078,1.4264944,0.938797254673585,0.938797254673585
1I6C.pdb,R9Q,8,1.4318110822858667,0.86849296,-0.5633181213559961,0.5633181213559961
1I6C.pdb,R9E,8,1.901793923039589,1.6856859,-0.21610805000797284,0.21610805000797284
1I6C.pdb,R9N,8,1.8541880277466207,1.5220329,-0.3321551708053976,0.3321551708053976
1I6C.pdb,R9H,8,0.7724810961819379,1.0154334,0.24295233448975395,0.24295233448975395
1I6C.pdb,R9D,8,2.309921288500901,2.55098,0.24105880259406964,0.24105880259406964
1I6C.pdb,R9K,8,0.5149249194538044,0.3724659,-0.1424590109264301,0.1424590109264301
1I6C.pdb,R9T,8,1.458225977512687,1.2817948,-0.17643119105943983,0.17643119105943983
1I6C.pdb,R9S,8,1.5982261304063743,1.3670144,-0.23121172229480202,0.23121172229480202
1I6C.pdb,R9A,8,1.2601704419376976,0.96566105,-0.2945093930485374,0.2945093930485374
1I6C.pdb,R9G,8,1.62725380751494,1.759975,0.13272114899751108,0.13272114899751108
1I6C.pdb,R9M,8,0.8127951705492746,0.41742897,-0.3953662002123606,0.3953662002123606
1I6C.pdb,R9L,8,0.7334457955260603,0.35770202,-0.3757437786956159,0.3757437786956159
1I6C.pdb,R9V,8,0.8510005731650514,0.76322025,-0.08778032255851453,0.08778032255851453
1I6C.pdb,R9I,8,0.7751648117922689,0.73491645,-0.04024836319912928,0.04024836319912928
1I6C.pdb,R9W,8,1.5498729340312072,0.6924616,-0.8574113241908141,0.8574113241908141
1I6C.pdb,R9Y,8,0.7206532304148476,0.48737836,-0.23327487157390525,0.23327487157390525
1I6C.pdb,R9F,8,0.8665730546587858,0.7788078,-0.08776523576916784,0.08776523576916784
1I6C.pdb,R9P,8,2.5310214479423268,2.6479082,0.11688676281206778,0.11688676281206778
1I6C.pdb,R9C,8,-0.198473093406958,0.51976,0.718233106033606,0.718233106033606
1I6C.pdb,M10Q,9,0.249271464628747,0.35598618,0.10671471329254817,0.10671471329254817
1I6C.pdb,M10E,9,0.4759659571094159,0.6280016,0.1520356135921832,0.1520356135921832
1I6C.pdb,M10N,9,0.7022201215483319,1.0822766,0.3800564611695636,0.3800564611695636
1I6C.pdb,M10H,9,0.2499634457347606,0.6303537,0.380390243458965,0.380390243458965
1I6C.pdb,M10D,9,1.3542634163582985,1.3811562,0.026892789772682946,0.026892789772682946
1I6C.pdb,M10R,9,-0.2153306806263835,0.48857296,0.7039036357579143,0.7039036357579143
1I6C.pdb,M10K,9,-0.0094127417507809,0.48698258,0.4963953257504147,0.4963953257504147
1I6C.pdb,M10T,9,-0.1438592209874127,0.0027005076,0.1465597286282513,0.1465597286282513
1I6C.pdb,M10S,9,0.5357995078876274,0.78718865,0.25138914128992385,0.25138914128992385
1I6C.pdb,M10A,9,0.547679835975418,0.7678982,0.22021836596702582,0.22021836596702582
1I6C.pdb,M10G,9,1.3585918761000872,1.5611573,0.2025654696717023,0.2025654696717023
1I6C.pdb,M10L,9,-0.1144320209013209,0.03918141,0.1536134321676478,0.1536134321676478
1I6C.pdb,M10V,9,-0.5011292758346615,-0.23923069,0.2618985834480343,0.2618985834480343
1I6C.pdb,M10I,9,-0.6271215018528169,-0.39106482,0.2360566791790193,0.2360566791790193
1I6C.pdb,M10W,9,-0.551977625049989,0.050847173,0.6028247977871106,0.6028247977871106
1I6C.pdb,M10Y,9,-0.6607041451957931,0.11847615,0.7791802976158371,0.7791802976158371
1I6C.pdb,M10F,9,-0.517007149444872,0.046246648,0.5632537972796499,0.5632537972796499
1I6C.pdb,M10P,9,1.3663202820447142,1.7867517,0.4204314650866334,0.4204314650866334
1I6C.pdb,S11Q,10,0.0309405971355722,1.0581204,1.0271797727756216,1.0271797727756216
1I6C.pdb,S11E,10,0.0315305526210027,0.6582931,0.6267625753926082,0.6267625753926082
1I6C.pdb,S11N,10,0.4181226747984901,0.12885922,-0.28926345286321786,0.28926345286321786
1I6C.pdb,S11H,10,-0.309635903078945,1.0021684,1.3118043200558738,1.3118043200558738
1I6C.pdb,S11D,10,-0.5190313874306298,-0.117260456,0.40177093134542474,0.40177093134542474
1I6C.pdb,S11R,10,0.9540863504870464,1.334079,0.37999267668885695,0.37999267668885695
1I6C.pdb,S11K,10,0.9565904360507128,1.4641273,0.507536866119087,0.507536866119087
1I6C.pdb,S11T,10,0.209328688462163,0.77257764,0.5632489549323072,0.5632489549323072
1I6C.pdb,S11A,10,0.218089264811141,0.49846977,0.2803805051435404,0.2803805051435404
1I6C.pdb,S11G,10,0.8079068121848283,0.91488385,0.10697703982017659,0.10697703982017659
1I6C.pdb,S11M,10,0.0610895235818,1.1702889,1.1091993968207268,1.1091993968207268
1I6C.pdb,S11L,10,0.0054105276750249,0.94280076,0.9373902325941401,0.9373902325941401
1I6C.pdb,S11V,10,0.1021327697725853,1.3816801,1.2795473611859718,1.2795473611859718
1I6C.pdb,S11I,10,0.0118644048063432,1.4099833,1.3981188725145186,1.3981188725145186
1I6C.pdb,S11W,10,0.5458737489129972,1.51863,0.9727562788579989,0.9727562788579989
1I6C.pdb,S11Y,10,0.3149534766435269,1.5313187,1.2163651879072543,1.2163651879072543
1I6C.pdb,S11F,10,0.3717377137928519,1.7527138,1.3809760856837716,1.3809760856837716
1I6C.pdb,S11P,10,1.671081501139184,1.7055371,0.03445557962558654,0.03445557962558654
1I6C.pdb,R12Q,11,0.0577783155516304,0.10708751,0.049309192292340855,0.049309192292340855
1I6C.pdb,R12E,11,0.1313333302024202,0.12632476,-0.005008572268803552,0.005008572268803552
1I6C.pdb,R12N,11,0.2798626573639682,0.20497149,-0.07489116507347138,0.07489116507347138
1I6C.pdb,R12H,11,0.1080445664660429,0.18248993,0.07444536511736165,0.07444536511736165
1I6C.pdb,R12D,11,0.4132396025089166,0.33490005,-0.07833955115355468,0.07833955115355468
1I6C.pdb,R12K,11,0.0102421437742279,-0.041917324,-0.05215946784039001,0.05215946784039001
1I6C.pdb,R12T,11,0.0973429793199072,0.16512746,0.06778447686829471,0.06778447686829471
1I6C.pdb,R12S,11,0.1101581539835283,0.0355196,-0.07463855406897751,0.07463855406897751
1I6C.pdb,R12A,11,-0.1690166309383167,0.002170384,0.171187014868523,0.171187014868523
1I6C.pdb,R12G,11,0.3467921926769566,0.21006523,-0.13672696194976086,0.13672696194976086
1I6C.pdb,R12M,11,-0.0016277879306012,0.13191314,0.13354092834674652,0.13354092834674652
1I6C.pdb,R12L,11,-0.1632110195692719,0.030588426,0.19379944526516804,0.19379944526516804
1I6C.pdb,R12V,11,-0.0112456221342513,0.17847835,0.18972396740917652,0.18972396740917652
1I6C.pdb,R12I,11,0.0021417383239903,0.20300695,0.20086521467703203,0.20086521467703203
1I6C.pdb,R12W,11,0.5046179561136592,0.06679848,-0.43781947774871477,0.43781947774871477
1I6C.pdb,R12Y,11,0.1834826368943032,0.16995499,-0.013527651514130462,0.013527651514130462
1I6C.pdb,R12F,11,0.4115103205076107,0.250029,-0.1614813228479275,0.1614813228479275
1I6C.pdb,R12P,11,-0.0855119689787859,-0.15767308,-0.07216110681638775,0.07216110681638775
1I6C.pdb,S13Q,12,0.1659488737067889,-0.04771751,-0.21366638536068905,0.21366638536068905
1I6C.pdb,S13E,12,0.1981112533278421,0.002967298,-0.19514395529698883,0.19514395529698883
1I6C.pdb,S13N,12,0.2158874301448072,0.09169931,-0.12418812049772393,0.12418812049772393
1I6C.pdb,S13H,12,-0.0025502307414959,0.05737625,0.05992648136615258,0.05992648136615258
1I6C.pdb,S13D,12,0.2470990599334166,0.13174799,-0.11535106908678269,0.11535106908678269
1I6C.pdb,S13R,12,-0.2615670710386562,0.053140767,0.3147078379573154,0.3147078379573154
1I6C.pdb,S13K,12,-0.2748949921407981,-0.020747766,0.25414722624209357,0.25414722624209357
1I6C.pdb,S13T,12,-0.0724896695016017,0.11404892,0.18653859007340573,0.18653859007340573
1I6C.pdb,S13A,12,0.0339994142401378,-0.088569984,-0.12256939808012651,0.12256939808012651
1I6C.pdb,S13G,12,0.0710191965163868,0.24186923,0.1708500295816738,0.1708500295816738
1I6C.pdb,S13M,12,0.2917093136655231,0.023559064,-0.2681502499925037,0.2681502499925037
1I6C.pdb,S13L,12,0.0620322758494755,0.040627263,-0.021405012363090156,0.021405012363090156
1I6C.pdb,S13V,12,-0.0960956601372795,0.1675925,0.26368815581713484,0.26368815581713484
1I6C.pdb,S13I,12,-0.159242077361895,0.08429807,0.24354014415676728,0.24354014415676728
1I6C.pdb,S13W,12,0.4417471550127643,0.06813483,-0.3736123256107944,0.3736123256107944
1I6C.pdb,S13Y,12,0.0319181670890271,0.13778031,0.1058621416344226,0.1058621416344226
1I6C.pdb,S13F,12,0.077452647970623,0.1806343,0.10318165691047289,0.10318165691047289
1I6C.pdb,S13P,12,0.1283939278654298,0.8464505,0.7180565797754088,0.7180565797754088
1I6C.pdb,S14Q,13,0.486976612035483,0.93080556,0.4438289518912138,0.4438289518912138
1I6C.pdb,S14E,13,0.5508066668221052,0.8334212,0.2826145038894121,0.2826145038894121
1I6C.pdb,S14N,13,0.1952608600347609,-0.031291425,-0.2265522852628798,0.2265522852628798
1I6C.pdb,S14H,13,0.2691254312342011,0.6994743,0.430348843877951,0.430348843877951
1I6C.pdb,S14D,13,0.235072781406433,-0.020653784,-0.25572656568148794,0.25572656568148794
1I6C.pdb,S14R,13,0.6041407392813456,1.0283542,0.4242134286568868,0.4242134286568868
1I6C.pdb,S14K,13,0.6030421179548258,1.0674481,0.46440602123584807,0.46440602123584807
1I6C.pdb,S14T,13,-0.1912460266777529,-0.07957631,0.11166971318211691,0.11166971318211691
1I6C.pdb,S14A,13,0.5678598008179485,0.84935117,0.2814913668608845,0.2814913668608845
1I6C.pdb,S14G,13,0.3857721459627723,0.74057794,0.35480579020971303,0.35480579020971303
1I6C.pdb,S14M,13,0.5827148932358428,1.0080161,0.42530121623070993,0.42530121623070993
1I6C.pdb,S14L,13,0.2960813101225379,1.0747485,0.7786672059602258,0.7786672059602258
1I6C.pdb,S14V,13,0.791442397332693,1.0766811,0.285238739752268,0.285238739752268
1I6C.pdb,S14I,13,0.8752489972298214,1.1534789,0.2782298636252811,0.2782298636252811
1I6C.pdb,S14W,13,0.8177445789993918,0.78095025,-0.03679433075796723,0.03679433075796723
1I6C.pdb,S14Y,13,0.5301060451797026,0.7878824,0.25777634245838943,0.25777634245838943
1I6C.pdb,S14F,13,0.5168008670360658,0.74085116,0.22405029682806998,0.22405029682806998
1I6C.pdb,S14P,13,1.111081072097547,1.6296806,0.5185995614473748,0.5185995614473748
1I6C.pdb,S14C,13,-0.0334715199818629,0.2723164,0.3057879162182826,0.3057879162182826
1I6C.pdb,G15Q,14,0.6731069242745265,0.73718596,0.06407903077308097,0.06407903077308097
1I6C.pdb,G15E,14,1.2009315103177165,1.2214543,0.020522752415742973,0.020522752415742973
1I6C.pdb,G15N,14,0.5077329878617158,0.50098217,-0.006750822525106948,0.006750822525106948
1I6C.pdb,G15H,14,0.6836636042918738,0.6860255,0.0023618960056726035,0.0023618960056726035
1I6C.pdb,G15D,14,1.0700986005261808,1.1823308,0.11223224626031825,0.11223224626031825
1I6C.pdb,G15R,14,0.5868284848534948,0.90102637,0.3141978832876795,0.3141978832876795
1I6C.pdb,G15K,14,0.548887845378029,0.7823387,0.23345083345879347,0.23345083345879347
1I6C.pdb,G15T,14,1.4541844711629923,1.5835946,0.12941008946017662,0.12941008946017662
1I6C.pdb,G15S,14,1.012895064994095,1.0137142,0.0008191293036954317,0.0008191293036954317
1I6C.pdb,G15A,14,0.9651649372081036,1.0567093,0.09154435234267766,0.09154435234267766
1I6C.pdb,G15M,14,0.8483777798904599,0.9493907,0.10101292950971708,0.10101292950971708
1I6C.pdb,G15L,14,1.0187993150437142,1.0256085,0.0068092245375845906,0.0068092245375845906
1I6C.pdb,G15V,14,1.29752567738523,1.7066946,0.40916892558107865,0.40916892558107865
1I6C.pdb,G15I,14,1.695253196271915,1.8235736,0.1283203930530361,0.1283203930530361
1I6C.pdb,G15W,14,1.4743338752100588,1.0939981,-0.3803358006785036,0.3803358006785036
1I6C.pdb,G15Y,14,1.419983092925926,1.1080347,-0.3119483629683455,0.3119483629683455
1I6C.pdb,G15F,14,1.2643959646843297,0.9364548,-0.32794119173511094,0.32794119173511094
1I6C.pdb,G15P,14,1.617285238030837,2.0138474,0.39656211304338185,0.39656211304338185
1I6C.pdb,R16Q,15,0.5863006573521059,0.33854088,-0.24775977547992878,0.24775977547992878
1I6C.pdb,R16E,15,0.9235469297992274,0.8456876,-0.07785930200686897,0.07785930200686897
1I6C.pdb,R16N,15,1.1580069112450246,0.7346067,-0.4234002279907827,0.4234002279907827
1I6C.pdb,R16H,15,0.8228831591190224,0.5254093,-0.29747387786520774,0.29747387786520774
1I6C.pdb,R16D,15,1.5026316675696416,1.3396544,-0.16297722192144826,0.16297722192144826
1I6C.pdb,R16K,15,0.2429257401789337,0.18103164,-0.06189409583460387,0.06189409583460387
1I6C.pdb,R16T,15,0.8871820292752326,0.75713235,-0.13004967787676458,0.13004967787676458
1I6C.pdb,R16S,15,1.1206542773258032,0.7245239,-0.39613037538641116,0.39613037538641116
1I6C.pdb,R16A,15,0.6991713286878021,0.52791923,-0.17125209584249568,0.17125209584249568
1I6C.pdb,R16G,15,1.4596586047659956,1.1942255,-0.26543305506811965,0.26543305506811965
1I6C.pdb,R16M,15,0.7629011798185621,0.2400764,-0.5228247869295393,0.5228247869295393
1I6C.pdb,R16L,15,0.5416448007570522,0.3368852,-0.20475958690512353,0.20475958690512353
1I6C.pdb,R16V,15,0.8690853236133247,0.6090044,-0.26008094529453807,0.26008094529453807
1I6C.pdb,R16I,15,0.825838732108684,0.4753155,-0.3505232208820299,0.3505232208820299
1I6C.pdb,R16W,15,1.0626632343158715,0.58041453,-0.4822487007007592,0.4822487007007592
1I6C.pdb,R16Y,15,1.0354006115542504,0.48424196,-0.5511586491213891,0.5511586491213891
1I6C.pdb,R16F,15,0.7839675253808189,0.6098076,-0.17415991486903915,0.17415991486903915
1I6C.pdb,R16P,15,2.194590946414201,2.6879892,0.49339828851011536,0.49339828851011536
1I6C.pdb,V17Q,16,0.9103966496950372,0.7273886,-0.18300802931845028,0.18300802931845028
1I6C.pdb,V17E,16,0.4890235105098821,0.6133462,0.1243227085529231,0.1243227085529231
1I6C.pdb,V17N,16,1.1229105470817418,1.3040559,0.1811453821022182,0.1811453821022182
1I6C.pdb,V17H,16,0.5967598134043242,0.73025113,0.1334913200376009,0.1334913200376009
1I6C.pdb,V17D,16,1.297056792078883,1.1591711,-0.13788568764773057,0.13788568764773057
1I6C.pdb,V17R,16,1.2677851566633835,1.170496,-0.09728916972490698,0.09728916972490698
1I6C.pdb,V17K,16,1.2650761812823097,0.97916895,-0.28590722977092664,0.28590722977092664
1I6C.pdb,V17T,16,0.375120698091766,0.44469362,0.0695729268815311,0.0695729268815311
1I6C.pdb,V17S,16,0.7522108427312855,0.8773502,0.12513936841220819,0.12513936841220819
1I6C.pdb,V17A,16,0.5987869647985198,0.54403955,-0.05474741735512989,0.05474741735512989
1I6C.pdb,V17G,16,1.5804646556778237,1.2671525,-0.31331210784151997,0.31331210784151997
1I6C.pdb,V17M,16,0.5173854271296943,0.32553148,-0.19185394443316106,0.19185394443316106
1I6C.pdb,V17L,16,0.7249374825118751,0.23199153,-0.4929459530471534,0.4929459530471534
1I6C.pdb,V17I,16,-0.0559158741646017,0.06795731,0.1238731860332693,0.1238731860332693
1I6C.pdb,V17W,16,-0.0022701577085681,-0.07263112,-0.0703609629731946,0.0703609629731946
1I6C.pdb,V17Y,16,0.0976745869468809,0.11939174,0.02171715242155782,0.02171715242155782
1I6C.pdb,V17F,16,0.2387556510833297,0.103984594,-0.13477105673823692,0.13477105673823692
1I6C.pdb,V17P,16,0.4805012073584316,1.1652595,0.6847582731179478,0.6847582731179478
1I6C.pdb,Y18Q,17,2.330970515645236,2.167318,-0.16365240994760422,0.16365240994760422
1I6C.pdb,Y18E,17,1.929199883996892,2.589267,0.6600671314602613,0.6600671314602613
1I6C.pdb,Y18N,17,2.8215642847290634,2.86729,0.04572573525995027,0.04572573525995027
1I6C.pdb,Y18H,17,2.00266965670496,1.5784663,-0.42420336050897633,0.42420336050897633
1I6C.pdb,Y18D,17,2.677374124753252,3.1436856,0.46631145454667466,0.46631145454667466
1I6C.pdb,Y18R,17,1.7371345747154945,2.0300848,0.2929502736884362,0.2929502736884362
1I6C.pdb,Y18K,17,2.097699392461658,2.2924135,0.19471408066761464,0.19471408066761464
1I6C.pdb,Y18T,17,1.992492402602971,2.247477,0.2549846519929764,0.2549846519929764
1I6C.pdb,Y18S,17,2.167789734265109,2.496166,0.32837625656435865,0.32837625656435865
1I6C.pdb,Y18A,17,2.5529920256401764,2.269192,-0.2838000452782379,0.2838000452782379
1I6C.pdb,Y18G,17,2.880808227827311,2.7754924,-0.10531579809403446,0.10531579809403446
1I6C.pdb,Y18M,17,1.8696318093293276,1.5233226,-0.34630922708445455,0.34630922708445455
1I6C.pdb,Y18L,17,1.6943178216493695,1.658343,-0.03597486415272644,0.03597486415272644
1I6C.pdb,Y18V,17,1.759714935941766,1.6958061,-0.0639087902737363,0.0639087902737363
1I6C.pdb,Y18I,17,1.4440462364212123,1.5053514,0.061305187796011795,0.061305187796011795
1I6C.pdb,Y18W,17,0.6904101579322814,0.6507677,-0.03964247394943232,0.03964247394943232
1I6C.pdb,Y18F,17,0.352881832082788,0.34823966,-0.004642171819726482,0.004642171819726482
1I6C.pdb,Y18C,17,0.509245285387645,1.4430004,0.9337551504415176,0.9337551504415176
1I6C.pdb,Y19E,18,2.994292024688374,2.9603531,-0.03393888862575212,0.03393888862575212
1I6C.pdb,Y19H,18,2.647868625761796,2.022951,-0.6249177380817423,0.6249177380817423
1I6C.pdb,Y19D,18,3.0947565946282354,2.8450391,-0.24971746537103323,0.24971746537103323
1I6C.pdb,Y19M,18,2.9241342736857288,2.5540707,-0.3700635625498645,0.3700635625498645
1I6C.pdb,Y19L,18,2.3896921917757687,2.277687,-0.1120051190218625,0.1120051190218625
1I6C.pdb,Y19W,18,0.7144820227190363,0.77173066,0.057248638673175645,0.057248638673175645
1I6C.pdb,Y19F,18,0.5981897266412808,1.0283871,0.43019734306086765,0.43019734306086765
1I6C.pdb,Y19P,18,1.868899751253701,2.8909767,1.022076916150474,1.022076916150474
1I6C.pdb,F20Q,19,1.835060942999012,1.1224376,-0.7126233466779059,0.7126233466779059
1I6C.pdb,F20E,19,2.283631569978423,1.4086497,-0.8749818869797656,0.8749818869797656
1I6C.pdb,F20N,19,1.8904454686257584,1.8124493,-0.07799613257381743,0.07799613257381743
1I6C.pdb,F20H,19,0.5713522392700121,0.8060817,0.23472947297592905,0.23472947297592905
1I6C.pdb,F20D,19,3.14273882651768,2.102909,-1.0398297383829145,1.0398297383829145
1I6C.pdb,F20R,19,1.5476847902100894,1.3307145,-0.21697032602246735,0.21697032602246735
1I6C.pdb,F20K,19,1.3094560699412672,1.3990905,0.089634458546892,0.089634458546892
1I6C.pdb,F20T,19,1.5451552168962217,1.2099293,-0.33522586985795266,0.33522586985795266
1I6C.pdb,F20S,19,2.1174384186115853,1.4577937,-0.6596447059956185,0.6596447059956185
1I6C.pdb,F20A,19,1.9410825805864709,1.2130721,-0.7280105190477746,0.7280105190477746
1I6C.pdb,F20G,19,2.486264293673436,1.9643139,-0.5219504289654893,0.5219504289654893
1I6C.pdb,F20M,19,1.81016025817658,0.6810397,-1.1291205672052056,1.1291205672052056
1I6C.pdb,F20L,19,1.4623740800563554,0.8942186,-0.5681554564182023,0.5681554564182023
1I6C.pdb,F20V,19,0.9602459328919482,0.72879755,-0.23144837792216055,0.23144837792216055
1I6C.pdb,F20I,19,0.9865393794827786,0.62867737,-0.3578620113187161,0.3578620113187161
1I6C.pdb,F20W,19,0.386391058688815,0.08921182,-0.2971792371327237,0.2971792371327237
1I6C.pdb,F20Y,19,-0.2711115817050062,-0.078635216,0.19247636594572887,0.19247636594572887
1I6C.pdb,F20P,19,2.463050662572736,2.7311473,0.26809662670338685,0.26809662670338685
1I6C.pdb,F20C,19,0.7106176756515437,0.4379117,-0.27270598637008003,0.27270598637008003
1I6C.pdb,N21Q,20,1.6694519312442773,2.5154495,0.845997592681504,0.845997592681504
1I6C.pdb,N21E,20,2.0362281164613902,2.1257336,0.08950549750650527,0.08950549750650527
1I6C.pdb,N21H,20,1.12659803897111,1.4757001,0.34910210102827954,0.34910210102827954
1I6C.pdb,N21D,20,1.5490925389611752,1.0962154,-0.45287717164397545,0.45287717164397545
1I6C.pdb,N21R,20,1.996472467082331,2.2055871,0.20911468158405078,0.20911468158405078
1I6C.pdb,N21K,20,1.7853974780578818,2.7418382,0.9564407387237344,0.9564407387237344
1I6C.pdb,N21T,20,2.180422083535817,2.3583207,0.17789862950739588,0.17789862950739588
1I6C.pdb,N21S,20,1.146276622833533,1.6659476,0.5196709336621335,0.5196709336621335
1I6C.pdb,N21A,20,1.866467774897011,2.437745,0.5712773194023053,0.5712773194023053
1I6C.pdb,N21G,20,2.1133363217770467,2.1212878,0.007951500946342005,0.007951500946342005
1I6C.pdb,N21M,20,1.631199044346438,2.218643,0.5874439057115455,0.5874439057115455
1I6C.pdb,N21L,20,1.5347779516385915,1.93435,0.3995720620943186,0.3995720620943186
1I6C.pdb,N21V,20,1.776218638273682,1.9863924,0.2101737405333859,0.2101737405333859
1I6C.pdb,N21I,20,1.677929168021849,2.178871,0.500941748344728,0.500941748344728
1I6C.pdb,N21W,20,2.0106868676738747,2.0218642,0.011177308122634066,0.011177308122634066
1I6C.pdb,N21Y,20,1.2435961225502572,2.027469,0.7838727972037711,0.7838727972037711
1I6C.pdb,N21F,20,1.0361972907695804,1.8501023,0.813905014642712,0.813905014642712
1I6C.pdb,H22Q,21,0.291033030990989,0.60149646,0.3104634270625999,0.3104634270625999
1I6C.pdb,H22E,21,0.846576373242415,0.9026098,0.056033451891862374,0.056033451891862374
1I6C.pdb,H22N,21,0.109642231472268,0.56343234,0.4537901043813087,0.4537901043813087
1I6C.pdb,H22D,21,1.298472446805662,1.1397332,-0.1587392515007915,0.1587392515007915
1I6C.pdb,H22R,21,-0.1467635294389708,0.37689394,0.5236574670267089,0.5236574670267089
1I6C.pdb,H22K,21,-0.0994931568903578,0.46306083,0.5625539829535139,0.5625539829535139
1I6C.pdb,H22T,21,-0.430389662345477,0.2256797,0.6560693579517087,0.6560693579517087
1I6C.pdb,H22S,21,0.0432100934754648,0.44411993,0.4009098367918692,0.4009098367918692
1I6C.pdb,H22A,21,0.1749961435385509,0.7234761,0.5484799683503346,0.5484799683503346
1I6C.pdb,H22G,21,0.9264865090121048,0.9329368,0.006450278593180814,0.006450278593180814
1I6C.pdb,H22M,21,0.1896987250849831,0.6580014,0.468302697797097,0.468302697797097
1I6C.pdb,H22L,21,-0.1093462391980715,0.5260066,0.6353528185971804,0.6353528185971804
1I6C.pdb,H22V,21,-0.5024701972954819,0.37946406,0.8819342573636124,0.8819342573636124
1I6C.pdb,H22I,21,-0.4328694153531138,0.38699818,0.8198675919278209,0.8198675919278209
1I6C.pdb,H22W,21,-0.1279583465537306,0.0050339997,0.13299234623520337,0.13299234623520337
1I6C.pdb,H22Y,21,-0.2210578185895739,-0.22131154,-0.0002537208219708931,0.0002537208219708931
1I6C.pdb,H22F,21,-0.1337198404839918,0.16605613,0.29977596684011665,0.29977596684011665
1I6C.pdb,H22P,21,0.5750161435632659,1.8012847,1.226268527266507,1.226268527266507
1I6C.pdb,H22C,21,-0.4830303559071041,0.13429478,0.6173251340157009,0.6173251340157009
1I6C.pdb,I23Q,22,0.488059777241961,0.527666,0.03960619546769478,0.03960619546769478
1I6C.pdb,I23E,22,0.3362260079364645,0.8032643,0.4670383119602335,0.4670383119602335
1I6C.pdb,I23N,22,0.3880890878696494,0.7901003,0.4020111886005349,0.4020111886005349
1I6C.pdb,I23H,22,0.2808089295222009,0.6931764,0.41236745921833867,0.41236745921833867
1I6C.pdb,I23D,22,0.4514993024551246,1.0978568,0.6463574575698998,0.6463574575698998
1I6C.pdb,I23R,22,0.706790617469552,0.5641374,-0.1426532182729272,0.1426532182729272
1I6C.pdb,I23K,22,0.7480307936265327,0.5577624,-0.19026840921185983,0.19026840921185983
1I6C.pdb,I23T,22,0.5793308868312019,0.65660346,0.07727256871231614,0.07727256871231614
1I6C.pdb,I23S,22,0.8062228553105526,0.8572267,0.05100387408245277,0.05100387408245277
1I6C.pdb,I23A,22,0.5861425894295014,0.72670877,0.14056618036877744,0.14056618036877744
1I6C.pdb,I23G,22,1.1341228427402608,1.3177052,0.18358231167868455,0.18358231167868455
1I6C.pdb,I23M,22,0.49508225945468,0.3418631,-0.15321916369433453,0.15321916369433453
1I6C.pdb,I23L,22,0.0997166713557371,0.15265453,0.05293785726212179,0.05293785726212179
1I6C.pdb,I23V,22,0.2050736575725875,0.2560037,0.05093005007473611,0.05093005007473611
1I6C.pdb,I23W,22,0.5269074716450786,0.6984778,0.17157033301571856,0.17157033301571856
1I6C.pdb,I23Y,22,0.1073591507506739,0.68540907,0.5780499183106054,0.5780499183106054
1I6C.pdb,I23F,22,0.0412130497701141,0.66509515,0.6238821007006196,0.6238821007006196
1I6C.pdb,I23P,22,2.0939551302314867,2.0257597,-0.0681954332710375,0.0681954332710375
1I6C.pdb,T24Q,23,1.4089559109478254,1.241629,-0.16732690646937076,0.16732690646937076
1I6C.pdb,T24E,23,1.4332185245141391,1.4032738,-0.02994470363706392,0.02994470363706392
1I6C.pdb,T24N,23,0.8518213134582298,0.6148956,-0.23692573125913308,0.23692573125913308
1I6C.pdb,T24H,23,1.2741493122321328,1.0680912,-0.20605815813362205,0.20605815813362205
1I6C.pdb,T24D,23,0.938643851275748,0.8097919,-0.1288519287064731,0.1288519287064731
1I6C.pdb,T24R,23,1.3031224694016206,1.250834,-0.05228848121192331,0.05228848121192331
1I6C.pdb,T24K,23,1.390063760488177,1.2874739,-0.10258984348073064,0.10258984348073064
1I6C.pdb,T24S,23,0.7419523609851311,0.39106685,-0.3508855117534111,0.3508855117534111
1I6C.pdb,T24A,23,1.349382840360626,1.297771,-0.051611863340362385,0.051611863340362385
1I6C.pdb,T24G,23,1.6439623764405993,1.3595471,-0.28441523822648795,0.28441523822648795
1I6C.pdb,T24M,23,1.137155534738715,1.279279,0.14212345886785238,0.14212345886785238
1I6C.pdb,T24L,23,0.8758655467280501,1.2933205,0.4174549898854143,0.4174549898854143
1I6C.pdb,T24V,23,1.4778014598850882,1.2085564,-0.26924504623457546,0.26924504623457546
1I6C.pdb,T24I,23,1.087560449659696,1.2312467,0.1436862601639124,0.1436862601639124
1I6C.pdb,T24W,23,1.0724630389536736,1.0942351,0.021772023645508565,0.021772023645508565
1I6C.pdb,T24Y,23,1.1204347713954137,0.98523086,-0.13520390830108386,0.13520390830108386
1I6C.pdb,T24F,23,0.9892336190787888,1.0736378,0.08440422405323023,0.08440422405323023
1I6C.pdb,T24P,23,2.0687392591367435,2.1808186,0.11207929860251431,0.11207929860251431
1I6C.pdb,N25Q,24,-0.1093143209089904,0.40702254,0.5163368567099242,0.5163368567099242
1I6C.pdb,N25E,24,0.6988513340270335,0.77450323,0.07565189702155051,0.07565189702155051
1I6C.pdb,N25H,24,-0.170680493355714,0.29203278,0.46271327161880604,0.46271327161880604
1I6C.pdb,N25D,24,1.2465206899298384,0.67377716,-0.5727435269011214,0.5727435269011214
1I6C.pdb,N25R,24,-0.2625478673639327,0.52610445,0.7886523175897628,0.7886523175897628
1I6C.pdb,N25K,24,-0.3173966713815783,0.47607106,0.7934677310854052,0.7934677310854052
1I6C.pdb,N25T,24,0.7878341243984102,1.1077555,0.3199214174030425,0.3199214174030425
1I6C.pdb,N25S,24,0.4216622150368325,0.6052117,0.18354946013025125,0.18354946013025125
1I6C.pdb,N25A,24,0.5615159963038645,0.66938686,0.10787086740463159,0.10787086740463159
1I6C.pdb,N25G,24,-0.7126084978941876,0.024232328,0.7368408258322674,0.7368408258322674
1I6C.pdb,N25M,24,-0.1100289561389491,0.50108534,0.6111142971156642,0.6111142971156642
1I6C.pdb,N25L,24,-0.0515777669870791,0.5985803,0.6501580677950319,0.6501580677950319
1I6C.pdb,N25V,24,1.3020725276227163,1.1861185,-0.1159540440793203,0.1159540440793203
1I6C.pdb,N25I,24,1.089880418304377,1.3181436,0.228263187881536,0.228263187881536
1I6C.pdb,N25W,24,0.4693250912956535,0.70943314,0.24010804707486044,0.24010804707486044
1I6C.pdb,N25Y,24,0.3375554477029254,0.70719075,0.36963530432649355,0.36963530432649355
1I6C.pdb,N25F,24,0.1695012143406202,0.63595307,0.4664518543925951,0.4664518543925951
1I6C.pdb,N25P,24,2.3580124478365283,1.9162633,-0.4417491059328418,0.4417491059328418
1I6C.pdb,A26Q,25,-0.406031141181443,-0.3709262,0.035104939837906635,0.035104939837906635
1I6C.pdb,A26E,25,-0.1703641300352303,-0.23793104,-0.0675669128743919,0.0675669128743919
1I6C.pdb,A26N,25,0.5129846327351122,0.18803972,-0.324944912676671,0.324944912676671
1I6C.pdb,A26H,25,-0.1476419370546473,0.0051764175,0.15281835458423026,0.15281835458423026
1I6C.pdb,A26D,25,0.488144665950283,0.22912727,-0.25901739298675913,0.25901739298675913
1I6C.pdb,A26R,25,-0.1575600965289769,-0.019426119,0.1381339779464898,0.1381339779464898
1I6C.pdb,A26K,25,-0.3241221313277469,-0.099461764,0.22466036723053318,0.22466036723053318
1I6C.pdb,A26T,25,-0.1130623953730234,-0.15815297,-0.04509057231839811,0.04509057231839811
1I6C.pdb,A26S,25,0.2832999834129586,-0.0010680966,-0.2843680800208821,0.2843680800208821
1I6C.pdb,A26G,25,0.7455202696957834,0.519532,-0.22598824483540136,0.22598824483540136
1I6C.pdb,A26M,25,-0.1664433614812748,-0.30011317,-0.13366980985776022,0.13366980985776022
1I6C.pdb,A26L,25,-0.0245410556319747,-0.13338026,-0.10883920841183328,0.10883920841183328
1I6C.pdb,A26V,25,-0.2698191321045948,-0.04832854,0.22149059088536033,0.22149059088536033
1I6C.pdb,A26I,25,-0.1913491865088099,-0.14370239,0.04764679869905647,0.04764679869905647
1I6C.pdb,A26W,25,0.2864746880155193,0.017316997,-0.26915769096428027,0.26915769096428027
1I6C.pdb,A26Y,25,0.4715519538049357,-0.023854569,-0.4954065224055903,0.4954065224055903
1I6C.pdb,A26F,25,0.2994408795810381,0.021567607,-0.2778732722825447,0.2778732722825447
1I6C.pdb,A26P,25,2.40156711001125,1.7776394,-0.623927720973164,0.623927720973164
1I6C.pdb,S27Q,26,0.431426935227603,-0.03050787,-0.4619348052460852,0.4619348052460852
1I6C.pdb,S27E,26,0.9391267450708832,0.14802808,-0.7910986693758454,0.7910986693758454
1I6C.pdb,S27N,26,1.108256225199844,0.6538568,-0.4543994112922207,0.4543994112922207
1I6C.pdb,S27H,26,0.1094550230576283,0.083232895,-0.026222128517795235,0.026222128517795235
1I6C.pdb,S27D,26,1.6559099454077355,1.0062937,-0.649616290965902,0.649616290965902
1I6C.pdb,S27R,26,-0.3243713842211839,0.13917702,0.4635484085856553,0.4635484085856553
1I6C.pdb,S27K,26,-0.0630265353994676,0.2468408,0.30986734021476,0.30986734021476
1I6C.pdb,S27T,26,-0.0418917724853802,-0.06777628,-0.025884505175943345,0.025884505175943345
1I6C.pdb,S27A,26,-0.1318019575646434,-0.045154724,0.08664723329453805,0.08664723329453805
1I6C.pdb,S27G,26,0.9943316270394772,0.7413586,-0.25297304883436855,0.25297304883436855
1I6C.pdb,S27M,26,-0.4332872343676115,-0.39473173,0.03855550414490949,0.03855550414490949
1I6C.pdb,S27L,26,-0.2192782820803929,-0.0034064502,0.21587183192799575,0.21587183192799575
1I6C.pdb,S27V,26,-0.4731809980842141,-0.32250193,0.15067907047000206,0.15067907047000206
1I6C.pdb,S27I,26,-0.5424597687882979,-0.34375602,0.19870374871917562,0.19870374871917562
1I6C.pdb,S27W,26,-0.8317634926378354,-0.36738318,0.46438031058903784,0.46438031058903784
1I6C.pdb,S27Y,26,-0.2852566327015604,-0.3507234,-0.06546675310929168,0.06546675310929168
1I6C.pdb,S27F,26,-0.446123481450297,-0.37362123,0.07250225609324135,0.07250225609324135
1I6C.pdb,S27P,26,1.4927022994078376,1.5971277,0.10442537660229423,0.10442537660229423
1I6C.pdb,Q28E,27,1.5289138922061205,0.5571489,-0.9717650184001208,0.9717650184001208
1I6C.pdb,Q28N,27,1.4648059105686175,0.9985745,-0.4662314152530658,0.4662314152530658
1I6C.pdb,Q28H,27,1.228083656035827,0.79310024,-0.4349834181894525,0.4349834181894525
1I6C.pdb,Q28D,27,1.7352592751816105,1.0958408,-0.6394184634521793,0.6394184634521793
1I6C.pdb,Q28R,27,1.0230748210247924,0.5804071,-0.44266773799027703,0.44266773799027703
1I6C.pdb,Q28K,27,1.2289186889786723,0.46583143,-0.7630872602124217,0.7630872602124217
1I6C.pdb,Q28T,27,0.7666465548469605,-0.16935524,-0.9360017982914033,0.9360017982914033
1I6C.pdb,Q28S,27,0.5156552846822962,0.2898898,-0.22576547221281373,0.22576547221281373
1I6C.pdb,Q28A,27,1.060108131196834,0.3233326,-0.7367755234507096,0.7367755234507096
1I6C.pdb,Q28G,27,1.7407624454714856,0.96015626,-0.7806061835505567,0.7806061835505567
1I6C.pdb,Q28M,27,0.9188068471600308,-0.16920546,-1.088012304132153,1.088012304132153
1I6C.pdb,Q28L,27,1.405378079173474,0.3467754,-1.0586026666139647,1.0586026666139647
1I6C.pdb,Q28V,27,1.0824459777109676,0.1811037,-0.9013422713511043,0.9013422713511043
1I6C.pdb,Q28I,27,1.0598538583430197,0.12090871,-0.9389451509627249,0.9389451509627249
1I6C.pdb,Q28W,27,1.108599936759838,0.7130379,-0.39556202868259804,0.39556202868259804
1I6C.pdb,Q28Y,27,1.1308073017914269,0.6444523,-0.48635502794575425,0.48635502794575425
1I6C.pdb,Q28F,27,1.2337993807085386,0.46370965,-0.7700897282846799,0.7700897282846799
1I6C.pdb,Q28P,27,2.608670232158693,1.8369049,-0.7717653487739886,0.7717653487739886
1I6C.pdb,W29Q,28,1.1248420402606274,1.295037,0.17019499091307866,0.17019499091307866
1I6C.pdb,W29E,28,1.0616517151401108,1.1646241,0.10297237982296292,0.10297237982296292
1I6C.pdb,W29N,28,1.1001542521805128,1.1136378,0.013483552804533616,0.013483552804533616
1I6C.pdb,W29H,28,1.047571290717931,0.97453165,-0.0730396401747182,0.0730396401747182
1I6C.pdb,W29D,28,1.104798427401039,1.2480471,0.14324868601754015,0.14324868601754015
1I6C.pdb,W29R,28,0.8316966886150774,1.365376,0.5336793070209089,0.5336793070209089
1I6C.pdb,W29K,28,1.0956227528224582,1.2926371,0.19701435693401148,0.19701435693401148
1I6C.pdb,W29T,28,0.8834632724419083,0.9924926,0.10902934373469697,0.10902934373469697
1I6C.pdb,W29S,28,0.9635967409376428,1.1098481,0.14625140073258425,0.14625140073258425
1I6C.pdb,W29A,28,1.0017267998680324,1.0561874,0.05446059141309556,0.05446059141309556
1I6C.pdb,W29G,28,1.5780850650087106,1.4051516,-0.1729334594026315,0.1729334594026315
1I6C.pdb,W29M,28,0.8267140165851634,1.0858936,0.2591796143962819,0.2591796143962819
1I6C.pdb,W29L,28,0.6424687725933591,0.9945407,0.3520719187823733,0.3520719187823733
1I6C.pdb,W29V,28,0.8690959595563821,1.0638032,0.19470723639698706,0.19470723639698706
1I6C.pdb,W29I,28,0.7566372989352572,1.1472766,0.3906393410030973,0.3906393410030973
1I6C.pdb,W29Y,28,0.2133535542749021,0.57479763,0.3614440760351565,0.3614440760351565
1I6C.pdb,W29F,28,0.3993089037541566,0.46469855,0.06538964933117053,0.06538964933117053
1I6C.pdb,W29P,28,1.395382016370475,1.1140763,-0.28130575961846094,0.28130575961846094
1I6C.pdb,E30Q,29,0.3756058702858187,0.055450797,-0.32015507320482506,0.32015507320482506
1I6C.pdb,E30N,29,0.551858668391793,0.28621098,-0.26564768440017006,0.26564768440017006
1I6C.pdb,E30H,29,0.2277209633459889,0.22534776,-0.0023732060065113636,0.0023732060065113636
1I6C.pdb,E30D,29,0.3382979836466862,0.35027003,0.011972049236004256,0.011972049236004256
1I6C.pdb,E30R,29,0.561680424154688,0.2472666,-0.31441381865828144,0.31441381865828144
1I6C.pdb,E30K,29,0.6844420472174781,0.18410711,-0.5003349373131889,0.5003349373131889
1I6C.pdb,E30T,29,0.4197913081882403,0.15414128,-0.26565003111342644,0.26565003111342644
1I6C.pdb,E30S,29,0.6655054573301911,0.11706871,-0.5484367493872284,0.5484367493872284
1I6C.pdb,E30A,29,0.4904044612812841,0.1458056,-0.34459886397598627,0.34459886397598627
1I6C.pdb,E30G,29,0.7040801583054419,0.38425583,-0.3198243318322058,0.3198243318322058
1I6C.pdb,E30M,29,0.6257965727668364,0.17220622,-0.4535903497558196,0.4535903497558196
1I6C.pdb,E30L,29,0.7222248258387609,0.30045936,-0.4217654707228704,0.4217654707228704
1I6C.pdb,E30V,29,0.6959560141031544,0.2544148,-0.4415412172739308,0.4415412172739308
1I6C.pdb,E30I,29,0.7424525229907748,0.30746418,-0.4349883406139132,0.4349883406139132
1I6C.pdb,E30W,29,0.2679559316620554,0.44455093,0.17659499979164944,0.17659499979164944
1I6C.pdb,E30Y,29,0.5868891450239442,0.377662,-0.20922714198363046,0.20922714198363046
1I6C.pdb,E30F,29,0.6705607449521898,0.43641385,-0.2341468905916093,0.2341468905916093
1I6C.pdb,E30P,29,1.1261384790165292,1.459403,0.33326455900837315,0.33326455900837315
1I6C.pdb,E30C,29,0.0424010452855103,-0.030413926,-0.0728149709332459,0.0728149709332459
1I6C.pdb,R31Q,30,0.5812006364924116,0.23665199,-0.3445486496550245,0.3445486496550245
1I6C.pdb,R31E,30,0.365102622303511,0.46432394,0.09922131558940284,0.09922131558940284
1I6C.pdb,R31N,30,0.5342942403238746,1.2048564,0.6705621553975609,0.6705621553975609
1I6C.pdb,R31H,30,0.0324610254798916,0.76054627,0.7280852415527317,0.7280852415527317
1I6C.pdb,R31D,30,0.4052302678391657,1.5552504,1.150020138426093,1.150020138426093
1I6C.pdb,R31K,30,0.3120457541957671,-0.04804653,-0.3600922834888274,0.3600922834888274
1I6C.pdb,R31T,30,0.6565576713449119,0.58757824,-0.06897943428817976,0.06897943428817976
1I6C.pdb,R31S,30,0.5332806648340029,0.6759521,0.14267141207792333,0.14267141207792333
1I6C.pdb,R31A,30,0.322208753567514,0.25446317,-0.06774558756905513,0.06774558756905513
1I6C.pdb,R31G,30,1.5449165633572228,1.0343679,-0.5105486443890221,0.5105486443890221
1I6C.pdb,R31M,30,0.2425503070932217,0.3200786,0.07752830428067967,0.07752830428067967
1I6C.pdb,R31L,30,0.2733655054260093,0.37009165,0.09672614148370445,0.09672614148370445
1I6C.pdb,R31V,30,0.1878243299069835,0.16997862,-0.01784571128515733,0.01784571128515733
1I6C.pdb,R31I,30,0.2075745818681555,0.3226561,0.11508151315976808,0.11508151315976808
1I6C.pdb,R31W,30,0.1776315947152431,0.41793746,0.24030586284624983,0.24030586284624983
1I6C.pdb,R31Y,30,-0.0137672070144998,0.31100267,0.3247698787330972,0.3247698787330972
1I6C.pdb,R31F,30,-0.1749763088425076,0.42198503,0.596961339016763,0.596961339016763
1I6C.pdb,R31P,30,0.2025474923720733,0.7581164,0.5555689317116363,0.5555689317116363
1I6C.pdb,P32Q,31,1.922324711409508,2.2352314,0.3129066881266249,0.3129066881266249
1I6C.pdb,P32E,31,1.859327112749256,2.3273387,0.46801158277686694,0.46801158277686694
1I6C.pdb,P32N,31,2.015226061380854,2.2093995,0.1941734003653619,0.1941734003653619
1I6C.pdb,P32H,31,1.876119119586088,2.3608668,0.48474766546335046,0.48474766546335046
1I6C.pdb,P32D,31,2.124092433786384,2.4428573,0.3187648316860283,0.3187648316860283
1I6C.pdb,P32R,31,2.8175078348604243,2.3157606,-0.5017472223726314,0.5017472223726314
1I6C.pdb,P32K,31,1.9814705674805613,2.2166986,0.23522807906484888,0.23522807906484888
1I6C.pdb,P32T,31,1.8693262664346533,2.5175145,0.6481882008047266,0.6481882008047266
1I6C.pdb,P32S,31,2.062237110080183,2.0987968,0.03655973440223903,0.03655973440223903
1I6C.pdb,P32A,31,2.134493275977844,1.677047,-0.4574462617413939,0.4574462617413939
1I6C.pdb,P32G,31,1.971186418902112,2.134572,0.16338561021165754,0.16338561021165754
1I6C.pdb,P32M,31,2.04014007751327,1.9454281,-0.09471194450240583,0.09471194450240583
1I6C.pdb,P32L,31,1.6196867785330955,1.6419003,0.022213522446518752,0.022213522446518752
1I6C.pdb,P32V,31,2.0277370037435323,1.9626373,-0.06509969848382768,0.06509969848382768
1I6C.pdb,P32I,31,1.947608735467237,1.9710008,0.023392055128771405,0.023392055128771405
1I6C.pdb,P32W,31,1.7050424962669988,2.1817172,0.4766746610968928,0.4766746610968928
1I6C.pdb,P32Y,31,2.0488788558981543,2.1004102,0.05153136710904782,0.05153136710904782
1I6C.pdb,P32F,31,1.7320977347255706,1.943281,0.21118331977119453,0.21118331977119453
1I6C.pdb,P32C,31,1.941649099071216,1.6204753,-0.32117380686540553,0.32117380686540553
1I6C.pdb,S33Q,32,0.0119999892552846,0.08642816,0.07442816872992582,0.07442816872992582
1I6C.pdb,S33E,32,0.0467009929381525,0.10802388,0.06132288897407895,0.06132288897407895
1I6C.pdb,S33N,32,0.0242985937935489,0.001657702,-0.022640891764797527,0.022640891764797527
1I6C.pdb,S33H,32,0.3807159626177934,0.07144831,-0.30926765140811474,0.30926765140811474
1I6C.pdb,S33D,32,-0.0051965426280968,0.12256913,0.12776567149906085,0.12776567149906085
1I6C.pdb,S33R,32,0.3257899594527771,0.12982607,-0.19596389057460328,0.19596389057460328
1I6C.pdb,S33K,32,0.2357129503051744,0.07079706,-0.16491588689489226,0.16491588689489226
1I6C.pdb,S33T,32,-0.2165076208214471,0.106058225,0.3225658458571145,0.3225658458571145
1I6C.pdb,S33A,32,0.1408010567375148,0.016724467,-0.12407658945998795,0.12407658945998795
1I6C.pdb,S33G,32,0.0457220203452006,0.23659924,0.19087721638156027,0.19087721638156027
1I6C.pdb,S33M,32,0.0252558028272043,0.14906272,0.12380692009416716,0.12380692009416716
1I6C.pdb,S33L,32,0.0492746307575018,0.09872945,0.049454815772840305,0.049454815772840305
1I6C.pdb,S33V,32,-0.089052008565722,0.0066067576,0.09565876620656062,0.09565876620656062
1I6C.pdb,S33I,32,0.0580990006627937,0.029495955,-0.028603046149243895,0.028603046149243895
1I6C.pdb,S33W,32,0.1957050314488788,0.15177469,-0.043930341893710645,0.043930341893710645
1I6C.pdb,S33Y,32,0.2282669124398646,0.15908422,-0.06918269667963359,0.06918269667963359
1I6C.pdb,S33F,32,0.2073893138460807,0.25718403,0.049794714779407584,0.049794714779407584
1I6C.pdb,S33P,32,0.4195260437165193,0.1013055,-0.3182205440436296,0.3182205440436296
1I6C.pdb,G34Q,33,0.109500274854617,0.43023577,0.32073549847034943,0.32073549847034943
1I6C.pdb,G34E,33,-0.1241424532263293,0.08812916,0.21227161601472042,0.21227161601472042
1I6C.pdb,G34N,33,0.0329519836964813,0.1878525,0.15490051817272035,0.15490051817272035
1I6C.pdb,G34H,33,-0.0271100808758628,0.19784272,0.22495279804657814,0.22495279804657814
1I6C.pdb,G34D,33,-0.0391595304470033,0.040759593,0.0799191236953706,0.0799191236953706
1I6C.pdb,G34R,33,0.255398889616671,0.43778914,0.1823902525151344,0.1823902525151344
1I6C.pdb,G34K,33,0.3391209501355898,0.42627773,0.08715677675306682,0.08715677675306682
1I6C.pdb,G34T,33,0.0699146300490278,0.11083702,0.040922389930925965,0.040922389930925965
1I6C.pdb,G34S,33,-0.0339021395975049,0.066339016,0.10024115555819826,0.10024115555819826
1I6C.pdb,G34A,33,-0.1075020783982489,0.080591,0.18809307901479932,0.18809307901479932
1I6C.pdb,G34M,33,-0.109345362308594,0.22152619,0.33087155294713616,0.33087155294713616
1I6C.pdb,G34L,33,-0.0302316666781314,0.18371868,0.21395034801358062,0.21395034801358062
1I6C.pdb,G34V,33,-0.0089391005944357,0.046497904,0.055437004358683595,0.055437004358683595
1I6C.pdb,G34I,33,-0.0672181722222671,0.12794957,0.1951677378712997,0.1951677378712997
1I6C.pdb,G34W,33,-0.3981853787288658,-0.17131987,0.22686550658798138,0.22686550658798138
1I6C.pdb,G34Y,33,-0.092400975535428,-0.08685295,0.005548022697483973,0.005548022697483973
1I6C.pdb,G34F,33,-0.1883064795999054,-0.07401332,0.11429315700812379,0.11429315700812379
1I6C.pdb,G34P,33,0.0893785363694075,0.32501253,0.23563399848738875,0.23563399848738875
1I6C.pdb,N35Q,34,0.1196421035127066,0.3055631,0.1859209887190439,0.1859209887190439
1I6C.pdb,N35E,34,-0.0568484191639862,0.20964964,0.2664980565054855,0.2664980565054855
1I6C.pdb,N35H,34,0.0752372529644018,0.23564368,0.16040643189964238,0.16040643189964238
1I6C.pdb,N35D,34,-0.0575389293620047,0.022488222,0.08002715088815063,0.08002715088815063
1I6C.pdb,N35R,34,0.390849309841371,0.3634769,-0.027372407594895787,0.027372407594895787
1I6C.pdb,N35K,34,0.1266591930977125,0.2640484,0.13738920444333363,0.13738920444333363
1I6C.pdb,N35T,34,-0.034208802684887,0.15674654,0.19095533917818838,0.19095533917818838
1I6C.pdb,N35S,34,0.0191551163296193,0.07824129,0.05908617233233748,0.05908617233233748
1I6C.pdb,N35A,34,0.0073410488587954,0.1751911,0.16785005555328344,0.16785005555328344
1I6C.pdb,N35G,34,0.113892738938651,0.27432936,0.1604366253611232,0.1604366253611232
1I6C.pdb,N35M,34,0.1146628765480928,0.32861906,0.2139561863524504,0.2139561863524504
1I6C.pdb,N35L,34,0.0051755831407609,0.30648237,0.30130679152736045,0.30130679152736045
1I6C.pdb,N35V,34,0.0326884891932994,0.23131602,0.1986275259310216,0.1986275259310216
1I6C.pdb,N35I,34,0.0069603199906049,0.30690002,0.2999397044234576,0.2999397044234576
1I6C.pdb,N35W,34,0.5445544769314021,0.305261,-0.2392934908416957,0.2392934908416957
1I6C.pdb,N35Y,34,0.3651553515697241,0.31404018,-0.051115167548728024,0.051115167548728024
1I6C.pdb,N35F,34,0.0674465736410816,0.37162852,0.3041819492318432,0.3041819492318432
1I6C.pdb,N35P,34,-0.1188975843033519,0.22038662,0.3392842086395946,0.3392842086395946
1I6C.pdb,S36Q,35,0.1054797422799294,0.21846886,0.11298911751182628,0.11298911751182628
1I6C.pdb,S36E,35,-0.117156438407167,0.11380322,0.23095966118262629,0.23095966118262629
1I6C.pdb,S36N,35,0.0876555378497632,0.037504725,-0.05015081269154863,0.05015081269154863
1I6C.pdb,S36H,35,0.1769220920963792,0.13088274,-0.04603935207562726,0.04603935207562726
1I6C.pdb,S36D,35,-0.0354070857765433,0.092326835,0.1277339205744025,0.1277339205744025
1I6C.pdb,S36R,35,0.5078286197965427,0.27995935,-0.22786926897218662,0.22786926897218662
1I6C.pdb,S36K,35,0.2267841327924724,0.214953,-0.011831127478599102,0.011831127478599102
1I6C.pdb,S36T,35,-0.0046302869028833,0.15244347,0.15707375547359254,0.15707375547359254
1I6C.pdb,S36A,35,-0.0160159425533121,0.061058223,0.07707416580084017,0.07707416580084017
1I6C.pdb,S36G,35,0.0018891817556045,0.18649922,0.18461004135745548,0.18461004135745548
1I6C.pdb,S36M,35,0.0499056919723903,0.18931788,0.13941219008861433,0.13941219008861433
1I6C.pdb,S36L,35,0.0483255724277094,0.19490571,0.14658014077285975,0.14658014077285975
1I6C.pdb,S36V,35,-0.0212417348298368,0.14301014,0.16425187429516883,0.16425187429516883
1I6C.pdb,S36I,35,0.1074998720699556,0.19352214,0.0860222683137648,0.0860222683137648
1I6C.pdb,S36W,35,0.5000684809551359,0.11399022,-0.386078263507855,0.386078263507855
1I6C.pdb,S36Y,35,0.5516379243773879,0.17349069,-0.3781472361726226,0.3781472361726226
1I6C.pdb,S36F,35,0.247323236114338,0.24089262,-0.006430617219760987,0.006430617219760987
1I6C.pdb,S36P,35,0.0191283297215059,0.15192853,0.13280019942182753,0.13280019942182753
1I6C.pdb,S36C,35,-0.1824741006381867,-0.07885943,0.10361466710642553,0.10361466710642553
1I6C.pdb,S37Q,36,0.0435439573343625,0.15766019,0.11411622895637846,0.11411622895637846
1I6C.pdb,S37E,36,0.0725381273609349,0.12291291,0.05037478619993241,0.05037478619993241
1I6C.pdb,S37N,36,0.0564462231011404,0.014275484,-0.042170739314080614,0.042170739314080614
1I6C.pdb,S37H,36,0.178231446404069,0.09135146,-0.08687998946389489,0.08687998946389489
1I6C.pdb,S37D,36,0.0545408140973857,0.12791224,0.0733714241428563,0.0733714241428563
1I6C.pdb,S37T,36,0.0950747363697233,0.11197523,0.016900493906861325,0.016900493906861325
1I6C.pdb,S37A,36,-0.0551561019399553,0.019469626,0.07462572818783814,0.07462572818783814
1I6C.pdb,S37G,36,0.1397888262681217,0.1470151,0.007226268488958382,0.007226268488958382
1I6C.pdb,S37M,36,0.0788062046525586,0.13477944,0.0559732337238681,0.0559732337238681
1I6C.pdb,S37L,36,0.021566272363132,0.11874077,0.0971744948773923,0.0971744948773923
1I6C.pdb,S37V,36,0.029919351637254,0.092368826,0.06244947463284946,0.06244947463284946
1I6C.pdb,S37I,36,0.0938271487494191,0.11012771,0.016300561056546328,0.016300561056546328
1I6C.pdb,S37P,36,0.0240227906604317,0.34527552,0.3212527306179496,0.3212527306179496
1I6C.pdb,S38Q,37,0.1321903903954799,0.17071292,0.03852252764765671,0.03852252764765671
1I6C.pdb,S38E,37,0.0336550787437595,0.107657075,0.07400199618452419,0.07400199618452419
1I6C.pdb,S38N,37,0.0285839314611484,0.03726332,0.00867938743514524,0.00867938743514524
1I6C.pdb,S38H,37,0.1482149825549426,0.117743954,-0.030471028492480734,0.030471028492480734
1I6C.pdb,S38D,37,0.0402754269385852,0.102988094,0.0627126671528302,0.0627126671528302
1I6C.pdb,S38T,37,0.0207918510293501,0.13331774,0.11252588774208849,0.11252588774208849
1I6C.pdb,S38A,37,0.065201719486879,0.035483673,-0.029718046271966586,0.029718046271966586
1I6C.pdb,S38G,37,0.065956523265688,0.035307802,-0.030648721005765975,0.030648721005765975
1I6C.pdb,S38M,37,0.0334674842828359,0.15561627,0.12214878423275095,0.12214878423275095
1I6C.pdb,S38L,37,0.1101210523661277,0.13834889,0.028227839964995657,0.028227839964995657
1I6C.pdb,S38V,37,0.0009564444394198,0.1284635,0.1275070622591886,0.1275070622591886
1I6C.pdb,S38I,37,0.0541193801926347,0.17440514,0.12028576247227465,0.12028576247227465
1I6C.pdb,S38P,37,0.008048946968759,0.119161144,0.11111219693020492,0.11111219693020492
1I6C.pdb,G39Q,38,0.1102507495045266,0.16408026,0.05382951267961647,0.05382951267961647
1I6C.pdb,G39E,38,0.0392554075565323,0.11040219,0.0711467816386238,0.0711467816386238
1I6C.pdb,G39N,38,0.1068726392734751,0.005726233,-0.10114640614874212,0.10114640614874212
1I6C.pdb,G39H,38,0.1621858870150325,0.11624697,-0.04593891850726578,0.04593891850726578
1I6C.pdb,G39D,38,0.0793160307052014,0.07651094,-0.0028050872328160004,0.0028050872328160004
1I6C.pdb,G39T,38,0.1001865977377112,0.16490352,0.06471692380006956,0.06471692380006956
1I6C.pdb,G39S,38,0.0760212461459035,0.052520454,-0.023500792216002375,0.023500792216002375
1I6C.pdb,G39A,38,-0.0344821842815958,0.046370886,0.08085307054782734,0.08085307054782734
1I6C.pdb,G39M,38,0.0737080507312648,0.18961027,0.11590222191468552,0.11590222191468552
1I6C.pdb,G39L,38,0.1372421317045966,0.15465105,0.01740891409465878,0.01740891409465878
1I6C.pdb,G39V,38,0.1268997008355814,0.17333092,0.04643121711886347,0.04643121711886347
1I6C.pdb,G39I,38,0.1142113600581016,0.23420635,0.11999498859950643,0.11999498859950643
1I6C.pdb,G39P,38,0.0562934637066279,0.16434212,0.10804865658317465,0.10804865658317465
1I6C.pdb,G39C,38,-0.4627043193373135,-0.08324991,0.37945440767139704,0.37945440767139704
1V1C.pdb,F1Q,0,0.6664554080259575,0.5480053,-0.11845012514708175,0.11845012514708175
1V1C.pdb,F1E,0,0.8000293604982445,0.6265607,-0.17346867247944564,0.17346867247944564
1V1C.pdb,F1N,0,0.4766299861626288,0.34566712,-0.13096286236807314,0.13096286236807314
1V1C.pdb,F1H,0,0.2055795179574793,0.24668783,0.04110831153699701,0.04110831153699701
1V1C.pdb,F1D,0,0.8784296965494245,0.50355035,-0.37487934588337835,0.37487934588337835
1V1C.pdb,F1R,0,0.3664672024086504,0.5644692,0.19800201584543897,0.19800201584543897
1V1C.pdb,F1K,0,0.5724808309755365,0.4194103,-0.15307054264164366,0.15307054264164366
1V1C.pdb,F1T,0,0.6011570776002904,0.35911828,-0.24203879480533796,0.24203879480533796
1V1C.pdb,F1S,0,0.6791081626181672,0.2791724,-0.3999357719187806,0.3999357719187806
1V1C.pdb,F1A,0,0.5291024620086127,0.18596108,-0.3431413794309073,0.3431413794309073
1V1C.pdb,F1G,0,0.3414222396497877,0.28118443,-0.060237804759040614,0.060237804759040614
1V1C.pdb,F1M,0,0.4656999363559002,0.28300816,-0.18269177814896048,0.18269177814896048
1V1C.pdb,F1L,0,0.4094513343701824,0.26431876,-0.14513257016043507,0.14513257016043507
1V1C.pdb,F1V,0,0.610197961497537,0.27163142,-0.33856654183887613,0.33856654183887613
1V1C.pdb,F1I,0,0.5713488974436807,0.3168046,-0.25454430960264673,0.25454430960264673
1V1C.pdb,F1W,0,0.0958030027568428,0.0027664304,-0.09303657237888259,0.09303657237888259
1V1C.pdb,F1Y,0,-0.2496097513946384,0.027975708,0.27758545964086945,0.27758545964086945
1V1C.pdb,F1P,0,0.3757490716783263,-0.24911755,-0.6248666249124266,0.6248666249124266
1V1C.pdb,F1C,0,-0.1374966358710208,-0.070847094,0.06664954181203031,0.06664954181203031
1V1C.pdb,D2Q,1,0.057630599565575,0.22991039,0.17227978902333033,0.17227978902333033
1V1C.pdb,D2E,1,0.0045902240351805,0.05060588,0.046015654198729106,0.046015654198729106
1V1C.pdb,D2N,1,0.1197702594769292,0.41077286,0.2910026005732722,0.2910026005732722
1V1C.pdb,D2H,1,0.1795475912385216,0.2651988,0.08565120574901197,0.08565120574901197
1V1C.pdb,D2R,1,0.2861687626673923,0.55582064,0.2696518812344327,0.2696518812344327
1V1C.pdb,D2K,1,0.1884576840634606,0.3914572,0.2029995159868934,0.2029995159868934
1V1C.pdb,D2T,1,0.3603750467367095,0.18608618,-0.17428886891078177,0.17428886891078177
1V1C.pdb,D2S,1,0.3017087064997183,0.23054464,-0.07116406488575805,0.07116406488575805
1V1C.pdb,D2A,1,-0.1964796486489506,0.06608099,0.2625606361024113,0.2625606361024113
1V1C.pdb,D2G,1,0.0881179709360258,0.39134806,0.30323009300974446,0.30323009300974446
1V1C.pdb,D2M,1,-0.1158163378647483,0.31392574,0.42974208096777566,0.42974208096777566
1V1C.pdb,D2L,1,-0.1200642220725249,0.14500342,0.2650676451672743,0.2650676451672743
1V1C.pdb,D2V,1,0.0953569374051896,0.020344093,-0.07501284396322641,0.07501284396322641
1V1C.pdb,D2I,1,0.1796515710064481,0.14337811,-0.0362734622665952,0.0362734622665952
1V1C.pdb,D2W,1,-0.2557679337063865,-0.0015547723,0.25421316144858164,0.25421316144858164
1V1C.pdb,D2Y,1,-0.2855392791984359,0.030083671,0.31562295041063226,0.31562295041063226
1V1C.pdb,D2F,1,-0.2169733118785783,0.10218324,0.3191565495504304,0.3191565495504304
1V1C.pdb,D2P,1,-0.6977894942143159,-0.28735775,0.41043174665953686,0.41043174665953686
1V1C.pdb,D2C,1,-0.1657447178854965,-0.05744411,0.10830060737276304,0.10830060737276304
1V1C.pdb,I3Q,2,0.9328222392262128,1.1197462,0.1869239689647052,0.1869239689647052
1V1C.pdb,I3E,2,0.6710532685567596,1.0262479,0.35519459044440005,0.35519459044440005
1V1C.pdb,I3N,2,1.4618721338969711,1.81457,0.35269781620678864,0.35269781620678864
1V1C.pdb,I3H,2,1.114595841518948,1.3640773,0.24948148811667203,0.24948148811667203
1V1C.pdb,I3D,2,1.1727985057278545,1.747601,0.5748025265292256,0.5748025265292256
1V1C.pdb,I3R,2,1.3929804799220054,1.6340739,0.24109337357073146,0.24109337357073146
1V1C.pdb,I3K,2,1.6288189201706589,1.5500469,-0.07877199939429169,0.07877199939429169
1V1C.pdb,I3T,2,0.4232715420213084,0.866519,0.4432474322828908,0.4432474322828908
1V1C.pdb,I3S,2,1.2320681907719848,1.522187,0.2901188037806275,0.2901188037806275
1V1C.pdb,I3A,2,1.3248199534979088,1.3342395,0.009419529381729852,0.009419529381729852
1V1C.pdb,I3G,2,1.4723531146583904,2.1805582,0.7082050899924885,0.7082050899924885
1V1C.pdb,I3M,2,0.5082307137843882,0.78339607,0.2751653514507497,0.2751653514507497
1V1C.pdb,I3L,2,0.1323339281459921,0.48483336,0.35249943157233066,0.35249943157233066
1V1C.pdb,I3V,2,0.0429905519152788,0.18930405,0.14631350186813796,0.14631350186813796
1V1C.pdb,I3W,2,-0.4970462517073484,0.48226666,0.9793129162123533,0.9793129162123533
1V1C.pdb,I3Y,2,0.3670380972496501,0.7700527,0.40301457418284503,0.40301457418284503
1V1C.pdb,I3F,2,0.6397497625342892,0.68314,0.04339021730503578,0.04339021730503578
1V1C.pdb,I3P,2,2.202346407795761,2.3604376,0.1580912238112946,0.1580912238112946
1V1C.pdb,I3C,2,0.0509938746870495,0.64091194,0.5899180620728992,0.5899180620728992
1V1C.pdb,Y4Q,3,2.9538813586816355,2.520557,-0.43332443195434056,0.43332443195434056
1V1C.pdb,Y4E,3,4.321976142151572,3.2155166,-1.106459574921347,1.106459574921347
1V1C.pdb,Y4N,3,3.5698556518451,2.739657,-0.8301987266436841,0.8301987266436841
1V1C.pdb,Y4H,3,1.9393738527535056,1.7099465,-0.22942733957754124,0.22942733957754124
1V1C.pdb,Y4R,3,1.6897442873829098,2.4634972,0.7737528744823245,0.7737528744823245
1V1C.pdb,Y4K,3,3.2296041569064484,2.5402212,-0.6893829426120148,0.6893829426120148
1V1C.pdb,Y4T,3,2.48232306647662,2.3854384,-0.09688462424639521,0.09688462424639521
1V1C.pdb,Y4S,3,2.966621048672339,2.6784759,-0.28814519189133314,0.28814519189133314
1V1C.pdb,Y4A,3,0.8154328245517641,1.7404076,0.9249747615459532,0.9249747615459532
1V1C.pdb,Y4G,3,3.1496479135129247,2.6508894,-0.49875851684544426,0.49875851684544426
1V1C.pdb,Y4M,3,1.1343139265129365,1.4089882,0.27467431086804495,0.27467431086804495
1V1C.pdb,Y4L,3,1.7392736234095556,1.2098892,-0.5293844499018652,0.5293844499018652
1V1C.pdb,Y4V,3,1.802338900451232,1.4085264,-0.3938124798579703,0.3938124798579703
1V1C.pdb,Y4I,3,2.562151615614108,1.3895564,-1.1725952076856414,1.1725952076856414
1V1C.pdb,Y4W,3,-0.1156824659773643,0.36662805,0.4823105167815025,0.4823105167815025
1V1C.pdb,Y4F,3,0.3877753405267148,0.18423128,-0.20354405924619723,0.20354405924619723
1V1C.pdb,Y4C,3,1.1624142973083904,1.0074806,-0.15493367597049978,0.15493367597049978
1V1C.pdb,V5Q,4,0.7273682596383164,0.7787446,0.051376318723194814,0.051376318723194814
1V1C.pdb,V5E,4,1.248496759573123,1.2206976,-0.02779911820044223,0.02779911820044223
1V1C.pdb,V5N,4,2.488934646893085,2.304278,-0.18465675001198134,0.18465675001198134
1V1C.pdb,V5H,4,1.4150033337668972,1.5889237,0.17392035893634983,0.17392035893634983
1V1C.pdb,V5D,4,3.695665745137661,2.6002436,-1.0954221767172507,1.0954221767172507
1V1C.pdb,V5R,4,0.0377105499344643,1.136856,1.0991454099578086,1.0991454099578086
1V1C.pdb,V5K,4,0.7957590724259846,1.1722457,0.3764866684645183,0.3764866684645183
1V1C.pdb,V5T,4,1.2883440476525827,1.0436031,-0.244740985022883,0.244740985022883
1V1C.pdb,V5S,4,1.7460261645866926,1.4579613,-0.2880648437096174,0.2880648437096174
1V1C.pdb,V5A,4,1.4108089070310998,1.038184,-0.37262486028579955,0.37262486028579955
1V1C.pdb,V5G,4,2.684868819030198,2.1551232,-0.5297455852350321,0.5297455852350321
1V1C.pdb,V5M,4,0.3949299154164927,0.56672627,0.17179635192130638,0.17179635192130638
1V1C.pdb,V5L,4,0.4723267282550822,0.6795348,0.20720806464500324,0.20720806464500324
1V1C.pdb,V5I,4,-0.1273301530887263,0.048542142,0.17587229500309398,0.17587229500309398
1V1C.pdb,V5W,4,0.7555582432731933,1.2337153,0.47815705251843266,0.47815705251843266
1V1C.pdb,V5Y,4,-0.007749329509223,1.0380628,1.0458121404070502,1.0458121404070502
1V1C.pdb,V5F,4,0.5761758174042453,1.0933746,0.5171987925429593,0.5171987925429593
1V1C.pdb,V5P,4,3.4864630712787275,3.1203334,-0.36612963812748234,0.36612963812748234
1V1C.pdb,V5C,4,0.7865215915895294,0.6024719,-0.18404970352419125,0.18404970352419125
1V1C.pdb,V6Q,5,4.060479180108894,2.7780576,-1.282421604883064,1.282421604883064
1V1C.pdb,V6N,5,4.1110773480897045,2.60085,-1.51022724280406,1.51022724280406
1V1C.pdb,V6H,5,4.20344759717027,2.3974447,-1.8060028721336492,1.8060028721336492
1V1C.pdb,V6D,5,4.390449217717864,2.597946,-1.7925032891442552,1.7925032891442552
1V1C.pdb,V6K,5,4.317352989170518,2.9038,-1.4135529784893652,1.4135529784893652
1V1C.pdb,V6T,5,1.6046144687523891,1.9563695,0.3517550504813145,0.3517550504813145
1V1C.pdb,V6S,5,2.338397896581814,2.242503,-0.09589496880166282,0.09589496880166282
1V1C.pdb,V6A,5,0.8166921656098936,0.70499325,-0.1116989176240537,0.1116989176240537
1V1C.pdb,V6G,5,3.68207441978909,1.5369706,-2.145103804402127,2.145103804402127
1V1C.pdb,V6M,5,1.9158357038494256,1.4411223,-0.47471341037713555,0.47471341037713555
1V1C.pdb,V6L,5,1.4596711562176057,1.1210028,-0.3386683629055329,0.3386683629055329
1V1C.pdb,V6I,5,1.285101005128508,0.33135247,-0.95374853282321,0.95374853282321
1V1C.pdb,V6W,5,3.1227094795998984,2.0325809,-1.0901286270913535,1.0901286270913535
1V1C.pdb,V6Y,5,3.3094143324679224,1.8723272,-1.4370871239489404,1.4370871239489404
1V1C.pdb,V6F,5,2.942737370069307,1.2191647,-1.7235726409509597,1.7235726409509597
1V1C.pdb,V6C,5,0.2860403943058429,0.78005064,0.4940102410319867,0.4940102410319867
1V1C.pdb,T7Q,6,1.2680418667063358,1.0676453,-0.20039655535074496,0.20039655535074496
1V1C.pdb,T7E,6,2.488516276965436,1.7462976,-0.7422186790803043,0.7422186790803043
1V1C.pdb,T7N,6,0.1087932009124594,1.0625349,0.953741727409379,0.953741727409379
1V1C.pdb,T7H,6,1.3923907788192618,1.1515453,-0.2408454926406729,0.2408454926406729
1V1C.pdb,T7D,6,2.6013382893940946,1.9545296,-0.6468086463353178,0.6468086463353178
1V1C.pdb,T7R,6,0.2653636484869226,0.5391947,0.2738310546151892,0.2738310546151892
1V1C.pdb,T7K,6,0.1725434262250127,0.75832134,0.5857779186274348,0.5857779186274348
1V1C.pdb,T7S,6,0.7977896215718436,0.7769351,-0.02085452101642371,0.02085452101642371
1V1C.pdb,T7A,6,0.9264851614940216,1.2754861,0.3490009501469086,0.3490009501469086
1V1C.pdb,T7G,6,1.57525465507223,1.705749,0.13049437980936185,0.13049437980936185
1V1C.pdb,T7M,6,0.3951159474489731,0.9295676,0.5344516280057388,0.5344516280057388
1V1C.pdb,T7L,6,-0.000530654948065,0.9498101,0.9503407426288817,0.9503407426288817
1V1C.pdb,T7V,6,-0.2779824545103282,0.6053859,0.8833683540540904,0.8833683540540904
1V1C.pdb,T7I,6,-0.7232054122457212,0.5298685,1.2530738957891172,1.2530738957891172
1V1C.pdb,T7W,6,1.213460250243661,1.4338052,0.22034497703600198,0.22034497703600198
1V1C.pdb,T7Y,6,1.7989754456426383,1.2323766,-0.5665988701726676,0.5665988701726676
1V1C.pdb,T7F,6,1.614043428288426,1.1736286,-0.44041485963913396,0.44041485963913396
1V1C.pdb,T7P,6,3.429283360989567,2.5037613,-0.9255220694856607,0.9255220694856607
1V1C.pdb,T7C,6,0.3077702668265072,0.7327926,0.4250223490639957,0.4250223490639957
1V1C.pdb,A8Q,7,-0.0442716044698126,0.85576785,0.9000394505772955,0.9000394505772955
1V1C.pdb,A8E,7,0.4977215625400335,1.2179837,0.720262160146734,0.720262160146734
1V1C.pdb,A8N,7,0.7241010315495577,1.3165146,0.5924135796946439,0.5924135796946439
1V1C.pdb,A8H,7,0.056358953344576,1.3279164,1.27155743039871,1.27155743039871
1V1C.pdb,A8D,7,1.1691612754050769,1.6196375,0.4504762139137708,0.4504762139137708
1V1C.pdb,A8R,7,-0.3632317935162632,0.8258638,1.1890955721074192,1.1890955721074192
1V1C.pdb,A8K,7,-0.3710493370514545,0.8025954,1.1736447140198383,1.1736447140198383
1V1C.pdb,A8T,7,0.4853630506324515,1.1008279,0.6154648817253365,0.6154648817253365
1V1C.pdb,A8S,7,0.2252695665504234,0.59771025,0.3724406852577431,0.3724406852577431
1V1C.pdb,A8G,7,0.8224178532977975,0.8996556,0.0772377272228324,0.0772377272228324
1V1C.pdb,A8M,7,-0.1613984924159606,1.0092833,1.1706817966304381,1.1706817966304381
1V1C.pdb,A8L,7,0.6276686427012002,1.297653,0.6699843171224082,0.6699843171224082
1V1C.pdb,A8V,7,0.5322201975255614,1.081667,0.5494467488855714,0.5494467488855714
1V1C.pdb,A8I,7,0.6613858528995498,1.2232375,0.5618516615962998,0.5618516615962998
1V1C.pdb,A8W,7,1.1138467485823913,1.4443532,0.33050647426459356,0.33050647426459356
1V1C.pdb,A8Y,7,0.8632699776345127,1.3735106,0.5102406215018398,0.5102406215018398
1V1C.pdb,A8F,7,0.719994826105613,1.5351834,0.8151886036124045,0.8151886036124045
1V1C.pdb,A8P,7,2.339722628406388,2.228682,-0.111040587238175,0.111040587238175
1V1C.pdb,A8C,7,0.2934168106286394,0.7242689,0.4308521026404036,0.4308521026404036
1V1C.pdb,D9Q,8,1.155112247270794,1.7811356,0.6260233118112373,0.6260233118112373
1V1C.pdb,D9E,8,1.0728855051517092,1.3293324,0.2564468465328611,0.2564468465328611
1V1C.pdb,D9N,8,0.5178041195910614,1.0836761,0.5658719801861603,0.5658719801861603
1V1C.pdb,D9H,8,0.899705180319482,1.8016309,0.9019256742871464,0.9019256742871464
1V1C.pdb,D9R,8,1.1893557173959364,2.0039108,0.8145550625570666,0.8145550625570666
1V1C.pdb,D9K,8,0.9791641798666416,1.9082904,0.9291262063333096,0.9291262063333096
1V1C.pdb,D9T,8,1.0244567831059648,1.5156871,0.4912303249338912,0.4912303249338912
1V1C.pdb,D9S,8,1.016953333546487,1.36153,0.3445766127807224,0.3445766127807224
1V1C.pdb,D9A,8,0.8910046737808641,1.2484895,0.35748482531123793,0.35748482531123793
1V1C.pdb,D9G,8,1.0425511148833984,1.7299082,0.6873571130371339,0.6873571130371339
1V1C.pdb,D9M,8,1.217466868219402,2.2358556,1.0183887111568186,1.0183887111568186
1V1C.pdb,D9L,8,1.2568785860200973,1.6348736,0.37799504259623573,0.37799504259623573
1V1C.pdb,D9V,8,1.6422259300810476,1.801601,0.15937512220319316,0.15937512220319316
1V1C.pdb,D9I,8,1.721682028890476,1.8333364,0.11165432441152601,0.11165432441152601
1V1C.pdb,D9W,8,1.7430796610377044,1.666151,-0.07692861428477471,0.07692861428477471
1V1C.pdb,D9Y,8,1.412172234968761,1.8396646,0.4274923434690441,0.4274923434690441
1V1C.pdb,D9F,8,1.448767338154057,1.8816929,0.43292554819848217,0.43292554819848217
1V1C.pdb,D9P,8,1.126589936595507,1.3419609,0.21537097038691488,0.21537097038691488
1V1C.pdb,D9C,8,1.111036617042262,1.6597027,0.5486660416109972,0.5486660416109972
1V1C.pdb,Y10Q,9,1.8815608940806103,2.2648745,0.38331356423237795,0.38331356423237795
1V1C.pdb,Y10E,9,2.3080826396805767,2.3724039,0.06432122041158639,0.06432122041158639
1V1C.pdb,Y10N,9,1.6614409996470445,2.3926191,0.731178133348561,0.731178133348561
1V1C.pdb,Y10H,9,0.8568015024243802,1.3350481,0.4782465770662814,0.4782465770662814
1V1C.pdb,Y10D,9,2.519709148828597,2.4433684,-0.07634071392259134,0.07634071392259134
1V1C.pdb,Y10R,9,1.7561442300358956,2.2461524,0.4900081709345634,0.4900081709345634
1V1C.pdb,Y10K,9,1.800860529428978,2.4958618,0.6950012392935563,0.6950012392935563
1V1C.pdb,Y10T,9,1.150055759583922,2.3056896,1.1556338137040418,1.1556338137040418
1V1C.pdb,Y10S,9,1.6848256216452366,2.3895206,0.7046950234963649,0.7046950234963649
1V1C.pdb,Y10A,9,1.714701141474421,2.2539008,0.5391996248982596,0.5391996248982596
1V1C.pdb,Y10G,9,1.6188843516417566,2.5120864,0.893202039807218,0.893202039807218
1V1C.pdb,Y10M,9,1.4269944661627414,1.9527667,0.525772190712869,0.525772190712869
1V1C.pdb,Y10L,9,1.2551957148588375,1.6227806,0.36758484658830604,0.36758484658830604
1V1C.pdb,Y10V,9,0.3262491516006753,1.6501039,1.323854775057955,1.323854775057955
1V1C.pdb,Y10I,9,0.6695672050804893,1.5984539,0.928886674275895,0.928886674275895
1V1C.pdb,Y10W,9,0.3576070543950806,0.77345794,0.41585088999807734,0.41585088999807734
1V1C.pdb,Y10F,9,0.2258684926881513,0.8536945,0.6278260058508196,0.6278260058508196
1V1C.pdb,Y10P,9,2.584608638996774,2.5169554,-0.06765326332538724,0.06765326332538724
1V1C.pdb,Y10C,9,1.0781475987946254,1.5317124,0.4535648140395421,0.4535648140395421
1V1C.pdb,L11Q,10,0.0877965992705949,0.2907765,0.20297989189456622,0.20297989189456622
1V1C.pdb,L11E,10,-0.1557781914332476,0.34601042,0.5017886081793871,0.5017886081793871
1V1C.pdb,L11N,10,-0.2962990303050405,0.25255919,0.5488582153331167,0.5488582153331167
1V1C.pdb,L11H,10,-0.1401073009096842,0.018439293,0.15854659381739905,0.15854659381739905
1V1C.pdb,L11D,10,0.0621455304802864,0.57853603,0.5163905031500847,0.5163905031500847
1V1C.pdb,L11R,10,0.1118409406788023,0.36597383,0.2541328895442812,0.2541328895442812
1V1C.pdb,L11K,10,0.0828704269316649,0.42083162,0.3379611937615419,0.3379611937615419
1V1C.pdb,L11T,10,-0.3307115372153224,0.24354991,0.5742614503832759,0.5742614503832759
1V1C.pdb,L11S,10,0.0724100976787731,0.43763638,0.365226277748473,0.365226277748473
1V1C.pdb,L11A,10,0.1995071600105493,0.421352,0.22184483903386903,0.22184483903386903
1V1C.pdb,L11G,10,0.6266128950309864,0.84784734,0.22123444746016352,0.22123444746016352
1V1C.pdb,L11M,10,0.0139042658834753,0.12743866,0.11353439855286503,0.11353439855286503
1V1C.pdb,L11V,10,-0.3441685491285144,-0.06369278,0.2804757707795917,0.2804757707795917
1V1C.pdb,L11I,10,-0.4814790377817362,-0.18324718,0.2982318589887827,0.2982318589887827
1V1C.pdb,L11W,10,-0.1332942722261885,-0.03906308,0.09423119108090194,0.09423119108090194
1V1C.pdb,L11Y,10,-0.3719367018286705,-0.131562,0.2403747072760582,0.2403747072760582
1V1C.pdb,L11F,10,-0.5214026589911489,0.029339656,0.5507423152249364,0.5507423152249364
1V1C.pdb,L11P,10,-0.3130650713515015,1.4519212,1.7649862959456177,1.7649862959456177
1V1C.pdb,L11C,10,-0.0857827445053409,-0.15598741,-0.07020466723210111,0.07020466723210111
1V1C.pdb,P12Q,11,1.0402294609973417,2.060594,1.0203646208813204,1.0203646208813204
1V1C.pdb,P12E,11,0.9363232675532808,2.1859357,1.249612468149234,1.249612468149234
1V1C.pdb,P12N,11,0.6962747317231441,1.9617025,1.2654277342879032,1.2654277342879032
1V1C.pdb,P12H,11,0.96224603302087,2.00206,1.0398139035025675,1.0398139035025675
1V1C.pdb,P12D,11,0.8869642387780101,2.0999093,1.2129450667944996,1.2129450667944996
1V1C.pdb,P12R,11,0.9878264858160746,2.29608,1.3082536266412008,1.3082536266412008
1V1C.pdb,P12K,11,1.0262366001126386,2.200289,1.1740524108889483,1.1740524108889483
1V1C.pdb,P12T,11,0.6822635895196565,2.2357435,1.5534799331243865,1.5534799331243865
1V1C.pdb,P12S,11,0.7310113574881654,1.8107725,1.0797611806969543,1.0797611806969543
1V1C.pdb,P12A,11,0.5179452137530061,1.5276976,1.0097523494183807,1.0097523494183807
1V1C.pdb,P12G,11,0.7176746791058237,1.8953023,1.1776276165789907,1.1776276165789907
1V1C.pdb,P12M,11,1.4891692679348938,2.1889029,0.6997335869845398,0.6997335869845398
1V1C.pdb,P12L,11,0.6001050663596734,1.829479,1.2293739127510444,1.2293739127510444
1V1C.pdb,P12V,11,0.5783942437699094,1.9106752,1.332280924267505,1.332280924267505
1V1C.pdb,P12I,11,0.4694917744478681,2.000577,1.5310851985135576,1.5310851985135576
1V1C.pdb,P12W,11,0.7978750865834146,2.1423836,1.3445084888560386,1.3445084888560386
1V1C.pdb,P12Y,11,0.8639911903589752,1.9902259,1.1262347207814667,1.1262347207814667
1V1C.pdb,P12F,11,0.8177988671782876,1.9975662,1.1797673559662436,1.1797673559662436
1V1C.pdb,P12C,11,0.8757240145069147,1.5540221,0.6782980592388128,0.6782980592388128
1V1C.pdb,L13Q,12,0.0036894326721617,0.11871549,0.11502605474839724,0.11502605474839724
1V1C.pdb,L13E,12,-0.1979199228045303,0.011667507,0.2095874295738298,0.2095874295738298
1V1C.pdb,L13N,12,-0.2690493885479483,-0.1178816,0.15116778500895828,0.15116778500895828
1V1C.pdb,L13H,12,-0.0778204725238587,-0.013266131,0.06455434124200597,0.06455434124200597
1V1C.pdb,L13D,12,-0.5898921516784021,-0.17648354,0.4134086099513361,0.4134086099513361
1V1C.pdb,L13R,12,0.1320248428040304,0.19610733,0.06408248513404943,0.06408248513404943
1V1C.pdb,L13K,12,0.1054143092592552,0.1066501,0.00123578989903185,0.00123578989903185
1V1C.pdb,L13T,12,-0.3502722555665483,0.0545749,0.404847154941987,0.404847154941987
1V1C.pdb,L13S,12,-0.4162116349108573,-0.086269274,0.32994236055687626,0.32994236055687626
1V1C.pdb,L13A,12,-0.0374627466921304,-0.07547096,-0.03800821493821399,0.03800821493821399
1V1C.pdb,L13G,12,-0.1031540680890237,-0.0594292,0.043724869585529444,0.043724869585529444
1V1C.pdb,L13M,12,-0.0199146331656616,0.21660599,0.23652062429076842,0.23652062429076842
1V1C.pdb,L13V,12,0.0672277770550922,0.04922349,-0.018004286995716434,0.018004286995716434
1V1C.pdb,L13I,12,0.1578395677852202,0.108820856,-0.049018712167697015,0.049018712167697015
1V1C.pdb,L13W,12,0.3695163672229955,-0.0016171075,-0.37113347476336456,0.37113347476336456
1V1C.pdb,L13Y,12,0.2902327222102796,0.024082385,-0.2661503372067129,0.2661503372067129
1V1C.pdb,L13F,12,0.099890521889538,0.12240601,0.022515491420417602,0.022515491420417602
1V1C.pdb,L13P,12,-0.0044502346258155,-0.40557522,-0.4011249811906823,0.4011249811906823
1V1C.pdb,L13C,12,-0.0090856272163755,-0.1630902,-0.15400457201572593,0.15400457201572593
1V1C.pdb,G14Q,13,-0.0314903036876641,0.21328565,0.244775958470913,0.244775958470913
1V1C.pdb,G14E,13,-0.3716400140947615,0.1959679,0.5676079118675506,0.5676079118675506
1V1C.pdb,G14N,13,-0.0148913672427628,0.14629838,0.1611897459487412,0.1611897459487412
1V1C.pdb,G14H,13,-0.0225172297002793,0.22458377,0.24710100450534828,0.24710100450534828
1V1C.pdb,G14D,13,-0.3896791123181682,0.19530725,0.584986367109428,0.584986367109428
1V1C.pdb,G14R,13,0.2258556860933933,0.31369174,0.08783604917424587,0.08783604917424587
1V1C.pdb,G14K,13,0.1659538388041852,0.21544805,0.04949421288687009,0.04949421288687009
1V1C.pdb,G14T,13,-0.0018291279407951,0.32968158,0.3315107032391044,0.3315107032391044
1V1C.pdb,G14S,13,-0.1066266322073055,0.12783171,0.23445834457245596,0.23445834457245596
1V1C.pdb,G14A,13,-0.4022604828145537,0.20123081,0.6034912919070754,0.6034912919070754
1V1C.pdb,G14M,13,0.0755646867340211,0.2944215,0.21885680727308948,0.21885680727308948
1V1C.pdb,G14L,13,0.0010197352401926,0.2982622,0.29724247345998744,0.29724247345998744
1V1C.pdb,G14V,13,-0.0135593966308831,0.37905967,0.392619068986535,0.392619068986535
1V1C.pdb,G14I,13,0.0380309841848367,0.4713745,0.4333435275339133,0.4333435275339133
1V1C.pdb,G14W,13,0.0487753515307947,0.27760577,0.2288304204876379,0.2288304204876379
1V1C.pdb,G14Y,13,0.0603682555070044,0.30307764,0.24270938264225708,0.24270938264225708
1V1C.pdb,G14F,13,0.0349988549722493,0.32596442,0.29096556606160995,0.29096556606160995
1V1C.pdb,G14P,13,-0.5060167608119022,-0.23726472,0.26875203822622407,0.26875203822622407
1V1C.pdb,G14C,13,0.0583324900429431,0.013563186,-0.044769304112691026,0.044769304112691026
1V1C.pdb,A15Q,14,-0.0558388189398391,0.21827589,0.27411470869413446,0.27411470869413446
1V1C.pdb,A15E,14,-0.2771721538424736,0.11423606,0.3914082106471306,0.3914082106471306
1V1C.pdb,A15N,14,-0.4246222258493874,-0.1334647,0.2911575318262551,0.2911575318262551
1V1C.pdb,A15H,14,-0.4823387569030508,-0.077497154,0.40484160242879236,0.40484160242879236
1V1C.pdb,A15D,14,-0.6359359351934168,-0.051347796,0.5845881393195365,0.5845881393195365
1V1C.pdb,A15R,14,0.8077118317274494,0.2839399,-0.5237719337133808,0.5237719337133808
1V1C.pdb,A15K,14,0.5306205827850845,0.22830597,-0.30231461712308194,0.30231461712308194
1V1C.pdb,A15T,14,-0.3490947946951963,-0.11640681,0.23268798143130315,0.23268798143130315
1V1C.pdb,A15S,14,-0.4747679370275053,-0.14377087,0.33099706348090496,0.33099706348090496
1V1C.pdb,A15G,14,-0.3093410248977224,0.1466952,0.456036221526293,0.456036221526293
1V1C.pdb,A15M,14,-0.032871185428239,0.122837484,0.15570866931114305,0.15570866931114305
1V1C.pdb,A15L,14,0.1056943190783781,0.032936234,-0.07275808505123081,0.07275808505123081
1V1C.pdb,A15V,14,0.0848305797586816,0.071794465,-0.013036114574469876,0.013036114574469876
1V1C.pdb,A15I,14,0.0321346601248087,0.08169627,0.049561611771553604,0.049561611771553604
1V1C.pdb,A15W,14,-0.2912870012573689,-0.3683941,-0.07710710536914173,0.07710710536914173
1V1C.pdb,A15Y,14,-0.0982723904496305,-0.21399462,-0.11572223178089928,0.11572223178089928
1V1C.pdb,A15F,14,-0.0993422512260506,-0.17248075,-0.0731384958776405,0.0731384958776405
1V1C.pdb,A15P,14,0.1004786173662943,0.40741786,0.3069392462411123,0.3069392462411123
1V1C.pdb,A15C,14,-0.2114193908374071,-0.33674136,-0.1253219672043562,0.1253219672043562
1V1C.pdb,E16Q,15,0.5195410870978607,0.3905592,-0.12898189062569276,0.12898189062569276
1V1C.pdb,E16N,15,0.5305077643923406,0.6004788,0.06997106356099803,0.06997106356099803
1V1C.pdb,E16H,15,0.4852749507719354,0.34095836,-0.14431659391463558,0.14431659391463558
1V1C.pdb,E16D,15,-0.0316638023317463,0.4133554,0.44501921243077586,0.44501921243077586
1V1C.pdb,E16R,15,1.095989095163321,0.8021208,-0.293868290376639,0.293868290376639
1V1C.pdb,E16K,15,0.9770044260382944,0.74770945,-0.2292949729323679,0.2292949729323679
1V1C.pdb,E16T,15,0.5529967202872874,0.5152757,-0.0377210035056712,0.0377210035056712
1V1C.pdb,E16S,15,0.4144166822392994,0.5761196,0.1617029194872326,0.1617029194872326
1V1C.pdb,E16A,15,0.4219653492252329,0.3910601,-0.030905235318372526,0.030905235318372526
1V1C.pdb,E16G,15,0.2215753487941842,0.8372649,0.6156895466449638,0.6156895466449638
1V1C.pdb,E16M,15,0.4312132904263084,0.36148655,-0.06972673628049542,0.06972673628049542
1V1C.pdb,E16L,15,0.5064168650672549,0.269553,-0.2368638593719119,0.2368638593719119
1V1C.pdb,E16V,15,0.5944541232363276,0.050702244,-0.5437518791929774,0.5437518791929774
1V1C.pdb,E16I,15,0.5585435635980849,0.1063602,-0.45218336653082414,0.45218336653082414
1V1C.pdb,E16W,15,0.3410004130776771,0.18100278,-0.15999763228257974,0.15999763228257974
1V1C.pdb,E16Y,15,0.5639909453326521,0.22580484,-0.3381861097747145,0.3381861097747145
1V1C.pdb,E16F,15,0.5524608332991576,0.31467217,-0.23778866122960807,0.23778866122960807
1V1C.pdb,E16P,15,0.587739439656839,1.0320497,0.4443102162574677,0.4443102162574677
1V1C.pdb,E16C,15,0.4395322355145676,0.088248014,-0.35128422106449436,0.35128422106449436
1V1C.pdb,Q17E,16,-0.1826189529026614,0.08803656,0.27065551242481334,0.27065551242481334
1V1C.pdb,Q17N,16,0.101007900388363,0.16965967,0.06865177377927005,0.06865177377927005
1V1C.pdb,Q17H,16,-0.0773089729490275,0.07940347,0.15671244042539545,0.15671244042539545
1V1C.pdb,Q17D,16,-0.069081564659517,0.2717415,0.340823074097078,0.340823074097078
1V1C.pdb,Q17R,16,0.1081963312995872,0.08604046,-0.022155871726318305,0.022155871726318305
1V1C.pdb,Q17K,16,-0.215925968677757,-0.0065838695,0.20934209922051214,0.20934209922051214
1V1C.pdb,Q17T,16,-0.1338351208954784,0.18287256,0.31670768449601855,0.31670768449601855
1V1C.pdb,Q17S,16,-0.0162733428903862,0.14132987,0.15760321251833878,0.15760321251833878
1V1C.pdb,Q17A,16,-0.0413084617867403,-0.015620455,0.025688006640904426,0.025688006640904426
1V1C.pdb,Q17G,16,0.1086471944925566,0.24330951,0.13466231824185654,0.13466231824185654
1V1C.pdb,Q17M,16,0.0961988345978368,0.2421313,0.14593245822214002,0.14593245822214002
1V1C.pdb,Q17L,16,-0.056718652522016,0.082458064,0.13917671648209137,0.13917671648209137
1V1C.pdb,Q17V,16,-0.2191477219789739,0.02296786,0.2421155820816274,0.2421155820816274
1V1C.pdb,Q17I,16,-0.1260099349566443,0.08303164,0.20904157441339327,0.20904157441339327
1V1C.pdb,Q17W,16,-0.0856116920590737,0.15064116,0.23625285028222587,0.23625285028222587
1V1C.pdb,Q17Y,16,0.1101003252193146,0.17173563,0.06163530422003935,0.06163530422003935
1V1C.pdb,Q17F,16,0.0039320491153276,0.29970288,0.29577083365139606,0.29577083365139606
1V1C.pdb,Q17P,16,-0.1267144899899546,-0.040534347,0.0861801426941935,0.0861801426941935
1V1C.pdb,Q17C,16,0.2818122781027097,-0.023559824,-0.30537210173495,0.30537210173495
1V1C.pdb,D18Q,17,0.7333009845776122,0.29292035,-0.4403806335491698,0.4403806335491698
1V1C.pdb,D18E,17,0.5096974550054054,0.28054202,-0.2291554389760475,0.2291554389760475
1V1C.pdb,D18N,17,0.4265423866543774,0.0745236,-0.35201878869867365,0.35201878869867365
1V1C.pdb,D18H,17,0.5603755006328548,0.14235863,-0.41801686973724017,0.41801686973724017
1V1C.pdb,D18R,17,1.2620736738612317,0.6738493,-0.5882243892123364,0.5882243892123364
1V1C.pdb,D18K,17,1.1897109486896134,0.6056818,-0.5840291716891861,0.5840291716891861
1V1C.pdb,D18T,17,1.028320572960474,0.9365645,-0.09175606786022383,0.09175606786022383
1V1C.pdb,D18S,17,0.7528392709798348,0.54351443,-0.20932484045691613,0.20932484045691613
1V1C.pdb,D18A,17,0.9482392233755412,0.49138612,-0.45685310782454636,0.45685310782454636
1V1C.pdb,D18G,17,-0.1862910186599067,-0.14415687,0.042134145433740916,0.042134145433740916
1V1C.pdb,D18M,17,0.8495369284749335,0.44782805,-0.40170887404683286,0.40170887404683286
1V1C.pdb,D18L,17,0.999209243550636,0.52014637,-0.479062873616554,0.479062873616554
1V1C.pdb,D18V,17,1.508845674769697,0.907479,-0.6013666865990732,0.6013666865990732
1V1C.pdb,D18I,17,1.4857879993527008,0.83359206,-0.6521959421246124,0.6521959421246124
1V1C.pdb,D18W,17,0.5331197889716321,0.31433862,-0.21878116449424567,0.21878116449424567
1V1C.pdb,D18Y,17,0.5411534411866721,0.22326851,-0.31788493227553927,0.31788493227553927
1V1C.pdb,D18F,17,0.4897493075167083,0.12963599,-0.3601133178507232,0.3601133178507232
1V1C.pdb,D18P,17,1.0164665421362762,1.5761427,0.5596761265877839,0.5596761265877839
1V1C.pdb,D18C,17,0.2616846441903093,-0.1357826,-0.397467243639467,0.397467243639467
1V1C.pdb,A19Q,18,0.3210822492821403,1.2675045,0.9464222043769173,0.9464222043769173
1V1C.pdb,A19E,18,0.1205716708051642,1.3765447,1.2559730431688347,1.2559730431688347
1V1C.pdb,A19N,18,0.4493479872689714,1.2433906,0.7940425728811751,0.7940425728811751
1V1C.pdb,A19H,18,-0.0976885593161394,1.0791485,1.1768370902762224,1.1768370902762224
1V1C.pdb,A19D,18,0.5504899641837855,1.2987128,0.7482228854332189,0.7482228854332189
1V1C.pdb,A19R,18,0.6498717626345485,1.3755498,0.7256780306088597,0.7256780306088597
1V1C.pdb,A19K,18,0.8561000295976711,1.291207,0.43510692631205794,0.43510692631205794
1V1C.pdb,A19T,18,0.3392519225683736,0.9423246,0.6030726561936808,0.6030726561936808
1V1C.pdb,A19S,18,0.0525410370652092,0.6126803,0.5601392789061653,0.5601392789061653
1V1C.pdb,A19G,18,-0.1499916507524714,0.8407419,0.990733523539947,0.990733523539947
1V1C.pdb,A19M,18,0.3758704010892364,0.972144,0.5962736065935639,0.5962736065935639
1V1C.pdb,A19L,18,0.7369290687998715,1.000731,0.26380192256365387,0.26380192256365387
1V1C.pdb,A19V,18,0.5965346826205438,1.0088589,0.412324236523133,0.412324236523133
1V1C.pdb,A19I,18,0.8990742204699682,0.9911419,0.09206769485138189,0.09206769485138189
1V1C.pdb,A19W,18,-0.1883488670049486,0.63545406,0.8238029256521043,0.8238029256521043
1V1C.pdb,A19Y,18,-0.0355919283388894,0.7426106,0.7782025021075051,0.7782025021075051
1V1C.pdb,A19F,18,0.0284221659007961,0.7925829,0.7641607632335728,0.7641607632335728
1V1C.pdb,A19P,18,0.929426602488145,1.7759588,0.846532173985854,0.846532173985854
1V1C.pdb,A19C,18,0.5015928511339012,0.44439,-0.057202852221089895,0.057202852221089895
1V1C.pdb,I20Q,19,2.1627260599424387,2.6134372,0.4507111158082937,0.4507111158082937
1V1C.pdb,I20E,19,2.016738676624688,2.7001562,0.6834175352283394,0.6834175352283394
1V1C.pdb,I20N,19,2.357320318821994,3.0898244,0.7325041192730986,0.7325041192730986
1V1C.pdb,I20H,19,1.8626449353166412,2.8182395,0.9555945151380707,0.9555945151380707
1V1C.pdb,I20D,19,2.203453985123778,2.8734212,0.6699672070454112,0.6699672070454112
1V1C.pdb,I20R,19,2.706084634410322,2.9489436,0.2428589805493946,0.2428589805493946
1V1C.pdb,I20K,19,2.8140765569840744,2.9096024,0.09552584665667263,0.09552584665667263
1V1C.pdb,I20T,19,1.900908989452952,2.3749256,0.47401662395036825,0.47401662395036825
1V1C.pdb,I20S,19,2.3138708010499,2.8219879,0.5081170663054468,0.5081170663054468
1V1C.pdb,I20A,19,1.8648375819443737,2.206516,0.34167844550618787,0.34167844550618787
1V1C.pdb,I20G,19,1.9297837625578604,2.902426,0.9726422418519296,0.9726422418519296
1V1C.pdb,I20M,19,0.672007247967735,1.0354195,0.3634122161435931,0.3634122161435931
1V1C.pdb,I20L,19,-0.0050138544011413,0.6876668,0.6926806281972229,0.6926806281972229
1V1C.pdb,I20V,19,0.8484216921704113,0.8240787,-0.02434301308563347,0.02434301308563347
1V1C.pdb,I20W,19,0.7522292064659561,2.1911173,1.4388880802161728,1.4388880802161728
1V1C.pdb,I20Y,19,1.0420573513109417,2.2047026,1.1626452644269734,1.1626452644269734
1V1C.pdb,I20F,19,-0.1274698601768729,1.5622296,1.6896994935081717,1.6896994935081717
1V1C.pdb,I20P,19,1.5221540284934556,3.1032937,1.5811396288094008,1.5811396288094008
1V1C.pdb,I20C,19,1.5589457498592654,1.7690468,0.21010103358800025,0.21010103358800025
1V1C.pdb,T21Q,20,-0.0085847218008927,0.28268695,0.2912716705771378,0.2912716705771378
1V1C.pdb,T21E,20,-0.2535704060241595,0.31619626,0.5697666688606158,0.5697666688606158
1V1C.pdb,T21N,20,0.5260600609223864,0.4926087,-0.03345136470008114,0.03345136470008114
1V1C.pdb,T21H,20,-0.0081467907942887,0.24130595,0.24945273809806068,0.24945273809806068
1V1C.pdb,T21D,20,0.369358034631539,0.74823964,0.3788816017896646,0.3788816017896646
1V1C.pdb,T21R,20,0.1845138804323003,0.47992995,0.29541607338125253,0.29541607338125253
1V1C.pdb,T21K,20,0.4950342492443083,0.4109131,-0.08412113946495037,0.08412113946495037
1V1C.pdb,T21S,20,-0.1094613354249114,0.10420026,0.21366159427596274,0.21366159427596274
1V1C.pdb,T21A,20,-0.0968599428993823,0.033953875,0.13081381820265073,0.13081381820265073
1V1C.pdb,T21G,20,0.6121520265486637,0.55813223,-0.05401979531315959,0.05401979531315959
1V1C.pdb,T21M,20,-0.0858568719385841,0.20338655,0.2892434171198585,0.2892434171198585
1V1C.pdb,T21L,20,0.167671228017479,0.29332802,0.12565678897890467,0.12565678897890467
1V1C.pdb,T21V,20,-0.0025678265326685,-0.12824425,-0.12567642448013364,0.12567642448013364
1V1C.pdb,T21I,20,-0.0327663783346992,0.0796175,0.11238387863987498,0.11238387863987498
1V1C.pdb,T21W,20,-0.3680479970020065,0.10397209,0.47202008927285766,0.47202008927285766
1V1C.pdb,T21Y,20,-0.1073094857673866,0.11924273,0.22655221352388683,0.22655221352388683
1V1C.pdb,T21F,20,-0.1316953976661503,0.15530248,0.2869978775293171,0.2869978775293171
1V1C.pdb,T21P,20,-0.1576426606623147,0.71483046,0.8724731188265298,0.8724731188265298
1V1C.pdb,T21C,20,-0.1778893208827079,-0.16861635,0.009272966417223277,0.009272966417223277
1V1C.pdb,L22Q,21,3.2255612680295687,2.3862505,-0.8393107721189241,0.8393107721189241
1V1C.pdb,L22E,21,4.029484234356534,2.1133528,-1.9161314587828038,1.9161314587828038
1V1C.pdb,L22N,21,3.781516778682553,2.3432748,-1.4382419469107024,1.4382419469107024
1V1C.pdb,L22H,21,3.44975487437026,2.268062,-1.181692759654684,1.181692759654684
1V1C.pdb,L22D,21,3.7970922416504735,2.2821548,-1.5149374431427831,1.5149374431427831
1V1C.pdb,L22R,21,3.77502080875436,2.4799242,-1.295096606789028,1.295096606789028
1V1C.pdb,L22K,21,3.9621881492622144,2.401651,-1.5605372436530836,1.5605372436530836
1V1C.pdb,L22T,21,3.42785437458992,1.8910917,-1.5367626702213286,1.5367626702213286
1V1C.pdb,L22S,21,3.970009970727256,2.3111212,-1.6588887453702004,1.6588887453702004
1V1C.pdb,L22A,21,3.07049708476947,2.115278,-0.9552190791694946,0.9552190791694946
1V1C.pdb,L22G,21,4.327962536766261,2.3944016,-1.9335609864732923,1.9335609864732923
1V1C.pdb,L22M,21,1.4963379431917376,1.035392,-0.4609458972170062,0.4609458972170062
1V1C.pdb,L22V,21,1.1328880012430291,1.1705266,0.03763862248286198,0.03763862248286198
1V1C.pdb,L22I,21,1.4746858484897896,0.9269354,-0.5477504737530037,0.5477504737530037
1V1C.pdb,L22W,21,2.105897924305944,1.9485438,-0.15735413730338044,0.15735413730338044
1V1C.pdb,L22Y,21,3.011876374810405,1.9063996,-1.1054767671520187,1.1054767671520187
1V1C.pdb,L22F,21,1.383204819580646,1.7654546,0.38224983034458604,0.38224983034458604
1V1C.pdb,L22P,21,3.970132375953369,2.5113728,-1.4587595713116452,1.4587595713116452
1V1C.pdb,L22C,21,2.550701296935742,1.3975083,-1.1531930333477902,1.1531930333477902
1V1C.pdb,R23Q,22,0.3115622825850956,0.5724587,0.2608964018593319,0.2608964018593319
1V1C.pdb,R23E,22,0.3699123286154036,1.2008058,0.830893454656386,0.830893454656386
1V1C.pdb,R23N,22,0.6275966006087694,0.9521339,0.3245372933579054,0.3245372933579054
1V1C.pdb,R23H,22,0.0757671435775995,0.61292905,0.5371619025764227,0.5371619025764227
1V1C.pdb,R23D,22,1.062440015764175,1.8320479,0.7696079235363622,0.7696079235363622
1V1C.pdb,R23K,22,0.0147314709110539,0.1042006,0.0894691306667049,0.0894691306667049
1V1C.pdb,R23T,22,0.2368931939622482,0.514616,0.277722818610994,0.277722818610994
1V1C.pdb,R23S,22,0.4192666271632785,0.6875814,0.2683147927814847,0.2683147927814847
1V1C.pdb,R23A,22,0.6265885940130924,0.48584038,-0.14074821382128944,0.14074821382128944
1V1C.pdb,R23G,22,1.3797204791970357,1.0775639,-0.3021565973229512,0.3021565973229512
1V1C.pdb,R23M,22,0.1502590504396774,0.46138662,0.31112757055870516,0.31112757055870516
1V1C.pdb,R23L,22,0.0299199279311839,0.5495303,0.519610399388915,0.519610399388915
1V1C.pdb,R23V,22,0.2586959820287431,0.5275693,0.26887331194708697,0.26887331194708697
1V1C.pdb,R23I,22,0.2815486519036341,0.57921183,0.2976631791892004,0.2976631791892004
1V1C.pdb,R23W,22,-0.0908500747190874,0.6164876,0.7073376969801348,0.7073376969801348
1V1C.pdb,R23Y,22,-0.3955234531304863,0.5268092,0.9223326686761406,0.9223326686761406
1V1C.pdb,R23F,22,-0.3089971276232162,0.6264178,0.9354149433084884,0.9354149433084884
1V1C.pdb,R23P,22,2.242871475726847,2.0701716,-0.1726998811070959,0.1726998811070959
1V1C.pdb,R23C,22,0.1464619563592855,0.2563981,0.10993615522251687,0.10993615522251687
1V1C.pdb,E24Q,23,-0.3738378351303746,-0.3142622,0.05957562380759018,0.05957562380759018
1V1C.pdb,E24N,23,0.7221186344113031,0.5237934,-0.19832523507734923,0.19832523507734923
1V1C.pdb,E24H,23,0.2935226743818457,0.2918038,-0.0017188673616583272,0.0017188673616583272
1V1C.pdb,E24D,23,1.6682883574072511,1.1386713,-0.5296170784536989,0.5296170784536989
1V1C.pdb,E24R,23,-0.5926178580623,-0.47409388,0.11852397383264002,0.11852397383264002
1V1C.pdb,E24K,23,-1.0524998397933285,-0.5662431,0.48625672770607875,0.48625672770607875
1V1C.pdb,E24T,23,-0.0321281761006968,0.15666954,0.18879771829410957,0.18879771829410957
1V1C.pdb,E24S,23,0.0980909475673326,0.05454262,-0.04354832783233008,0.04354832783233008
1V1C.pdb,E24A,23,-0.4827167940490788,-0.54399836,-0.061281566584771296,0.061281566584771296
1V1C.pdb,E24G,23,0.7591322362469723,0.15626924,-0.6028629988478711,0.6028629988478711
1V1C.pdb,E24M,23,-0.3467850442618423,-0.014567904,0.33221714008751446,0.33221714008751446
1V1C.pdb,E24L,23,0.0440982564329717,0.06172858,0.017630325353183998,0.017630325353183998
1V1C.pdb,E24V,23,-0.4327031954540654,-0.26654896,0.16615423405307966,0.16615423405307966
1V1C.pdb,E24I,23,-0.2705914049946023,0.06322673,0.3338181346260263,0.3338181346260263
1V1C.pdb,E24W,23,0.4831824341659088,0.5298669,0.04668444005207828,0.04668444005207828
1V1C.pdb,E24Y,23,0.0408289278489535,0.44576183,0.4049329017656858,0.4049329017656858
1V1C.pdb,E24F,23,0.1103947337425528,0.47440073,0.3640059951984109,0.3640059951984109
1V1C.pdb,E24P,23,0.2837730199006247,0.82499504,0.5412220209929299,0.5412220209929299
1V1C.pdb,E24C,23,-0.1066626667279599,-0.16130763,-0.05464496619516632,0.05464496619516632
1V1C.pdb,G25Q,24,2.7926823868008386,1.2749699,-1.5177124513836633,1.5177124513836633
1V1C.pdb,G25E,24,3.159139844481751,1.6898631,-1.4692767587349858,1.4692767587349858
1V1C.pdb,G25N,24,1.8390501370496184,0.7891332,-1.0499169459409148,1.0499169459409148
1V1C.pdb,G25H,24,1.9087592766397927,1.0672927,-0.8414665863626931,0.8414665863626931
1V1C.pdb,G25D,24,2.6406054500619898,1.4403306,-1.2002748254816065,1.2002748254816065
1V1C.pdb,G25R,24,2.3124919320811097,1.2497923,-1.0626995946635072,1.0626995946635072
1V1C.pdb,G25K,24,2.4262841477603074,1.2615614,-1.1647227540225145,1.1647227540225145
1V1C.pdb,G25T,24,2.890360036285999,1.8954799,-0.9948801187597538,0.9948801187597538
1V1C.pdb,G25S,24,2.2599011276003207,1.3318375,-0.9280635926958407,0.9280635926958407
1V1C.pdb,G25A,24,2.52534402664086,1.4943969,-1.030947101668326,1.030947101668326
1V1C.pdb,G25M,24,2.6164432928453243,1.3174244,-1.299018876303271,1.299018876303271
1V1C.pdb,G25L,24,2.685603745430355,1.3674763,-1.3181274013217736,1.3181274013217736
1V1C.pdb,G25V,24,3.2485351124335904,2.0780537,-1.1704813995887418,1.1704813995887418
1V1C.pdb,G25I,24,3.1018077951723155,2.220318,-0.8814897161775646,0.8814897161775646
1V1C.pdb,G25W,24,2.423184788438607,1.4185951,-1.004589712831307,1.004589712831307
1V1C.pdb,G25Y,24,2.2893932681796976,1.3810917,-0.9083015542743631,0.9083015542743631
1V1C.pdb,G25F,24,2.196404091529522,1.2393616,-0.9570424477383233,0.9570424477383233
1V1C.pdb,G25P,24,3.763070340468993,2.5761466,-1.1869237378383777,1.1869237378383777
1V1C.pdb,G25C,24,1.523213002227553,0.6491722,-0.8740408153760515,0.8740408153760515
1V1C.pdb,Q26E,25,-0.7216046058648695,-0.2075777,0.5140269004815687,0.5140269004815687
1V1C.pdb,Q26N,25,1.4093408949530597,1.5803032,0.17096229718561218,0.17096229718561218
1V1C.pdb,Q26H,25,1.5851190676159377,1.2208167,-0.3643023361629958,0.3643023361629958
1V1C.pdb,Q26D,25,-0.2293161065028721,0.6862049,0.9155210167811925,0.9155210167811925
1V1C.pdb,Q26R,25,2.1552839820988243,1.5204989,-0.6347851102955406,0.6347851102955406
1V1C.pdb,Q26K,25,2.543507284650234,1.1462594,-1.3972478575796163,1.3972478575796163
1V1C.pdb,Q26T,25,0.0775862327838114,0.98007315,0.9024869211888144,0.9024869211888144
1V1C.pdb,Q26S,25,0.935937969601397,1.0067043,0.07076636084293897,0.07076636084293897
1V1C.pdb,Q26A,25,1.066964282535169,0.79521835,-0.27174593403205627,0.27174593403205627
1V1C.pdb,Q26G,25,2.02011590581509,1.5229529,-0.4971629915771141,0.4971629915771141
1V1C.pdb,Q26M,25,0.0760911575518852,0.50849086,0.4323997029103035,0.4323997029103035
1V1C.pdb,Q26L,25,1.4191181593393414,1.0095236,-0.40959452919712946,0.40959452919712946
1V1C.pdb,Q26V,25,0.9268691952959904,0.89412457,-0.032744627787292924,0.032744627787292924
1V1C.pdb,Q26I,25,1.0923584533361734,0.91172415,-0.18063430315535678,0.18063430315535678
1V1C.pdb,Q26W,25,0.2268081048182937,1.3274431,1.1006350180454758,1.1006350180454758
1V1C.pdb,Q26Y,25,1.801047978268592,1.1832633,-0.6177846764192267,0.6177846764192267
1V1C.pdb,Q26F,25,1.8905069756095856,1.1481422,-0.7423647570198029,0.7423647570198029
1V1C.pdb,Q26P,25,3.898297680814366,2.550664,-1.347633732755284,1.347633732755284
1V1C.pdb,Q26C,25,1.07142187414282,0.6165334,-0.4548884755145852,0.4548884755145852
1V1C.pdb,Y27Q,26,0.4731175980390052,0.99624926,0.5231316604792138,0.5231316604792138
1V1C.pdb,Y27E,26,-0.2316628360568025,0.78242207,1.0140849017916658,1.0140849017916658
1V1C.pdb,Y27N,26,1.4935327416727513,1.8330799,0.3395471924474269,0.3395471924474269
1V1C.pdb,Y27H,26,0.4318876692696931,1.0096095,0.5777217915609953,0.5777217915609953
1V1C.pdb,Y27D,26,1.3433227243464736,1.7936985,0.4503758249241563,0.4503758249241563
1V1C.pdb,Y27R,26,0.9112199854391804,1.5172318,0.6060118365746746,0.6060118365746746
1V1C.pdb,Y27K,26,1.0254031191055173,1.4053531,0.37994995019990263,0.37994995019990263
1V1C.pdb,Y27T,26,0.5373653239063962,0.9356505,0.39828520357086816,0.39828520357086816
1V1C.pdb,Y27S,26,0.9658753971936572,1.3963944,0.43051897479273193,0.43051897479273193
1V1C.pdb,Y27A,26,1.1137286289360313,1.1573205,0.04359187048413471,0.04359187048413471
1V1C.pdb,Y27G,26,2.225831036920101,2.1406054,-0.08522558724358742,0.08522558724358742
1V1C.pdb,Y27M,26,0.0850493839333048,0.44867483,0.36362544388079737,0.36362544388079737
1V1C.pdb,Y27L,26,-0.4401859945374253,0.31335938,0.7535453743057969,0.7535453743057969
1V1C.pdb,Y27V,26,-0.0444067256086255,0.44315913,0.4875658588045026,0.4875658588045026
1V1C.pdb,Y27I,26,-0.260639793987536,0.32464004,0.5852798296168085,0.5852798296168085
1V1C.pdb,Y27W,26,-0.0256377047509319,-0.09084195,-0.06520424423512157,0.06520424423512157
1V1C.pdb,Y27F,26,-0.0273955107180077,0.11720085,0.14459636215843738,0.14459636215843738
1V1C.pdb,Y27P,26,1.6958045683585892,2.4115627,0.715758112839531,0.715758112839531
1V1C.pdb,Y27C,26,0.3007026103807249,0.39276475,0.09206213676206687,0.09206213676206687
1V1C.pdb,V28E,27,4.554890605593245,2.8682415,-1.6866490570550372,1.6866490570550372
1V1C.pdb,V28N,27,4.147549383999156,2.9971292,-1.1504201821101177,1.1504201821101177
1V1C.pdb,V28H,27,3.6044724551370138,2.8714895,-0.7329829302957052,0.7329829302957052
1V1C.pdb,V28D,27,4.489114747658704,3.0473835,-1.44173120082948,1.44173120082948
1V1C.pdb,V28R,27,4.034911252340571,3.4309912,-0.6039200795500435,0.6039200795500435
1V1C.pdb,V28T,27,3.3594772576822245,2.452178,-0.9072992562784159,0.9072992562784159
1V1C.pdb,V28S,27,4.21790343946819,3.0544794,-1.1634240788877452,1.1634240788877452
1V1C.pdb,V28A,27,3.160232182513317,2.264069,-0.8961631021605339,0.8961631021605339
1V1C.pdb,V28G,27,4.116088479042586,2.5071437,-1.6089447431569655,1.6089447431569655
1V1C.pdb,V28M,27,3.305874239115346,1.8410332,-1.4648410188242083,1.4648410188242083
1V1C.pdb,V28L,27,1.9087943741723572,1.1748158,-0.733978600208429,0.733978600208429
1V1C.pdb,V28I,27,1.254483961047506,0.54659796,-0.707886003436422,0.707886003436422
1V1C.pdb,V28W,27,3.318494513594871,2.7927518,-0.5257427245018533,0.5257427245018533
1V1C.pdb,V28Y,27,3.3466215687116363,2.500317,-0.8463044720014312,0.8463044720014312
1V1C.pdb,V28F,27,2.6679853170349315,2.121895,-0.5460902421905711,0.5460902421905711
1V1C.pdb,V28P,27,4.210036179716168,3.3754234,-0.8346127483196835,0.8346127483196835
1V1C.pdb,V28C,27,1.9822693479256956,1.4950247,-0.48724466683438705,0.48724466683438705
1V1C.pdb,E29Q,28,0.3802374964773749,0.5580394,0.17780193032621394,0.17780193032621394
1V1C.pdb,E29N,28,1.6301873611260616,1.4059912,-0.2241961644936763,0.2241961644936763
1V1C.pdb,E29H,28,0.7749153106616773,0.5937524,-0.18116292647588628,0.18116292647588628
1V1C.pdb,E29D,28,1.032233081005042,1.0275033,-0.004729828975623018,0.004729828975623018
1V1C.pdb,E29R,28,0.7986196125001781,1.2865871,0.4879675066022999,0.4879675066022999
1V1C.pdb,E29K,28,1.1210892746999646,1.3230218,0.20193249482365605,0.20193249482365605
1V1C.pdb,E29T,28,0.6015707433375503,0.65858257,0.0570118248310898,0.0570118248310898
1V1C.pdb,E29S,28,1.1854505791074494,0.8767599,-0.30869069236581126,0.30869069236581126
1V1C.pdb,E29A,28,1.0561449344396632,0.59012663,-0.46601830079555917,0.46601830079555917
1V1C.pdb,E29G,28,2.6748713613401547,1.4830474,-1.1918239951978817,1.1918239951978817
1V1C.pdb,E29M,28,0.2281933812967711,0.19941196,-0.02878142284073168,0.02878142284073168
1V1C.pdb,E29L,28,0.3560245563714077,0.18919912,-0.166825436565118,0.166825436565118
1V1C.pdb,E29V,28,0.3599602299530051,0.04593283,-0.3140274005729697,0.3140274005729697
1V1C.pdb,E29I,28,-0.0823028650725961,0.015355915,0.0976587799037576,0.0976587799037576
1V1C.pdb,E29W,28,-0.5946911165890159,-0.45018908,0.14450203277439488,0.14450203277439488
1V1C.pdb,E29Y,28,-0.2865706750410934,-0.5604037,-0.2738330296021561,0.2738330296021561
1V1C.pdb,E29F,28,-0.0829428536832743,-0.4350697,-0.3521268563329763,0.3521268563329763
1V1C.pdb,E29P,28,4.380715494383535,2.378041,-2.002674465407095,2.002674465407095
1V1C.pdb,E29C,28,0.2631485253580914,0.04447633,-0.21867219507778746,0.21867219507778746
1V1C.pdb,V30Q,29,3.5642122230094957,2.683401,-0.8808111152214098,0.8808111152214098
1V1C.pdb,V30E,29,4.193662717842278,2.9760303,-1.2176323681108325,1.2176323681108325
1V1C.pdb,V30N,29,4.119115101929937,2.708355,-1.4107601519787654,1.4107601519787654
1V1C.pdb,V30H,29,3.840599676813381,2.4574258,-1.383173844064968,1.383173844064968
1V1C.pdb,V30R,29,2.8978819628695227,2.4434724,-0.45440957746302857,0.45440957746302857
1V1C.pdb,V30K,29,3.088323096547956,2.3875604,-0.7007627289637273,0.7007627289637273
1V1C.pdb,V30T,29,2.935753698958053,2.0829096,-0.8528441149126427,0.8528441149126427
1V1C.pdb,V30S,29,3.5826701171180697,2.4719229,-1.1107472426673861,1.1107472426673861
1V1C.pdb,V30A,29,2.330741189625434,1.6512513,-0.6794898735548776,0.6794898735548776
1V1C.pdb,V30G,29,4.001280887728977,2.5508578,-1.4504231053650853,1.4504231053650853
1V1C.pdb,V30M,29,2.437824948750275,1.3194225,-1.118402465306061,1.118402465306061
1V1C.pdb,V30L,29,0.5183380896821417,0.72777784,0.20943974902482854,0.20943974902482854
1V1C.pdb,V30I,29,0.5181067521768785,-0.017747283,-0.5358540351587511,0.5358540351587511
1V1C.pdb,V30W,29,3.5307677659527608,2.1021783,-1.4285894307629414,1.4285894307629414
1V1C.pdb,V30Y,29,3.5033430208594334,1.9581876,-1.5451554407507908,1.5451554407507908
1V1C.pdb,V30F,29,3.2752497347304192,1.683638,-1.591611758083996,1.591611758083996
1V1C.pdb,V30P,29,3.955978843729939,2.9083354,-1.0476433964185374,1.0476433964185374
1V1C.pdb,V30C,29,1.8232210055633309,1.1805145,-0.6427065507217171,0.6427065507217171
1V1C.pdb,L31Q,30,2.598236315084548,1.6501814,-0.9480549023877098,0.9480549023877098
1V1C.pdb,L31E,30,3.1470420614041514,2.0409348,-1.1061072603024669,1.1061072603024669
1V1C.pdb,L31N,30,3.81884678358029,2.6423006,-1.1765461778063644,1.1765461778063644
1V1C.pdb,L31H,30,2.662084215049629,1.9745154,-0.6875687769697949,0.6875687769697949
1V1C.pdb,L31D,30,3.769936021429721,2.7509983,-1.0189377628390228,1.0189377628390228
1V1C.pdb,L31R,30,2.5289415149353927,2.1826744,-0.3462671069764083,0.3462671069764083
1V1C.pdb,L31K,30,2.7526124799965457,1.9430182,-0.80959428198324,0.80959428198324
1V1C.pdb,L31T,30,2.7055703126638164,1.8109862,-0.8945841514318218,0.8945841514318218
1V1C.pdb,L31S,30,3.3942539161855145,2.258552,-1.1357018417531415,1.1357018417531415
1V1C.pdb,L31A,30,3.233234360050908,1.7035068,-1.529727532696477,1.529727532696477
1V1C.pdb,L31G,30,3.811923960527456,2.5747523,-1.2371716297474267,1.2371716297474267
1V1C.pdb,L31M,30,0.7112497658150456,0.54020846,-0.17104130691459396,0.17104130691459396
1V1C.pdb,L31V,30,0.734641856043202,0.78476465,0.050122791440623704,0.050122791440623704
1V1C.pdb,L31I,30,0.0718794778804996,0.19634736,0.12446787796209073,0.12446787796209073
1V1C.pdb,L31W,30,2.191150591273324,1.6060282,-0.5851223920774622,0.5851223920774622
1V1C.pdb,L31Y,30,2.4102303149092537,1.5658995,-0.844330823599134,0.844330823599134
1V1C.pdb,L31F,30,2.6877177101829144,1.2085783,-1.4791393620231243,1.4791393620231243
1V1C.pdb,L31P,30,3.708891899884425,2.794175,-0.9147169902927503,0.9147169902927503
1V1C.pdb,L31C,30,2.035953726817497,1.0518684,-0.9840852880967939,0.9840852880967939
1V1C.pdb,D32Q,31,0.929122963420438,1.5501128,0.6209898800930508,0.6209898800930508
1V1C.pdb,D32E,31,0.8182585836505134,1.1005063,0.2822477220440667,0.2822477220440667
1V1C.pdb,D32N,31,0.1601863778186594,0.5916234,0.4314370476650442,0.4314370476650442
1V1C.pdb,D32H,31,0.9859863337475488,1.3278058,0.34181942377503416,0.34181942377503416
1V1C.pdb,D32R,31,1.4158375208449052,1.5955061,0.17966855119946734,0.17966855119946734
1V1C.pdb,D32K,31,1.351089172955244,1.7948563,0.44376713693550296,0.44376713693550296
1V1C.pdb,D32T,31,1.4917634135278042,1.2176089,-0.27415448484738425,0.27415448484738425
1V1C.pdb,D32S,31,0.5878715985881677,1.0627226,0.4748509651554236,0.4748509651554236
1V1C.pdb,D32A,31,1.2874026047311036,1.4061697,0.1187670482077392,0.1187670482077392
1V1C.pdb,D32G,31,2.569207173468004,1.5249273,-1.0442799149764879,1.0442799149764879
1V1C.pdb,D32M,31,1.0276567957195817,1.68015,0.6524932363238753,0.6524932363238753
1V1C.pdb,D32L,31,0.7243808273494055,1.5177706,0.7933898206532191,0.7933898206532191
1V1C.pdb,D32V,31,0.7666252023636706,1.5371022,0.7704770200789564,0.7704770200789564
1V1C.pdb,D32I,31,0.5772139400277192,1.5286064,0.9513924747672027,0.9513924747672027
1V1C.pdb,D32W,31,0.1985103056189254,1.3811338,1.1826234891656204,1.1826234891656204
1V1C.pdb,D32Y,31,0.4998200876382497,1.3691399,0.869319822106013,0.869319822106013
1V1C.pdb,D32F,31,0.6853246017104118,1.4660282,0.7807036117905648,0.7807036117905648
1V1C.pdb,D32P,31,4.189811244600752,2.1995595,-1.9902517944512157,1.9902517944512157
1V1C.pdb,D32C,31,0.3606986493186479,1.1226258,0.7619271784706587,0.7619271784706587
1V1C.pdb,A33Q,32,0.0306414796849407,0.53885245,0.5082109735468708,0.5082109735468708
1V1C.pdb,A33E,32,1.2709387679117934,0.80318385,-0.46775491428554217,0.46775491428554217
1V1C.pdb,A33N,32,-0.1733764267947006,0.35703307,0.5304095006968308,0.5304095006968308
1V1C.pdb,A33H,32,0.5434931247653503,0.58525014,0.04175701447109992,0.04175701447109992
1V1C.pdb,A33D,32,0.2665843828851528,0.6043197,0.3377353087728672,0.3377353087728672
1V1C.pdb,A33R,32,-0.2563714265487591,0.3525319,0.6089033364913861,0.6089033364913861
1V1C.pdb,A33K,32,-0.4238288427394225,0.2307561,0.6545849467318847,0.6545849467318847
1V1C.pdb,A33T,32,0.412920132931089,0.66270125,0.24978111619153065,0.24978111619153065
1V1C.pdb,A33S,32,-0.1218377011462603,0.2793439,0.4011816042109881,0.4011816042109881
1V1C.pdb,A33G,32,0.4635651458327374,0.54137313,0.0778079878266254,0.0778079878266254
1V1C.pdb,A33M,32,-0.2654548333125497,0.6598667,0.9253215239482309,0.9253215239482309
1V1C.pdb,A33L,32,1.1746523047808517,0.70908374,-0.4655685688380111,0.4655685688380111
1V1C.pdb,A33V,32,1.1705275904608312,0.80606663,-0.3644609581900182,0.3644609581900182
1V1C.pdb,A33I,32,1.0865419883564646,0.7526339,-0.33390805910384014,0.33390805910384014
1V1C.pdb,A33W,32,0.4899893568793159,0.7015905,0.21160112154094168,0.21160112154094168
1V1C.pdb,A33Y,32,0.1004760515897666,0.6995212,0.5990451323778238,0.5990451323778238
1V1C.pdb,A33F,32,0.4109019996367147,0.7521162,0.34121420367139077,0.34121420367139077
1V1C.pdb,A33P,32,0.9223155743532848,0.7058673,-0.21644828385645865,0.21644828385645865
1V1C.pdb,A33C,32,-0.4084764706564203,0.3314834,0.7399598645639673,0.7399598645639673
1V1C.pdb,A34Q,33,-0.1234414544790394,0.14610392,0.2695453730314381,0.2695453730314381
1V1C.pdb,A34E,33,0.3270161136789369,0.44410992,0.11709380300807481,0.11709380300807481
1V1C.pdb,A34N,33,-0.0636313100965715,-0.0114504695,0.05218084060270553,0.05218084060270553
1V1C.pdb,A34H,33,-0.0268563956926115,0.22434759,0.251203987092758,0.251203987092758
1V1C.pdb,A34D,33,0.4178388101238628,0.35734594,-0.06049287144130666,0.06049287144130666
1V1C.pdb,A34R,33,-0.568017906430212,-0.09876421,0.46925369549080465,0.46925369549080465
1V1C.pdb,A34K,33,-0.0933796050165973,-0.11788896,-0.024509352245441887,0.024509352245441887
1V1C.pdb,A34T,33,-0.7058054962591997,-0.3153602,0.39044530777500785,0.39044530777500785
1V1C.pdb,A34S,33,-0.822170117555288,-0.3212014,0.5009687036854302,0.5009687036854302
1V1C.pdb,A34G,33,0.1078594997006821,0.35788298,0.25002347683130033,0.25002347683130033
1V1C.pdb,A34M,33,0.3444615875239494,0.23616804,-0.1082935456986549,0.1082935456986549
1V1C.pdb,A34L,33,0.4510147988441226,0.25740772,-0.19360707398679228,0.19360707398679228
1V1C.pdb,A34V,33,0.5056859615632616,0.29079676,-0.21488920481887686,0.21488920481887686
1V1C.pdb,A34I,33,0.6158527959911138,0.19455686,-0.42129593387525377,0.42129593387525377
1V1C.pdb,A34W,33,0.7408869379505947,0.38514495,-0.3557419889912441,0.3557419889912441
1V1C.pdb,A34Y,33,0.6306441104695599,0.34709126,-0.28355285289738585,0.28355285289738585
1V1C.pdb,A34F,33,0.4485499974208573,0.3811195,-0.06743050775105752,0.06743050775105752
1V1C.pdb,A34P,33,1.3501661575371011,0.8286227,-0.5215434587532266,0.5215434587532266
1V1C.pdb,A34C,33,0.1440039810463105,-0.012019217,-0.15602319806062323,0.15602319806062323
1V1C.pdb,H35Q,34,0.4828235223186117,0.9032584,0.42043486095546667,0.42043486095546667
1V1C.pdb,H35E,34,0.5288903622693892,1.5165913,0.9877009482317094,0.9877009482317094
1V1C.pdb,H35N,34,-0.7630876308430672,0.07143378,0.8345214134205818,0.8345214134205818
1V1C.pdb,H35D,34,-0.7960325352858328,0.8782105,1.6742430202673697,1.6742430202673697
1V1C.pdb,H35R,34,1.0594895058608165,0.8048537,-0.2546358281111827,0.2546358281111827
1V1C.pdb,H35K,34,1.2298112501932712,1.0474786,-0.1823326935602756,0.1823326935602756
1V1C.pdb,H35T,34,0.3888489746598367,1.2272729,0.8384238934965964,0.8384238934965964
1V1C.pdb,H35S,34,-0.5049970470548191,0.86639833,1.371395381557993,1.371395381557993
1V1C.pdb,H35A,34,0.993027551929666,0.9806173,-0.01241026715488569,0.01241026715488569
1V1C.pdb,H35G,34,0.2696732066304124,1.2187612,0.9490879990428054,0.9490879990428054
1V1C.pdb,H35M,34,0.768516841311103,1.3568667,0.588349876027459,0.588349876027459
1V1C.pdb,H35L,34,0.7721962796181172,0.95115846,0.17896218433680833,0.17896218433680833
1V1C.pdb,H35V,34,1.660698888566433,1.2561911,-0.4045077541136133,0.4045077541136133
1V1C.pdb,H35I,34,1.4548996290465257,1.2401607,-0.21473892538746808,0.21473892538746808
1V1C.pdb,H35W,34,0.8659576834998823,0.6359453,-0.2300123633704878,0.2300123633704878
1V1C.pdb,H35Y,34,0.6277281580260352,0.41135812,-0.21637003996878423,0.21637003996878423
1V1C.pdb,H35F,34,0.6868974018555631,0.7853942,0.09849678988638022,0.09849678988638022
1V1C.pdb,H35P,34,2.1546920316970306,2.3638966,0.20920457665563053,0.20920457665563053
1V1C.pdb,H35C,34,0.3609028581346445,0.40273064,0.04182778561459255,0.04182778561459255
1V1C.pdb,P36Q,35,0.8111278496759269,0.84814763,0.03701978101560144,0.03701978101560144
1V1C.pdb,P36E,35,0.5314245488658269,0.87030053,0.3388759825215022,0.3388759825215022
1V1C.pdb,P36N,35,0.9137221295516746,0.94383776,0.03011563232729264,0.03011563232729264
1V1C.pdb,P36H,35,0.7781716644307206,0.88724875,0.10907709007062216,0.10907709007062216
1V1C.pdb,P36D,35,0.676815449203803,1.0470024,0.3701869855267268,0.3701869855267268
1V1C.pdb,P36R,35,1.0846289481441285,0.9734551,-0.11117387669484868,0.11117387669484868
1V1C.pdb,P36K,35,0.8019772843774353,0.8647167,0.06273942428269041,0.06273942428269041
1V1C.pdb,P36T,35,0.8819091951248641,0.9807123,0.09880309945368815,0.09880309945368815
1V1C.pdb,P36S,35,0.6843325530874207,0.8146818,0.13034927493458248,0.13034927493458248
1V1C.pdb,P36A,35,0.6520085941608409,0.800801,0.14879238497657976,0.14879238497657976
1V1C.pdb,P36G,35,1.0094913450575005,0.93856627,-0.07092507756711353,0.07092507756711353
1V1C.pdb,P36M,35,1.0795461649959588,0.84489286,-0.23465330553703545,0.23465330553703545
1V1C.pdb,P36L,35,1.0919219560056304,0.84226704,-0.24965491956764208,0.24965491956764208
1V1C.pdb,P36V,35,1.0977616532864651,0.84697264,-0.2507890089573941,0.2507890089573941
1V1C.pdb,P36I,35,1.224463985750135,0.92827535,-0.2961886389941535,0.2961886389941535
1V1C.pdb,P36W,35,1.3758748124835791,0.86333483,-0.512539977907926,0.512539977907926
1V1C.pdb,P36Y,35,1.3217922501285684,0.89363825,-0.4281539969165933,0.4281539969165933
1V1C.pdb,P36F,35,1.3816343094803485,0.901226,-0.4804083253838214,0.4804083253838214
1V1C.pdb,P36C,35,1.0149349304288768,0.59081984,-0.42411509476603504,0.42411509476603504
1V1C.pdb,L37Q,36,0.2477263008830235,0.06737028,-0.18035602025958752,0.18035602025958752
1V1C.pdb,L37E,36,-0.2376437754776064,-0.035131305,0.2025124700214449,0.2025124700214449
1V1C.pdb,L37N,36,-0.0354454764082463,0.13512236,0.17056783520722701,0.17056783520722701
1V1C.pdb,L37H,36,-0.0252445693554785,-0.08507268,-0.05982811195231416,0.05982811195231416
1V1C.pdb,L37D,36,-0.5539344549541241,0.015136957,0.5690714121227032,0.5690714121227032
1V1C.pdb,L37R,36,0.6618422891588205,0.56003416,-0.1018081333131784,0.1018081333131784
1V1C.pdb,L37K,36,0.4990402247647214,0.39078665,-0.10825357696809051,0.10825357696809051
1V1C.pdb,L37T,36,0.1387389275220774,0.26816434,0.12942540915928857,0.12942540915928857
1V1C.pdb,L37S,36,0.1902144810367918,0.26927683,0.07906234653698443,0.07906234653698443
1V1C.pdb,L37A,36,0.2698562611318937,0.21084535,-0.05901090991271646,0.05901090991271646
1V1C.pdb,L37G,36,0.045333709433875,0.26578933,0.22045562057177076,0.22045562057177076
1V1C.pdb,L37M,36,0.1960030683399951,0.10785603,-0.08814704055803174,0.08814704055803174
1V1C.pdb,L37V,36,0.954836243638058,0.17801851,-0.7768177332964137,0.7768177332964137
1V1C.pdb,L37I,36,0.9852859187204256,0.18390596,-0.8013799595910921,0.8013799595910921
1V1C.pdb,L37W,36,0.3954091313456009,-0.07064408,-0.4660532119844864,0.4660532119844864
1V1C.pdb,L37Y,36,0.1817419211517679,-0.161465,-0.34320692523826235,0.34320692523826235
1V1C.pdb,L37F,36,0.2078952914788496,-0.049188107,-0.2570833987309706,0.2570833987309706
1V1C.pdb,L37P,36,1.6124979937472177,1.1916584,-0.4208396160998178,0.4208396160998178
1V1C.pdb,L37C,36,0.1596573769307987,-0.31361634,-0.473273712322797,0.473273712322797
1V1C.pdb,R38Q,37,1.0048683473316251,1.5994253,0.5945569685253085,0.5945569685253085
1V1C.pdb,R38E,37,1.7303114706106306,2.2525842,0.5222727483682512,0.5222727483682512
1V1C.pdb,R38N,37,1.4939738820002066,1.6139882,0.12001427908682949,0.12001427908682949
1V1C.pdb,R38H,37,1.0194639459950214,1.4129553,0.3934913381236309,0.3934913381236309
1V1C.pdb,R38D,37,3.147226567158871,2.916161,-0.23106550682561888,0.23106550682561888
1V1C.pdb,R38K,37,0.3235812992669573,0.81982464,0.49624333671555615,0.49624333671555615
1V1C.pdb,R38T,37,1.3057563134308108,1.6814532,0.3756969145660154,0.3756969145660154
1V1C.pdb,R38S,37,0.8610280165619528,1.6224937,0.7614657273345316,0.7614657273345316
1V1C.pdb,R38A,37,1.0108625866618994,1.4223474,0.4114848397525903,0.4114848397525903
1V1C.pdb,R38G,37,2.205063745073632,2.46722,0.26215632290427315,0.26215632290427315
1V1C.pdb,R38M,37,0.3767261143354412,1.2911006,0.9143745068880085,0.9143745068880085
1V1C.pdb,R38L,37,0.3324850671490784,1.2185011,0.8860160238543395,0.8860160238543395
1V1C.pdb,R38V,37,1.1387112226730736,1.5117476,0.3730363759749977,0.3730363759749977
1V1C.pdb,R38I,37,1.0229645790697828,1.3732034,0.3502388177273974,0.3502388177273974
1V1C.pdb,R38W,37,0.2728930868663752,0.8075594,0.5346662841281926,0.5346662841281926
1V1C.pdb,R38Y,37,0.5670666697275917,0.91419846,0.347131788467141,0.347131788467141
1V1C.pdb,R38F,37,0.5890266619531017,1.2779484,0.6889217175634998,0.6889217175634998
1V1C.pdb,R38C,37,0.1561386457815272,1.306495,1.1503563054666417,1.1503563054666417
1V1C.pdb,W39H,38,4.115262526129212,2.2274516,-1.887810963247742,1.887810963247742
1V1C.pdb,W39R,38,4.304685907615729,2.7686229,-1.5360630324021063,1.5360630324021063
1V1C.pdb,W39M,38,3.7286877094586783,1.9606626,-1.7680251060803824,1.7680251060803824
1V1C.pdb,W39L,38,3.307412427270537,1.8124254,-1.4949870522857958,1.4949870522857958
1V1C.pdb,W39V,38,2.9275563499668174,2.003171,-0.9243853828647666,0.9243853828647666
1V1C.pdb,W39I,38,3.004854192913521,1.8432845,-1.1615697051892169,1.1615697051892169
1V1C.pdb,W39Y,38,2.0626687411842317,0.85197425,-1.2106944922981233,1.2106944922981233
1V1C.pdb,W39F,38,2.250574737935221,0.8833817,-1.3671930135776158,1.3671930135776158
1V1C.pdb,W39C,38,2.0412088855512884,1.6239705,-0.417238376975849,0.417238376975849
1V1C.pdb,L40Q,39,1.900044927074032,1.7789572,-0.12108767933996223,0.12108767933996223
1V1C.pdb,L40E,39,1.9146024964539845,2.4669218,0.5523193098814647,0.5523193098814647
1V1C.pdb,L40N,39,2.6621319450384533,2.0775585,-0.5845734275823986,0.5845734275823986
1V1C.pdb,L40H,39,1.585842008223933,1.4055341,-0.1803078600076855,0.1803078600076855
1V1C.pdb,L40R,39,1.6643264965351288,1.165416,-0.4989104942615692,0.4989104942615692
1V1C.pdb,L40K,39,1.5228543636490377,1.2740251,-0.2488292810608419,0.2488292810608419
1V1C.pdb,L40T,39,4.056968326100074,1.7192072,-2.337761158474647,2.337761158474647
1V1C.pdb,L40S,39,3.38084780299586,2.2586775,-1.1221703203908797,1.1221703203908797
1V1C.pdb,L40A,39,3.276144531566835,1.748434,-1.5277105840036636,1.5277105840036636
1V1C.pdb,L40G,39,4.385207519561374,2.7097752,-1.675432310134494,1.675432310134494
1V1C.pdb,L40M,39,1.2187776847919247,0.77203494,-0.44674274168813444,0.44674274168813444
1V1C.pdb,L40V,39,2.6206315536003024,1.0612116,-1.5594199676017673,1.5594199676017673
1V1C.pdb,L40I,39,2.361814412227452,0.7024621,-1.659352335086644,1.659352335086644
1V1C.pdb,L40W,39,0.2905286677357788,0.32357395,0.033045279217041035,0.033045279217041035
1V1C.pdb,L40Y,39,0.3648933880102047,0.24732995,-0.11756343767756311,0.11756343767756311
1V1C.pdb,L40F,39,0.4359195854467934,0.5170461,0.08112650849394148,0.08112650849394148
1V1C.pdb,L40C,39,1.2382238854971035,0.8864287,-0.35179517169858054,0.35179517169858054
1V1C.pdb,V41Q,40,4.275649490662772,3.3508844,-0.9247650531017371,0.9247650531017371
1V1C.pdb,V41E,40,3.8506803753662537,3.0763507,-0.7743296864319276,0.7743296864319276
1V1C.pdb,V41N,40,4.072432234257691,3.1992202,-0.873212053746216,0.873212053746216
1V1C.pdb,V41H,40,3.1798812663557072,3.0461955,-0.13368575930614668,0.13368575930614668
1V1C.pdb,V41D,40,4.340582569265495,3.2841103,-1.0564722615720132,1.0564722615720132
1V1C.pdb,V41R,40,3.7802871157410016,3.532408,-0.24787911670230534,0.24787911670230534
1V1C.pdb,V41K,40,3.777362155859692,3.5251355,-0.2522266387393306,0.2522266387393306
1V1C.pdb,V41T,40,3.463315923217772,2.5879838,-0.8753320765533434,0.8753320765533434
1V1C.pdb,V41S,40,4.040354799635561,3.1051228,-0.9352319949938375,0.9352319949938375
1V1C.pdb,V41A,40,3.0071980113153804,2.0850224,-0.9221755618219722,0.9221755618219722
1V1C.pdb,V41G,40,4.45657521209782,2.548909,-1.9076662631995047,1.9076662631995047
1V1C.pdb,V41M,40,3.708615836327515,1.880476,-1.82813983840271,1.82813983840271
1V1C.pdb,V41L,40,3.2248615841592105,1.3025746,-1.9222869496072086,1.9222869496072086
1V1C.pdb,V41I,40,0.6247542041314991,0.52356935,-0.1011848586572559,0.1011848586572559
1V1C.pdb,V41W,40,3.3415750121117678,2.8035624,-0.538012609386548,0.538012609386548
1V1C.pdb,V41Y,40,3.367732123490371,2.5667996,-0.8009324828348534,0.8009324828348534
1V1C.pdb,V41F,40,3.066675101097781,2.0860834,-0.9805916889273707,0.9805916889273707
1V1C.pdb,V41C,40,2.003726495693832,1.4914742,-0.512252344082504,0.512252344082504
1V1C.pdb,R42Q,41,0.9706110179589816,0.86321706,-0.10739396216140473,0.10739396216140473
1V1C.pdb,R42E,41,1.8845702962556796,1.6533016,-0.2312686996141391,0.2312686996141391
1V1C.pdb,R42N,41,2.3517606821431936,2.1620684,-0.18969231513879903,0.18969231513879903
1V1C.pdb,R42H,41,2.620084244473059,1.5490817,-1.0710025613141845,1.0710025613141845
1V1C.pdb,R42D,41,3.7807503964911433,2.9395437,-0.8412066724310847,0.8412066724310847
1V1C.pdb,R42K,41,0.7124598111327094,0.51054335,-0.2019164647276801,0.2019164647276801
1V1C.pdb,R42T,41,2.103572740088732,1.0767734,-1.0267993350136586,1.0267993350136586
1V1C.pdb,R42S,41,1.5812081616560405,1.1268916,-0.4543165486494487,0.4543165486494487
1V1C.pdb,R42A,41,1.2249220325413832,0.7090936,-0.5158284618321547,0.5158284618321547
1V1C.pdb,R42G,41,2.670486339751453,2.157055,-0.5134314386284062,0.5134314386284062
1V1C.pdb,R42M,41,1.2675914255376606,0.32157874,-0.9460126844640522,0.9460126844640522
1V1C.pdb,R42L,41,1.5975141848320007,0.50767505,-1.0898391331428527,1.0898391331428527
1V1C.pdb,R42V,41,1.4588258889457153,0.5045459,-0.9542799618979858,0.9542799618979858
1V1C.pdb,R42I,41,1.4580412455638525,0.32058555,-1.1374556966861364,1.1374556966861364
1V1C.pdb,R42W,41,2.367290047623167,0.8149203,-1.5523697414174173,1.5523697414174173
1V1C.pdb,R42Y,41,2.444763354505261,0.7275584,-1.717204980100354,1.717204980100354
1V1C.pdb,R42F,41,2.354217407024149,0.91135556,-1.4428618519666232,1.4428618519666232
1V1C.pdb,R42C,41,1.5353328732335645,0.649347,-0.8859858659589368,0.8859858659589368
1V1C.pdb,T43Q,42,2.3679410049447034,1.2176502,-1.150290829850099,1.150290829850099
1V1C.pdb,T43E,42,1.9109143357783696,1.5402318,-0.37068251185716594,0.37068251185716594
1V1C.pdb,T43N,42,2.4724998386334214,1.6898816,-0.7826182754467759,0.7826182754467759
1V1C.pdb,T43H,42,1.7798366413239894,1.4518981,-0.3279385433320461,0.3279385433320461
1V1C.pdb,T43D,42,2.562009036573053,1.7766433,-0.7853657603584532,0.7853657603584532
1V1C.pdb,T43R,42,2.723774194118366,1.4801843,-1.2435898774832341,1.2435898774832341
1V1C.pdb,T43K,42,2.874180797203439,1.5747392,-1.2994415794452605,1.2994415794452605
1V1C.pdb,T43S,42,0.9615375385119068,0.93612355,-0.025413988573704915,0.025413988573704915
1V1C.pdb,T43A,42,1.5340997210660774,1.3125864,-0.22151329433115308,0.22151329433115308
1V1C.pdb,T43G,42,2.961795630024147,1.8191175,-1.142678083942604,1.142678083942604
1V1C.pdb,T43M,42,1.6380573587160712,0.8563105,-0.7817468719225531,0.7817468719225531
1V1C.pdb,T43L,42,0.7323973094059761,0.9416453,0.20924801482421795,0.20924801482421795
1V1C.pdb,T43V,42,0.6110202589600178,0.5831128,-0.027907482680568307,0.027907482680568307
1V1C.pdb,T43I,42,0.6656001452484679,0.6618469,-0.0037532691040587096,0.0037532691040587096
1V1C.pdb,T43W,42,0.6962591730319714,1.0856643,0.38940509927637823,0.38940509927637823
1V1C.pdb,T43Y,42,1.0496084297333947,0.99382126,-0.055787166420101286,0.055787166420101286
1V1C.pdb,T43F,42,1.1042206311860765,1.0050111,-0.09920954949051985,0.09920954949051985
1V1C.pdb,T43P,42,2.8381719775099974,2.264639,-0.5735330767531615,0.5735330767531615
1V1C.pdb,T43C,42,0.9743902571641893,0.60889316,-0.3654971011125535,0.3654971011125535
1V1C.pdb,K44Q,43,-0.2004764125558322,0.1365403,0.3370167062493747,0.3370167062493747
1V1C.pdb,K44E,43,0.4037314422678522,0.2876424,-0.11608905273194825,0.11608905273194825
1V1C.pdb,K44N,43,0.7986424150559568,0.41968477,-0.3789576473328733,0.3789576473328733
1V1C.pdb,K44H,43,0.0933289952610336,-0.08285925,-0.17618824318393095,0.17618824318393095
1V1C.pdb,K44D,43,1.409075718804353,0.63221806,-0.776857655926698,0.776857655926698
1V1C.pdb,K44R,43,-0.3048938851843314,0.14503941,0.449933294583364,0.449933294583364
1V1C.pdb,K44T,43,0.0258781570954278,0.15363547,0.1277573149638221,0.1277573149638221
1V1C.pdb,K44S,43,0.4188642306330621,0.40461788,-0.01424635481862424,0.01424635481862424
1V1C.pdb,K44A,43,0.0911483014029874,-0.06405546,-0.1552037591142072,0.1552037591142072
1V1C.pdb,K44G,43,0.9268568910293586,0.5179367,-0.4089201844863899,0.4089201844863899
1V1C.pdb,K44M,43,-1.0511849485004443,-0.21931157,0.831873383339693,0.831873383339693
1V1C.pdb,K44V,43,-1.2589763245853112,-0.18944374,1.0695325873168633,1.0695325873168633
1V1C.pdb,K44W,43,-0.8276268935957294,-0.5599387,0.2676881647863727,0.2676881647863727
1V1C.pdb,K44Y,43,-0.8840700101616354,-0.57351536,0.31055465457462983,0.31055465457462983
1V1C.pdb,K44P,43,0.2698494165930678,0.88469964,0.6148502260651658,0.6148502260651658
1V1C.pdb,K44C,43,-1.0308866185340095,-0.44831657,0.5825700444373298,0.5825700444373298
1V1C.pdb,P45Q,44,0.4447625655089053,0.3797484,-0.06501416148287381,0.06501416148287381
1V1C.pdb,P45E,44,0.1032074324654845,0.28306782,0.17986038999087536,0.17986038999087536
1V1C.pdb,P45N,44,0.9017393881497532,0.8984604,-0.003278999966159435,0.003278999966159435
1V1C.pdb,P45H,44,0.7527450271703877,0.7238098,-0.02893524848004958,0.02893524848004958
1V1C.pdb,P45D,44,0.5855526510140008,0.92035913,0.3348064836600715,0.3348064836600715
1V1C.pdb,P45R,44,0.6329531152357561,0.6731806,0.04022746490340401,0.04022746490340401
1V1C.pdb,P45K,44,0.6296936044376835,0.51387876,-0.11581484171566814,0.11581484171566814
1V1C.pdb,P45T,44,0.6942062223851835,0.52248466,-0.17172156223656287,0.17172156223656287
1V1C.pdb,P45S,44,0.3554975009188763,0.38907617,0.0335786723866352,0.0335786723866352
1V1C.pdb,P45A,44,-0.2087259599517712,-0.046596885,0.16212907522429318,0.16212907522429318
1V1C.pdb,P45G,44,-0.0107126570391526,0.6654869,0.6761995292353501,0.6761995292353501
1V1C.pdb,P45M,44,0.7477422394465751,0.4183936,-0.32934862753861616,0.32934862753861616
1V1C.pdb,P45L,44,1.1670351250936934,0.47017688,-0.6968582495024154,0.6968582495024154
1V1C.pdb,P45V,44,0.9641403137181452,0.24317017,-0.7209701417420558,0.7209701417420558
1V1C.pdb,P45I,44,1.366730106961792,0.3961626,-0.970567507636612,0.970567507636612
1V1C.pdb,P45W,44,0.8545449391553595,0.50158024,-0.3529647008130743,0.3529647008130743
1V1C.pdb,P45Y,44,1.0212084818218674,0.6271216,-0.3940868544910874,0.3940868544910874
1V1C.pdb,P45F,44,1.0887315195995066,0.58226466,-0.5064668578105662,0.5064668578105662
1V1C.pdb,P45C,44,0.4141959553452787,0.19785091,-0.21634504253590675,0.21634504253590675
1V1C.pdb,T46Q,45,0.8651480895746935,0.89532113,0.030173041177870008,0.030173041177870008
1V1C.pdb,T46E,45,0.3297292683056296,0.9437114,0.6139821317264138,0.6139821317264138
1V1C.pdb,T46N,45,0.5907047601921649,0.5059237,-0.08478107178045224,0.08478107178045224
1V1C.pdb,T46H,45,0.7629866304012993,0.97511834,0.21213170866043773,0.21213170866043773
1V1C.pdb,T46D,45,0.1387391204282169,0.45482793,0.3160888140753384,0.3160888140753384
1V1C.pdb,T46R,45,1.2125938724230614,0.96298087,-0.24961300599087144,0.24961300599087144
1V1C.pdb,T46K,45,1.245581561567123,0.9156726,-0.32990896129780545,0.32990896129780545
1V1C.pdb,T46S,45,0.1405713205051677,0.23782301,0.09725168898579908,0.09725168898579908
1V1C.pdb,T46A,45,0.9569366110161628,0.9246932,-0.032243384201892766,0.032243384201892766
1V1C.pdb,T46G,45,0.6586959508670027,0.9149533,0.2562573405491655,0.2562573405491655
1V1C.pdb,T46M,45,0.7381639496248553,1.1558993,0.4177353366452863,0.4177353366452863
1V1C.pdb,T46L,45,0.9165329364386964,1.060707,0.14417403663717032,0.14417403663717032
1V1C.pdb,T46V,45,1.0845257404594215,1.0338018,-0.05072394640729749,0.05072394640729749
1V1C.pdb,T46I,45,1.086420422128867,1.1399865,0.0535660929162991,0.0535660929162991
1V1C.pdb,T46W,45,0.8025924518105687,1.1497314,0.34713894581821547,0.34713894581821547
1V1C.pdb,T46Y,45,0.5563572990044001,1.0794177,0.5230604065314886,0.5230604065314886
1V1C.pdb,T46F,45,0.6419651228859347,1.1975293,0.5555641930625517,0.5555641930625517
1V1C.pdb,T46P,45,1.8723410466370127,1.1361177,-0.7362233498749278,0.7362233498749278
1V1C.pdb,T46C,45,0.3756448138785453,0.674643,0.29899816622017905,0.29899816622017905
1V1C.pdb,K47Q,46,0.0624340349755048,0.10448523,0.04205119368221767,0.04205119368221767
1V1C.pdb,K47E,46,-0.2230269928332426,0.032009214,0.2550362069960691,0.2550362069960691
1V1C.pdb,K47N,46,-0.0713641414759194,0.015156463,0.08652060426450124,0.08652060426450124
1V1C.pdb,K47H,46,-0.0037532105510504,0.07036303,0.07411624038865874,0.07411624038865874
1V1C.pdb,K47D,46,-0.4280214066972752,0.03135073,0.4593721385469456,0.4593721385469456
1V1C.pdb,K47R,46,0.0701517235109605,0.12004004,0.04988831322695836,0.04988831322695836
1V1C.pdb,K47T,46,0.0789731441579597,0.10313685,0.02416370822565389,0.02416370822565389
1V1C.pdb,K47S,46,-0.0705886625523479,-0.05774325,0.012845411228647949,0.012845411228647949
1V1C.pdb,K47A,46,-0.2374439873312881,-0.08288567,0.15455831964959407,0.15455831964959407
1V1C.pdb,K47G,46,-0.0443741187251003,0.06134615,0.1057202696597965,0.1057202696597965
1V1C.pdb,K47M,46,-0.0078833690292303,0.20010802,0.20799139052695675,0.20799139052695675
1V1C.pdb,K47L,46,-0.1127930775652856,0.096799776,0.20959285352334683,0.20959285352334683
1V1C.pdb,K47V,46,0.073456397039882,0.14512044,0.07166404487372274,0.07166404487372274
1V1C.pdb,K47I,46,0.0911416312991333,0.25094774,0.1598061123551178,0.1598061123551178
1V1C.pdb,K47W,46,0.2055291016311109,0.08563346,-0.11989564492411017,0.11989564492411017
1V1C.pdb,K47Y,46,0.2470730554750098,0.1531294,-0.09394365665222537,0.09394365665222537
1V1C.pdb,K47F,46,0.1880612782302813,0.24961853,0.06155725204315621,0.06155725204315621
1V1C.pdb,K47P,46,-0.1933470398375463,-0.33648705,-0.1431400149872828,0.1431400149872828
1V1C.pdb,K47C,46,0.0393152351100254,-0.07974772,-0.11906295666287423,0.11906295666287423
1V1C.pdb,S48Q,47,0.0849363143540875,0.2485196,0.16358328508362613,0.16358328508362613
1V1C.pdb,S48E,47,-0.2600483048526039,0.21274535,0.47279365843212506,0.47279365843212506
1V1C.pdb,S48N,47,-0.2215809677209437,-0.03280878,0.1887721870507777,0.1887721870507777
1V1C.pdb,S48H,47,-0.2045827134728184,0.044200137,0.24878285073039438,0.24878285073039438
1V1C.pdb,S48D,47,-0.5347545001688632,0.03428547,0.5690399710121783,0.5690399710121783
1V1C.pdb,S48R,47,0.7013481888436508,0.44760948,-0.25373870464794157,0.25373870464794157
1V1C.pdb,S48K,47,0.4046439984087291,0.30147266,-0.10317133452933458,0.10317133452933458
1V1C.pdb,S48T,47,-0.0826365207142281,0.026852444,0.10948896452850575,0.10948896452850575
1V1C.pdb,S48A,47,0.1800255714040193,0.23012106,0.05009548980184464,0.05009548980184464
1V1C.pdb,S48G,47,-0.3114511965563995,0.24080136,0.5522525607398254,0.5522525607398254
1V1C.pdb,S48M,47,0.0400804006385167,0.27108508,0.23100468284613296,0.23100468284613296
1V1C.pdb,S48L,47,0.0859027985759244,0.24141626,0.15551346202416563,0.15551346202416563
1V1C.pdb,S48V,47,0.3108261364538704,0.2732728,-0.03755332408738482,0.03755332408738482
1V1C.pdb,S48I,47,0.3331241785357934,0.30105445,-0.0320697306464654,0.0320697306464654
1V1C.pdb,S48W,47,-0.0125316584378518,0.053723946,0.06625560465157403,0.06625560465157403
1V1C.pdb,S48Y,47,-0.0793900378560898,0.06734623,0.1467362680053589,0.1467362680053589
1V1C.pdb,S48F,47,-0.0497657690980175,0.12026419,0.1700299565531948,0.1700299565531948
1V1C.pdb,S48P,47,1.4830568037326255,0.68477386,-0.7982829413707175,0.7982829413707175
1V1C.pdb,S48C,47,-0.0337169657608895,-0.18541868,-0.15170171454935982,0.15170171454935982
1V1C.pdb,S49Q,48,-0.1688600758863447,-0.066490844,0.10236923199424722,0.10236923199424722
1V1C.pdb,S49E,48,-0.7061139350016257,0.0024243593,0.7085382943232199,0.7085382943232199
1V1C.pdb,S49N,48,0.1156690256557806,0.091554,-0.024115024682079128,0.024115024682079128
1V1C.pdb,S49H,48,0.0619994025917156,-0.014843449,-0.07684285158825949,0.07684285158825949
1V1C.pdb,S49D,48,-0.0301229935116302,0.2341367,0.2642596941418182,0.2642596941418182
1V1C.pdb,S49R,48,0.4431896967541036,0.1464937,-0.29669599362719623,0.29669599362719623
1V1C.pdb,S49K,48,0.4736812807786945,0.098955184,-0.3747260965574268,0.3747260965574268
1V1C.pdb,S49T,48,0.004866760042387,0.1288462,0.1239794382780018,0.1239794382780018
1V1C.pdb,S49A,48,-0.0153023292040366,-0.0054891706,0.009813158652736551,0.009813158652736551
1V1C.pdb,S49G,48,0.4047435160595123,0.32184225,-0.08290126285135191,0.08290126285135191
1V1C.pdb,S49M,48,0.0066456978437687,0.05777514,0.051129441964886085,0.051129441964886085
1V1C.pdb,S49L,48,0.1045179062516279,0.18446815,0.07995024388722707,0.07995024388722707
1V1C.pdb,S49V,48,0.1891035700892027,0.12897441,-0.06012916217790204,0.06012916217790204
1V1C.pdb,S49I,48,0.2414085567304411,0.13208853,-0.10932002964704418,0.10932002964704418
1V1C.pdb,S49W,48,0.4003278686513445,0.09441382,-0.305914051722481,0.305914051722481
1V1C.pdb,S49Y,48,0.3241265690745885,0.0828683,-0.24125826869626588,0.24125826869626588
1V1C.pdb,S49F,48,0.1917728004516945,0.16090125,-0.0308715519966469,0.0308715519966469
1V1C.pdb,S49P,48,2.4977093014998246,0.865444,-1.6322652969641496,1.6322652969641496
1V1C.pdb,S49C,48,-0.0969204094563735,-0.19027366,-0.09335324798476573,0.09335324798476573
1V1C.pdb,P50Q,49,0.7429643505254004,0.5328684,-0.21009596521045903,0.21009596521045903
1V1C.pdb,P50E,49,0.4107155679584426,0.4677353,0.05701972256890114,0.05701972256890114
1V1C.pdb,P50N,49,0.9915040628496596,0.5489707,-0.4425333635393569,0.4425333635393569
1V1C.pdb,P50H,49,0.901819758404081,0.54981714,-0.35200261353332296,0.35200261353332296
1V1C.pdb,P50D,49,0.6438819220581844,0.52184945,-0.12203246860893513,0.12203246860893513
1V1C.pdb,P50R,49,0.9440545092292928,0.66764677,-0.27640774352036945,0.27640774352036945
1V1C.pdb,P50K,49,0.7549664014067736,0.5428063,-0.21216007406378656,0.21216007406378656
1V1C.pdb,P50T,49,0.8221657217205234,0.6247429,-0.19742279655343964,0.19742279655343964
1V1C.pdb,P50S,49,0.8410618335119251,0.4689016,-0.3721602290979389,0.3721602290979389
1V1C.pdb,P50A,49,0.5372909515533824,0.40554738,-0.13174357110599466,0.13174357110599466
1V1C.pdb,P50G,49,0.7605671525591333,0.54382527,-0.21674188381371096,0.21674188381371096
1V1C.pdb,P50M,49,0.8667724130934444,0.56781954,-0.29895287736117515,0.29895287736117515
1V1C.pdb,P50L,49,0.8216400786893767,0.5513008,-0.27033925500086964,0.27033925500086964
1V1C.pdb,P50V,49,0.6106260119174163,0.5464422,-0.06418380124313039,0.06418380124313039
1V1C.pdb,P50I,49,0.7938039905111065,0.6419565,-0.15184748235146905,0.15184748235146905
1V1C.pdb,P50W,49,1.5233970889398774,0.53948015,-0.9839169391939362,0.9839169391939362
1V1C.pdb,P50Y,49,1.1789250592137843,0.6101132,-0.5688118556882411,0.5688118556882411
1V1C.pdb,P50F,49,1.1248366455277157,0.65184855,-0.4729880909165096,0.4729880909165096
1V1C.pdb,P50C,49,0.8010223536076073,0.30622596,-0.4947963981213097,0.4947963981213097
1V1C.pdb,S51Q,50,0.5539428907667965,0.5383885,-0.015554400089916598,0.015554400089916598
1V1C.pdb,S51E,50,0.7235931182554411,0.24983647,-0.47375664359838243,0.47375664359838243
1V1C.pdb,S51N,50,1.8334892316892653,0.94352233,-0.8899668975904493,0.8899668975904493
1V1C.pdb,S51H,50,1.4540418600370495,0.72771466,-0.7263272022535412,0.7263272022535412
1V1C.pdb,S51D,50,1.8946646558885931,0.5318733,-1.3627913701181769,1.3627913701181769
1V1C.pdb,S51R,50,1.019814393883136,0.990931,-0.028883419399646115,0.028883419399646115
1V1C.pdb,S51K,50,1.574353963118631,0.878256,-0.6960979401884857,0.6960979401884857
1V1C.pdb,S51T,50,0.4633147483458453,0.15726903,-0.30604571753644283,0.30604571753644283
1V1C.pdb,S51A,50,0.0542048296718906,-0.30523318,-0.3594380101948093,0.3594380101948093
1V1C.pdb,S51G,50,0.5304599967958374,0.2411123,-0.2893476900817795,0.2893476900817795
1V1C.pdb,S51M,50,0.3337786472727746,0.38033867,0.04656002155046757,0.04656002155046757
1V1C.pdb,S51L,50,0.9404978444910784,0.40645468,-0.5340431621409197,0.5340431621409197
1V1C.pdb,S51V,50,0.3409066580603168,-0.01786092,-0.3587675772974536,0.3587675772974536
1V1C.pdb,S51I,50,0.4679886014158132,0.14970484,-0.3182837576562765,0.3182837576562765
1V1C.pdb,S51W,50,0.718409390432567,0.40511796,-0.3132914316484636,0.3132914316484636
1V1C.pdb,S51Y,50,0.840652856089859,0.5442189,-0.2964339582703399,0.2964339582703399
1V1C.pdb,S51F,50,0.9847408822934476,0.3989212,-0.5858196906010953,0.5858196906010953
1V1C.pdb,S51P,50,0.4774731799734164,0.036147416,-0.4413257643354464,0.4413257643354464
1V1C.pdb,S51C,50,0.8974245389841324,0.07012436,-0.827300181045366,0.827300181045366
1V1C.pdb,R52Q,51,-0.2197831750054493,0.33040345,0.5501866221566334,0.5501866221566334
1V1C.pdb,R52E,51,0.0810354309423444,0.7954718,0.7144363565103533,0.7144363565103533
1V1C.pdb,R52N,51,0.6955693749769631,0.8944725,0.19890310484328833,0.19890310484328833
1V1C.pdb,R52H,51,0.4707468218665198,0.6558146,0.185067766203396,0.185067766203396
1V1C.pdb,R52D,51,0.9909651637078278,1.433885,0.4429198145865447,0.4429198145865447
1V1C.pdb,R52K,51,-0.1090804785370824,0.16560972,0.274690195906162,0.274690195906162
1V1C.pdb,R52T,51,0.1390125947532632,0.37874702,0.23973442143821935,0.23973442143821935
1V1C.pdb,R52S,51,0.3570631288889454,0.69954085,0.3424777246114208,0.3424777246114208
1V1C.pdb,R52A,51,0.2103254681387252,0.57045114,0.36012567226502235,0.36012567226502235
1V1C.pdb,R52G,51,1.2132419817540674,1.2503531,0.037111116161582025,0.037111116161582025
1V1C.pdb,R52M,51,-0.1458519244542282,0.26959786,0.41544978264476473,0.41544978264476473
1V1C.pdb,R52L,51,-0.136630951823192,0.2344741,0.37110504454513105,0.37110504454513105
1V1C.pdb,R52V,51,-0.4166281033991601,0.008402973,0.42503107681262753,0.42503107681262753
1V1C.pdb,R52I,51,-0.3778785211217568,-0.10548991,0.27238861147286153,0.27238861147286153
1V1C.pdb,R52W,51,0.0314416278815414,0.46668124,0.4352396141075943,0.4352396141075943
1V1C.pdb,R52Y,51,0.1463690445416077,0.4324723,0.2861032440669433,0.2861032440669433
1V1C.pdb,R52F,51,0.2998266712720721,0.5046416,0.20481492123052192,0.20481492123052192
1V1C.pdb,R52P,51,2.550613679696362,1.6394879,-0.911125817109387,0.911125817109387
1V1C.pdb,R52C,51,0.6920014948233812,0.22571245,-0.4662890464648455,0.4662890464648455
1V1C.pdb,Q53E,52,-0.0102101609538856,-0.03574401,-0.02553385044824453,0.02553385044824453
1V1C.pdb,Q53N,52,1.2126363846716504,0.8533751,-0.35926130742403073,0.35926130742403073
1V1C.pdb,Q53H,52,0.8944900286007895,0.36129248,-0.5331975471783652,0.5331975471783652
1V1C.pdb,Q53D,52,1.0439107290834435,0.7933617,-0.25054900566043936,0.25054900566043936
1V1C.pdb,Q53R,52,0.8332160807095996,0.61696744,-0.21624864105811037,0.21624864105811037
1V1C.pdb,Q53K,52,0.5727774605761318,0.54859966,-0.02417780017955584,0.02417780017955584
1V1C.pdb,Q53T,52,-0.3596151996090047,-0.098852485,0.260762714190685,0.260762714190685
1V1C.pdb,Q53S,52,0.3015727462735711,0.45448408,0.15291132903427496,0.15291132903427496
1V1C.pdb,Q53A,52,0.7071564379108093,0.49797165,-0.20918478397251583,0.20918478397251583
1V1C.pdb,Q53G,52,2.108542762450214,1.1672994,-0.9412433726110416,0.9412433726110416
1V1C.pdb,Q53M,52,-0.2150518792128264,0.038238645,0.253290523812741,0.253290523812741
1V1C.pdb,Q53L,52,0.2068392057723933,0.04243982,-0.1643993873901301,0.1643993873901301
1V1C.pdb,Q53V,52,-0.2761268319415024,-0.37334782,-0.09722098690996855,0.09722098690996855
1V1C.pdb,Q53I,52,-0.3444716106746766,-0.41877234,-0.07430072914618524,0.07430072914618524
1V1C.pdb,Q53W,52,0.5963523516030165,0.031315193,-0.5650371590227934,0.5650371590227934
1V1C.pdb,Q53Y,52,0.1524152186321368,0.043181702,-0.10923351613751553,0.10923351613751553
1V1C.pdb,Q53F,52,0.6215801992996424,0.071068406,-0.5505117931946009,0.5505117931946009
1V1C.pdb,Q53P,52,2.383350389428099,1.7431232,-0.6402272157144151,0.6402272157144151
1V1C.pdb,Q53C,52,0.0966250269502602,-0.10948527,-0.20611029554309468,0.20611029554309468
1V1C.pdb,G54Q,53,1.6695796570490289,2.7999787,1.1303990760137153,1.1303990760137153
1V1C.pdb,G54E,53,1.468332091882237,2.6350627,1.1667306026673236,1.1667306026673236
1V1C.pdb,G54N,53,2.790962689970847,2.3286364,-0.4623262821186742,0.4623262821186742
1V1C.pdb,G54H,53,1.2901582541786625,2.4704027,1.1802444634116696,1.1802444634116696
1V1C.pdb,G54D,53,2.700075278454892,2.390667,-0.30940831678497016,0.30940831678497016
1V1C.pdb,G54R,53,2.7573578778805627,2.7041488,-0.05320910850190064,0.05320910850190064
1V1C.pdb,G54K,53,3.0510018761881184,2.6777253,-0.3732765610941242,0.3732765610941242
1V1C.pdb,G54T,53,1.265362139008487,2.5117006,1.2463384911795012,1.2463384911795012
1V1C.pdb,G54S,53,2.087591290718676,2.4185953,0.3310040233072029,0.3310040233072029
1V1C.pdb,G54A,53,1.1717472073370163,2.1685894,0.996842146224385,0.996842146224385
1V1C.pdb,G54M,53,0.4388769479902485,2.1110532,1.6721762803880473,1.6721762803880473
1V1C.pdb,G54L,53,0.2384194537984933,1.9738297,1.7354102924478445,1.7354102924478445
1V1C.pdb,G54V,53,0.2146231798022189,1.889161,1.674537810912808,1.674537810912808
1V1C.pdb,G54I,53,0.3219686478234624,2.1950037,1.873035100116601,1.873035100116601
1V1C.pdb,G54W,53,1.136233240943715,2.2086658,1.0724326068346053,1.0724326068346053
1V1C.pdb,G54Y,53,0.3092845512908178,1.9389654,1.62968088850563,1.62968088850563
1V1C.pdb,G54F,53,0.2063067731766423,1.4323398,1.226033014306573,1.226033014306573
1V1C.pdb,G54P,53,4.33641699259166,2.5828054,-1.7536115974653175,1.7536115974653175
1V1C.pdb,G54C,53,1.0104934324711996,1.6120231,0.6015296826868815,0.6015296826868815
1V1C.pdb,W55Q,54,2.6288348436924256,2.476853,-0.1519819498630799,0.1519819498630799
1V1C.pdb,W55E,54,3.2876728246934204,2.7475786,-0.5400942037827758,0.5400942037827758
1V1C.pdb,W55N,54,2.5685980620428626,2.3476624,-0.22093561315980592,0.22093561315980592
1V1C.pdb,W55H,54,1.9728275915099616,2.014341,0.04151352444157652,0.04151352444157652
1V1C.pdb,W55D,54,3.619290625618993,2.7405329,-0.8787577505579578,0.8787577505579578
1V1C.pdb,W55R,54,2.260170845525284,2.4635327,0.20336184070823649,0.20336184070823649
1V1C.pdb,W55K,54,2.785992618198696,2.5162637,-0.26972889482528295,0.26972889482528295
1V1C.pdb,W55T,54,2.1344008237345795,2.0972233,-0.03717754187422795,0.03717754187422795
1V1C.pdb,W55S,54,2.91146506635259,2.4646626,-0.446802514472707,0.446802514472707
1V1C.pdb,W55A,54,3.219225879520268,2.2731535,-0.9460723360479779,0.9460723360479779
1V1C.pdb,W55G,54,3.397806263540548,2.942113,-0.4556933408720911,0.4556933408720911
1V1C.pdb,W55M,54,1.43967477787489,2.086222,0.6465471554899782,0.6465471554899782
1V1C.pdb,W55L,54,1.6722171928246374,1.8359938,0.16377657396003054,0.16377657396003054
1V1C.pdb,W55V,54,2.183899243097669,2.0306814,-0.15321787140882615,0.15321787140882615
1V1C.pdb,W55I,54,2.1124777512519013,1.9587458,-0.1537319140402924,0.1537319140402924
1V1C.pdb,W55Y,54,0.2875830195907412,0.8606007,0.57301769032442,0.57301769032442
1V1C.pdb,W55F,54,0.5505389808932666,0.767014,0.21647504574857912,0.21647504574857912
1V1C.pdb,W55P,54,3.3259930083741174,2.413512,-0.9124810168732629,0.9124810168732629
1V1C.pdb,W55C,54,1.5139702305269571,1.5588646,0.04489436297890226,0.04489436297890226
1V1C.pdb,V56Q,55,3.516560760140816,2.4652348,-1.0513260036710896,1.0513260036710896
1V1C.pdb,V56E,55,3.7523279617813543,2.4057112,-1.3466167877701238,1.3466167877701238
1V1C.pdb,V56N,55,3.952421213319413,2.5654907,-1.386930490663163,1.386930490663163
1V1C.pdb,V56H,55,3.919720763570453,2.358932,-1.5607887452904237,1.5607887452904237
1V1C.pdb,V56D,55,3.772269443525559,2.5757828,-1.1964866676466528,1.1964866676466528
1V1C.pdb,V56R,55,4.192646248679058,2.86622,-1.3264262512730518,1.3264262512730518
1V1C.pdb,V56K,55,4.40186773040264,2.9795794,-1.4222882817026887,1.4222882817026887
1V1C.pdb,V56T,55,1.4515781544046955,1.7057736,0.25419543759054375,0.25419543759054375
1V1C.pdb,V56S,55,3.207997986363252,2.0918417,-1.116156288670381,1.116156288670381
1V1C.pdb,V56A,55,1.2398394614974144,1.1028752,-0.13696422880088122,0.13696422880088122
1V1C.pdb,V56G,55,3.6757394435136814,2.1052098,-1.5705296160905857,1.5705296160905857
1V1C.pdb,V56M,55,1.1860151076215124,1.3036491,0.11763396025721073,0.11763396025721073
1V1C.pdb,V56L,55,1.6123885606697106,1.2675145,-0.3448740934303307,0.3448740934303307
1V1C.pdb,V56I,55,0.3603502413102637,0.215294,-0.14505623782363042,0.14505623782363042
1V1C.pdb,V56W,55,3.070576763447543,1.8463418,-1.2242349150741298,1.2242349150741298
1V1C.pdb,V56Y,55,3.1456546226562367,1.7207129,-1.4249417224944936,1.4249417224944936
1V1C.pdb,V56F,55,2.21493093545364,1.2938392,-0.9210917192213404,0.9210917192213404
1V1C.pdb,V56P,55,3.9817357218077714,2.6728616,-1.308874145727449,1.308874145727449
1V1C.pdb,V56C,55,0.7775410725160135,0.8943301,0.1167890118078696,0.1167890118078696
1V1C.pdb,S57Q,56,1.1149683841880291,1.163238,0.04826966436543767,0.04826966436543767
1V1C.pdb,S57E,56,0.6340520977735808,1.1111932,0.47714108231064767,0.47714108231064767
1V1C.pdb,S57N,56,-0.4350929533354017,-0.16689354,0.268199411522505,0.268199411522505
1V1C.pdb,S57H,56,0.1761243311743667,0.74018455,0.564060214342601,0.564060214342601
1V1C.pdb,S57D,56,-0.7454992338633888,0.29537326,1.0408724948382728,1.0408724948382728
1V1C.pdb,S57R,56,1.6324577452701647,0.82570964,-0.8067481042903979,0.8067481042903979
1V1C.pdb,S57K,56,1.2534835138364313,1.0922381,-0.16124544525580387,0.16124544525580387
1V1C.pdb,S57T,56,1.3423755684783227,0.48404953,-0.8583260396411188,0.8583260396411188
1V1C.pdb,S57A,56,0.8664523084577134,0.747715,-0.11873731211982275,0.11873731211982275
1V1C.pdb,S57G,56,1.7731690889380989,0.95980906,-0.8133600240729866,0.8133600240729866
1V1C.pdb,S57M,56,1.2668274415390912,1.3036985,0.036871098194795504,0.036871098194795504
1V1C.pdb,S57L,56,1.322777513126152,1.0010204,-0.3217570816075974,0.3217570816075974
1V1C.pdb,S57V,56,1.3052759690106837,1.0649902,-0.2402858061612574,0.2402858061612574
1V1C.pdb,S57I,56,1.2697247453136464,1.1241145,-0.14561023191642963,0.14561023191642963
1V1C.pdb,S57W,56,1.9011736472662888,1.1811931,-0.7199805339392624,0.7199805339392624
1V1C.pdb,S57Y,56,1.5104361563160411,1.1990224,-0.31141374401593125,0.31141374401593125
1V1C.pdb,S57F,56,1.5203200919023256,1.3574667,-0.16285339420945455,0.16285339420945455
1V1C.pdb,S57P,56,-0.5170358183675132,0.72447944,1.2415152552419029,1.2415152552419029
1V1C.pdb,S57C,56,0.6331162144738034,0.5591972,-0.07391902705009734,0.07391902705009734
1V1C.pdb,P58Q,57,2.143453352777371,1.6922972,-0.4511561325472684,0.4511561325472684
1V1C.pdb,P58E,57,2.6978875788865966,2.023112,-0.6747755202470702,0.6747755202470702
1V1C.pdb,P58N,57,1.6762669708612006,1.6317575,-0.04450947307372499,0.04450947307372499
1V1C.pdb,P58H,57,2.051661564198328,1.528306,-0.5233555568130739,0.5233555568130739
1V1C.pdb,P58D,57,3.118751960912672,2.2248492,-0.893902736822096,0.893902736822096
1V1C.pdb,P58R,57,1.3233731263759587,1.5673331,0.2439599758502986,0.2439599758502986
1V1C.pdb,P58K,57,1.531294139136817,1.5549902,0.023696033249352544,0.023696033249352544
1V1C.pdb,P58T,57,1.291998563746679,1.8436959,0.5516973152358648,0.5516973152358648
1V1C.pdb,P58S,57,0.5689328180923772,1.5230393,0.9541065228805232,0.9541065228805232
1V1C.pdb,P58A,57,0.887893067204709,1.5054508,0.6175577775600005,0.6175577775600005
1V1C.pdb,P58G,57,2.345287925085681,1.5878246,-0.757463342032092,0.757463342032092
1V1C.pdb,P58M,57,1.5961753267951826,1.5332326,-0.06294275710066355,0.06294275710066355
1V1C.pdb,P58L,57,2.2832164159679635,1.4087044,-0.8745120159054025,0.8745120159054025
1V1C.pdb,P58V,57,1.196867550181719,1.4580472,0.2611796013838328,0.2611796013838328
1V1C.pdb,P58I,57,1.5012279990550366,1.5654817,0.06425366369520757,0.06425366369520757
1V1C.pdb,P58W,57,2.1794887235715863,1.6069373,-0.5725514343336102,0.5725514343336102
1V1C.pdb,P58Y,57,2.474737590976288,1.4707174,-1.004020160861542,1.004020160861542
1V1C.pdb,P58F,57,2.27769281757965,1.4557276,-0.8219652403701772,0.8219652403701772
1V1C.pdb,P58C,57,1.1148962526230617,1.1453748,0.03047852230979964,0.03047852230979964
1V1C.pdb,A59Q,58,0.05094556923384,0.14069197,0.08974639658456515,0.08974639658456515
1V1C.pdb,A59E,58,0.0229800189321673,0.46123207,0.4382520472223127,0.4382520472223127
1V1C.pdb,A59N,58,0.3089368093770495,0.60579187,0.2968550574022779,0.2968550574022779
1V1C.pdb,A59H,58,0.3387708818813548,0.4823612,0.14359031559026386,0.14359031559026386
1V1C.pdb,A59D,58,0.0483876388556376,0.72011465,0.671727009486495,0.671727009486495
1V1C.pdb,A59R,58,0.3698419773131647,0.31076232,-0.059079661324624055,0.059079661324624055
1V1C.pdb,A59K,58,0.0980728002987483,0.19976422,0.10169142160791368,0.10169142160791368
1V1C.pdb,A59T,58,0.1882051482324467,0.59497774,0.4067725882406368,0.4067725882406368
1V1C.pdb,A59S,58,0.2378353954599417,0.5139655,0.2761300920202219,0.2761300920202219
1V1C.pdb,A59G,58,0.8576081729473106,0.7421001,-0.11550805335655134,0.11550805335655134
1V1C.pdb,A59M,58,0.0530305776597623,0.20497766,0.15194708371146878,0.15194708371146878
1V1C.pdb,A59L,58,-0.1308476020415305,0.2783188,0.40916639462308874,0.40916639462308874
1V1C.pdb,A59V,58,0.1634719198681349,0.470878,0.3074060851596361,0.3074060851596361
1V1C.pdb,A59I,58,0.0274111130123397,0.28201896,0.25460784650990764,0.25460784650990764
1V1C.pdb,A59W,58,0.7184678784061642,0.4777645,-0.2407033911396237,0.2407033911396237
1V1C.pdb,A59Y,58,0.6285457493423574,0.5080672,-0.12047855869523216,0.12047855869523216
1V1C.pdb,A59F,58,0.4344312712443616,0.4680305,0.033599241088554666,0.033599241088554666
1V1C.pdb,A59P,58,2.3448344721571077,1.9275438,-0.4172907128110994,0.4172907128110994
1V1C.pdb,A59C,58,0.216868928640761,0.109001935,-0.10786699411241016,0.10786699411241016
1V1C.pdb,Y60Q,59,1.8820036736117696,1.7173209,-0.16468275457490433,0.16468275457490433
1V1C.pdb,Y60E,59,2.7445295389641906,2.4722295,-0.2723000582207824,0.2723000582207824
1V1C.pdb,Y60N,59,0.8474524598816484,1.9162086,1.0687561649581343,1.0687561649581343
1V1C.pdb,Y60H,59,0.5759118552059279,0.9983871,0.42247524310645,0.42247524310645
1V1C.pdb,Y60D,59,2.101900916334045,2.4795096,0.3776086757222292,0.3776086757222292
1V1C.pdb,Y60R,59,2.3567704260943696,1.7826039,-0.5741665661929414,0.5741665661929414
1V1C.pdb,Y60K,59,1.9531234396560435,1.6801549,-0.2729685200317149,0.2729685200317149
1V1C.pdb,Y60T,59,1.7385980900245972,1.7549907,0.01639260688244626,0.01639260688244626
1V1C.pdb,Y60S,59,1.406826687955451,2.0613978,0.6545711029533625,0.6545711029533625
1V1C.pdb,Y60A,59,1.2418803467655075,1.6517662,0.40988583422661895,0.40988583422661895
1V1C.pdb,Y60G,59,1.332513595815192,1.8887188,0.5562052476448911,0.5562052476448911
1V1C.pdb,Y60M,59,1.2876844604379103,1.1725963,-0.11508812502683852,0.11508812502683852
1V1C.pdb,Y60L,59,0.8722054303291227,1.1054642,0.2332587897178744,0.2332587897178744
1V1C.pdb,Y60V,59,0.2125301103253232,1.2243992,1.0118690986971988,1.0118690986971988
1V1C.pdb,Y60I,59,0.344735065996562,1.2604647,0.9157296022773638,0.9157296022773638
1V1C.pdb,Y60W,59,1.0946983567354651,0.6405254,-0.4541729560968848,0.4541729560968848
1V1C.pdb,Y60F,59,0.0491796530709964,0.20785081,0.15867116079466523,0.15867116079466523
1V1C.pdb,Y60P,59,3.043214752495527,2.3841348,-0.6590799830558298,0.6590799830558298
1V1C.pdb,Y60C,59,1.046316659702347,0.62682056,-0.41949609543232746,0.41949609543232746
1V1C.pdb,L61Q,60,4.028131543934472,2.761335,-1.2667966478468253,1.2667966478468253
1V1C.pdb,L61E,60,3.673294303796863,2.5718756,-1.1014187315922732,1.1014187315922732
1V1C.pdb,L61N,60,3.8795202322097935,2.305029,-1.57449131680452,1.57449131680452
1V1C.pdb,L61H,60,3.643719955628276,2.494835,-1.1488850557259322,1.1488850557259322
1V1C.pdb,L61D,60,3.406083423936962,2.393175,-1.012908537233471,1.012908537233471
1V1C.pdb,L61R,60,3.6357722876910823,2.6018758,-1.0338965056781428,1.0338965056781428
1V1C.pdb,L61K,60,4.316979029013065,2.626617,-1.690362074209598,1.690362074209598
1V1C.pdb,L61T,60,3.9267713128972472,2.2254293,-1.701342016403717,1.701342016403717
1V1C.pdb,L61S,60,4.059955559194211,2.4286509,-1.631304703176145,1.631304703176145
1V1C.pdb,L61A,60,4.017609439739264,2.2772908,-1.7403186186638244,1.7403186186638244
1V1C.pdb,L61G,60,4.333128923673471,2.1013107,-2.2318181936930026,2.2318181936930026
1V1C.pdb,L61M,60,2.153491109705698,1.1947584,-0.9587326944835302,0.9587326944835302
1V1C.pdb,L61V,60,2.087903301483242,1.2841237,-0.8037796423493311,0.8037796423493311
1V1C.pdb,L61I,60,1.3608280311573493,0.8845844,-0.4762436042774665,0.4762436042774665
1V1C.pdb,L61W,60,3.371613326971782,2.4282572,-0.9433561000278123,0.9433561000278123
1V1C.pdb,L61Y,60,3.99771495075475,2.3519135,-1.6458014986063123,1.6458014986063123
1V1C.pdb,L61F,60,2.134857771445343,1.9021139,-0.23274385695559685,0.23274385695559685
1V1C.pdb,L61P,60,3.991221741731447,2.4502237,-1.5409980574205338,1.5409980574205338
1V1C.pdb,L61C,60,2.583890467048993,1.5531023,-1.0307882121814393,1.0307882121814393
1V1C.pdb,D62Q,61,-0.3998184106446794,-1.0731264,-0.6733080246351668,0.6733080246351668
1V1C.pdb,D62E,61,-0.7361686836690753,-0.7878828,-0.05171412120153018,0.05171412120153018
1V1C.pdb,D62N,61,0.3025523802498853,-0.10187048,-0.40442285744943973,0.40442285744943973
1V1C.pdb,D62H,61,0.1211434187470104,-0.44729137,-0.5684347929535534,0.5684347929535534
1V1C.pdb,D62R,61,-0.4107476866651112,-0.7761179,-0.3653702342104381,0.3653702342104381
1V1C.pdb,D62K,61,-0.4550423242132249,-0.77759296,-0.32255063280658103,0.32255063280658103
1V1C.pdb,D62T,61,-0.4246418898267174,-0.7269132,-0.302271323903141,0.302271323903141
1V1C.pdb,D62S,61,-0.4799820008037541,-0.5339414,-0.053959387326433905,0.053959387326433905
1V1C.pdb,D62A,61,-0.5176458181299699,-0.9622387,-0.44459291087012165,0.44459291087012165
1V1C.pdb,D62G,61,-0.1228615046082586,0.11534381,0.23820531373606624,0.23820531373606624
1V1C.pdb,D62M,61,-0.2862469166007026,-1.0395036,-0.7532566577706352,0.7532566577706352
1V1C.pdb,D62L,61,-0.1080966027532945,-0.751054,-0.6429573861802688,0.6429573861802688
1V1C.pdb,D62V,61,-0.3077125192506802,-1.1432706,-0.8355580925123203,0.8355580925123203
1V1C.pdb,D62I,61,-0.116386045597836,-1.1620014,-1.045615325785831,1.045615325785831
1V1C.pdb,D62W,61,0.7027022609730005,-0.59953356,-1.3022358188648462,1.3022358188648462
1V1C.pdb,D62Y,61,0.4371295277422127,-0.7091411,-1.1462706033533272,1.1462706033533272
1V1C.pdb,D62F,61,0.4841505459424202,-0.682585,-1.1667355469342415,1.1667355469342415
1V1C.pdb,D62P,61,2.868175408972254,1.705383,-1.1627924658188729,1.1627924658188729
1V1C.pdb,D62C,61,-0.1650301285147026,-1.0129749,-0.8479447297692939,0.8479447297692939
1V1C.pdb,R63Q,62,0.3143180515410195,0.6096572,0.295339176451992,0.295339176451992
1V1C.pdb,R63E,62,0.8249000911526556,1.2797623,0.45486217691375064,0.45486217691375064
1V1C.pdb,R63N,62,0.4190242449532775,0.827289,0.40826474029910287,0.40826474029910287
1V1C.pdb,R63H,62,0.1330261238675492,0.4449634,0.31193727172800134,0.31193727172800134
1V1C.pdb,R63D,62,1.0729180142260355,1.7209744,0.6480564311169821,0.6480564311169821
1V1C.pdb,R63K,62,-0.3019997185540153,-0.027156472,0.2748432463478996,0.2748432463478996
1V1C.pdb,R63T,62,0.7523700418939221,0.8945881,0.14221807093719363,0.14221807093719363
1V1C.pdb,R63S,62,0.5561141623538584,0.9592234,0.40310922727169096,0.40310922727169096
1V1C.pdb,R63A,62,0.4715418715340176,0.490429,0.01888714243349643,0.01888714243349643
1V1C.pdb,R63G,62,0.5188557452228166,1.091665,0.5728092843029402,0.5728092843029402
1V1C.pdb,R63M,62,0.1461920598977699,0.44430616,0.2981141050821648,0.2981141050821648
1V1C.pdb,R63L,62,-0.4744102128492908,-0.24761146,0.22679874977937503,0.22679874977937503
1V1C.pdb,R63V,62,0.2756741253866335,0.3079091,0.03223497586115398,0.03223497586115398
1V1C.pdb,R63I,62,0.0080359726247518,0.20677805,0.19874207684424233,0.19874207684424233
1V1C.pdb,R63W,62,0.2010871345320799,0.111961365,-0.08912576978598616,0.08912576978598616
1V1C.pdb,R63Y,62,-0.0194756159891467,0.23187053,0.25134614802497435,0.25134614802497435
1V1C.pdb,R63F,62,-0.7231614929744659,0.37408018,1.097241674096292,1.097241674096292
1V1C.pdb,R63P,62,0.3668887752897785,0.481179,0.11429022365736508,0.11429022365736508
1V1C.pdb,R63C,62,0.5317304030261774,0.2527784,-0.2789519921146173,0.2789519921146173
1V1C.pdb,R64Q,63,-0.055600964138093,0.17763844,0.23323940546232702,0.23323940546232702
1V1C.pdb,R64E,63,0.1355638978664552,0.53616524,0.40060133956030264,0.40060133956030264
1V1C.pdb,R64N,63,0.1633816620652668,0.4738862,0.31050452977967335,0.31050452977967335
1V1C.pdb,R64H,63,-0.2741103185606195,0.09453459,0.3686449094009592,0.3686449094009592
1V1C.pdb,R64D,63,-0.0487630306389434,0.99384034,1.042603367438565,1.042603367438565
1V1C.pdb,R64K,63,0.0539459120520415,0.040277198,-0.013668714095002622,0.013668714095002622
1V1C.pdb,R64T,63,-0.0562243609131245,0.0027554184,0.05897977933296245,0.05897977933296245
1V1C.pdb,R64S,63,-0.0463059282828641,0.35746354,0.4037694669295621,0.4037694669295621
1V1C.pdb,R64A,63,-0.5430203884093947,0.13165793,0.674678316637773,0.674678316637773
1V1C.pdb,R64G,63,0.3426494663303865,0.86922413,0.5265746647769438,0.5265746647769438
1V1C.pdb,R64M,63,-0.3436960670630764,-0.19312151,0.15057455929921382,0.15057455929921382
1V1C.pdb,R64L,63,-0.5878698592779834,-0.48994774,0.09792212301470826,0.09792212301470826
1V1C.pdb,R64V,63,-1.2428082642176497,-0.6105739,0.6322343763926375,0.6322343763926375
1V1C.pdb,R64I,63,-0.7644094623178219,-0.7436741,0.020735362872478902,0.020735362872478902
1V1C.pdb,R64W,63,-0.4373443482059409,-0.16667134,0.27067301250876685,0.27067301250876685
1V1C.pdb,R64Y,63,-0.7050841994288124,-0.17823021,0.5268539882900871,0.5268539882900871
1V1C.pdb,R64F,63,-0.5351248618506572,-0.09683967,0.43828519548408007,0.43828519548408007
1V1C.pdb,R64P,63,-0.3300867789041595,0.8537146,1.1838013642084197,1.1838013642084197
1V1C.pdb,R64C,63,-0.6693780417221715,-0.3849311,0.28444695422827504,0.28444695422827504
1V1C.pdb,L65Q,64,-0.0781919529411494,0.11747322,0.19566517525646082,0.19566517525646082
1V1C.pdb,L65E,64,-0.1518383493130777,-0.0400344,0.11180395087653136,0.11180395087653136
1V1C.pdb,L65N,64,0.0672475161627641,0.009935491,-0.057312025375734835,0.057312025375734835
1V1C.pdb,L65H,64,-0.0060154268470866,-0.010542311,-0.004526883927239725,0.004526883927239725
1V1C.pdb,L65D,64,-0.1573723959902153,-0.0013954341,0.15597696184905624,0.15597696184905624
1V1C.pdb,L65R,64,0.49177480328995,0.27993506,-0.21183974135833988,0.21183974135833988
1V1C.pdb,L65K,64,0.2799410008602305,0.2229909,-0.05695010058213906,0.05695010058213906
1V1C.pdb,L65T,64,-0.1339789115156393,0.11716267,0.25114157873050974,0.25114157873050974
1V1C.pdb,L65S,64,-0.1065979812031896,0.056394573,0.16299255450426647,0.16299255450426647
1V1C.pdb,L65A,64,-0.0820178147600674,0.03163982,0.11365763658747906,0.11365763658747906
1V1C.pdb,L65G,64,-0.0779508935984543,0.22388546,0.301836355286496,0.301836355286496
1V1C.pdb,L65M,64,-0.1047880424583516,0.06949579,0.1742838321650586,0.1742838321650586
1V1C.pdb,L65V,64,-0.2068104225379006,-0.0015598983,0.20525052428064505,0.20525052428064505
1V1C.pdb,L65I,64,-0.1112259460275977,0.024814226,0.13604017176087788,0.13604017176087788
1V1C.pdb,L65W,64,-0.2656847759331033,-0.087594405,0.1780903711164758,0.1780903711164758
1V1C.pdb,L65Y,64,-0.1324184506361643,-0.06688143,0.0655370175068537,0.0655370175068537
1V1C.pdb,L65F,64,-0.1688217806772289,0.05390607,0.22272784888306232,0.22272784888306232
1V1C.pdb,L65P,64,-0.2045363695773825,0.4280231,0.6325594694766745,0.6325594694766745
1V1C.pdb,L65C,64,-0.0082758275781045,-0.21309431,-0.2048184813942542,0.2048184813942542
1WCL.pdb,E1Q,0,0.0545908381695907,-0.01703564,-0.07162647894574808,0.07162647894574808
1WCL.pdb,E1N,0,-0.1037037967593406,-0.053218592,0.05048520480105623,0.05048520480105623
1WCL.pdb,E1H,0,0.0600086001236599,-0.07992475,-0.1399333474714916,0.1399333474714916
1WCL.pdb,E1D,0,0.0241870069303447,0.05594316,0.031756154318816066,0.031756154318816066
1WCL.pdb,E1R,0,0.979341169291328,0.02550751,-0.9538336595829234,0.9538336595829234
1WCL.pdb,E1K,0,0.2933252593987427,-0.0769589,-0.37028416157893757,0.37028416157893757
1WCL.pdb,E1T,0,-0.0271506658161078,0.056039266,0.08318993210438828,0.08318993210438828
1WCL.pdb,E1S,0,-0.0471564412012694,-0.015524041,0.031632400293648014,0.031632400293648014
1WCL.pdb,E1A,0,-0.094194659775062,-0.13353646,-0.039341798240379894,0.039341798240379894
1WCL.pdb,E1G,0,-0.0155116174817484,-0.042227507,-0.026715889155824842,0.026715889155824842
1WCL.pdb,E1M,0,0.1440930779605582,-0.09593099,-0.24002407151753452,0.24002407151753452
1WCL.pdb,E1L,0,0.1977295409786474,-0.075089596,-0.2728191371905576,0.2728191371905576
1WCL.pdb,E1V,0,-0.0275839890592877,-0.041103464,-0.013519474560659734,0.013519474560659734
1WCL.pdb,E1I,0,0.1298299727666956,-0.040619045,-0.17044901826268255,0.17044901826268255
1WCL.pdb,E1W,0,0.5960412950977374,-0.13330716,-0.7293484540447284,0.7293484540447284
1WCL.pdb,E1Y,0,0.8159860400247916,-0.07196384,-0.8879498792577132,0.8879498792577132
1WCL.pdb,E1F,0,0.7301854088064799,-0.049808186,-0.7799935943540701,0.7799935943540701
1WCL.pdb,E1P,0,0.089438945004594,0.10818966,0.018750712325919003,0.018750712325919003
1WCL.pdb,E1C,0,0.4006836484158267,-0.3280371,-0.7287207613671054,0.7287207613671054
1WCL.pdb,A2Q,1,-0.2421376826074004,0.2025432,0.44468088166974784,0.44468088166974784
1WCL.pdb,A2E,1,0.1870265481194568,0.29937005,0.11234350231084106,0.11234350231084106
1WCL.pdb,A2N,1,0.0395175651445884,0.1960147,0.15649713717551048,0.15649713717551048
1WCL.pdb,A2H,1,-0.0760593396026338,0.16686124,0.24292057569806225,0.24292057569806225
1WCL.pdb,A2D,1,0.3084581051722743,0.3482053,0.03974719301307422,0.03974719301307422
1WCL.pdb,A2R,1,-0.2152519317896892,0.10906307,0.3243149983318378,0.3243149983318378
1WCL.pdb,A2K,1,-0.2649300783058281,0.063145325,0.32807540289365006,0.32807540289365006
1WCL.pdb,A2T,1,0.0024333974375019,0.29197046,0.28953706416947744,0.28953706416947744
1WCL.pdb,A2S,1,0.1481372820791584,0.1905274,0.04239011233478965,0.04239011233478965
1WCL.pdb,A2G,1,0.1669007233347894,0.29786253,0.13096180641984928,0.13096180641984928
1WCL.pdb,A2M,1,-0.3330850661512721,0.11013063,0.4432156965848315,0.4432156965848315
1WCL.pdb,A2L,1,-0.0084390168166574,0.10938705,0.11782606440548263,0.11782606440548263
1WCL.pdb,A2V,1,0.1131605989892445,0.14821604,0.03505543995309253,0.03505543995309253
1WCL.pdb,A2I,1,-0.0540565962832233,0.08462478,0.13868137848785128,0.13868137848785128
1WCL.pdb,A2W,1,-0.5036607931714272,0.060083106,0.5637438993315911,0.5637438993315911
1WCL.pdb,A2Y,1,-0.4170726509057632,0.08934462,0.506417271610414,0.506417271610414
1WCL.pdb,A2F,1,-0.3565195493885982,0.13793403,0.49445357849092364,0.49445357849092364
1WCL.pdb,A2P,1,0.4068251199815997,0.27002257,-0.13680254889471616,0.13680254889471616
1WCL.pdb,A2C,1,0.5291475133302206,-0.04251483,-0.5716623441579336,0.5716623441579336
1WCL.pdb,H3Q,2,-0.576150293663765,-0.09588473,0.480265560761715,0.480265560761715
1WCL.pdb,H3E,2,0.2305721250668719,0.11089968,-0.11967244570409802,0.11967244570409802
1WCL.pdb,H3N,2,0.2335369535206837,0.07344946,-0.1600874908684773,0.1600874908684773
1WCL.pdb,H3D,2,0.3914732292071763,0.24293724,-0.14853599218286906,0.14853599218286906
1WCL.pdb,H3R,2,-0.5205447634317184,-0.085135125,0.4354096388079429,0.4354096388079429
1WCL.pdb,H3K,2,-0.4567265138643561,-0.16088182,0.29584469652350526,0.29584469652350526
1WCL.pdb,H3T,2,0.1142765043325266,0.22397232,0.10969581622411402,0.10969581622411402
1WCL.pdb,H3S,2,0.0255184404160604,0.14734957,0.12183112580517678,0.12183112580517678
1WCL.pdb,H3A,2,-0.0490970958015655,-0.07580542,-0.0267083223917748,0.0267083223917748
1WCL.pdb,H3G,2,0.2006021335615355,0.1577354,-0.04286672620908799,0.04286672620908799
1WCL.pdb,H3M,2,-0.2681161216388603,0.020367652,0.28848377381667095,0.28848377381667095
1WCL.pdb,H3L,2,-0.2482891183366935,-0.021788612,0.22650050632859872,0.22650050632859872
1WCL.pdb,H3V,2,0.0679393880954308,0.10037743,0.03243804490656428,0.03243804490656428
1WCL.pdb,H3I,2,-0.0317963400421126,0.01998555,0.05178188919401003,0.05178188919401003
1WCL.pdb,H3W,2,-0.0907449620597264,0.08806453,0.1788094910614392,0.1788094910614392
1WCL.pdb,H3Y,2,0.2216265161793789,0.10687112,-0.1147553955476841,0.1147553955476841
1WCL.pdb,H3F,2,0.2609386385635801,0.1654048,-0.09553384196323833,0.09553384196323833
1WCL.pdb,H3P,2,0.6752354273632735,0.35884404,-0.31639138553893265,0.31639138553893265
1WCL.pdb,H3C,2,0.1802268170108041,-0.09827698,-0.27850379723207563,0.27850379723207563
1WCL.pdb,A4Q,3,-0.0423472363494337,0.0774378,0.11978503949865703,0.11978503949865703
1WCL.pdb,A4E,3,0.4176358518709282,0.22700295,-0.19063290334836047,0.19063290334836047
1WCL.pdb,A4N,3,0.1017440162180292,0.24396268,0.14221865911499387,0.14221865911499387
1WCL.pdb,A4H,3,0.0402537059784098,0.169893,0.12963929057119652,0.12963929057119652
1WCL.pdb,A4D,3,0.2076480787142607,0.36272803,0.15507995077525652,0.15507995077525652
1WCL.pdb,A4R,3,0.0446618747113687,0.068716936,0.024055061102058274,0.024055061102058274
1WCL.pdb,A4K,3,-0.2782509593580475,0.01906544,0.2973163990591278,0.2973163990591278
1WCL.pdb,A4T,3,0.0480950931473156,0.25305733,0.2049622376994709,0.2049622376994709
1WCL.pdb,A4S,3,0.0423618527464673,0.2565791,0.21421724833919553,0.21421724833919553
1WCL.pdb,A4G,3,0.3670890086768246,0.38324475,0.016155744207086542,0.016155744207086542
1WCL.pdb,A4M,3,0.1949565392155188,0.016711071,-0.17824546808190522,0.17824546808190522
1WCL.pdb,A4L,3,0.2139769844758556,-0.02637364,-0.24035062417865255,0.24035062417865255
1WCL.pdb,A4V,3,0.0688527465444193,0.113353446,0.0445006995815649,0.0445006995815649
1WCL.pdb,A4I,3,0.1838339624224945,-0.03666237,-0.22049633238900146,0.22049633238900146
1WCL.pdb,A4W,3,0.0913451607282587,0.09869082,0.007345661992268951,0.007345661992268951
1WCL.pdb,A4Y,3,0.1981297792049083,0.12853216,-0.06959762285667984,0.06959762285667984
1WCL.pdb,A4F,3,0.1495879392134118,0.15069482,0.0011068780911994147,0.0011068780911994147
1WCL.pdb,A4P,3,0.2336279210715144,0.91410446,0.6804765405984075,0.6804765405984075
1WCL.pdb,A4C,3,0.4109723200113304,-0.053617597,-0.4645899166376121,0.4645899166376121
1WCL.pdb,A5Q,4,0.8493958840915576,0.6968453,-0.1525505910465137,0.1525505910465137
1WCL.pdb,A5E,4,1.6881449760469898,0.8918905,-0.7962544502291187,0.7962544502291187
1WCL.pdb,A5N,4,0.935282318054658,0.7947253,-0.14055701917312724,0.14055701917312724
1WCL.pdb,A5H,4,1.0088923062952175,0.5840689,-0.42482341190892603,0.42482341190892603
1WCL.pdb,A5D,4,1.7772885924036292,0.9999367,-0.7773518925363807,0.7773518925363807
1WCL.pdb,A5R,4,0.5927444348046684,0.7068416,0.11409715321565628,0.11409715321565628
1WCL.pdb,A5K,4,0.5877420871567005,0.70763683,0.11989474603421746,0.11989474603421746
1WCL.pdb,A5T,4,0.446923933817704,0.36809552,-0.07882841665919571,0.07882841665919571
1WCL.pdb,A5S,4,0.3335168142228215,0.288781,-0.04473582696009565,0.04473582696009565
1WCL.pdb,A5G,4,1.078833814084184,0.8618913,-0.21694248479570133,0.21694248479570133
1WCL.pdb,A5M,4,0.3611334666889925,0.17441744,-0.1867160305660982,0.1867160305660982
1WCL.pdb,A5L,4,0.2312878902953246,0.15425804,-0.07702984772139576,0.07702984772139576
1WCL.pdb,A5V,4,0.0466202193446725,0.3192318,0.27261158884090486,0.27261158884090486
1WCL.pdb,A5I,4,-0.3282457946740891,0.07114798,0.39939377297990575,0.39939377297990575
1WCL.pdb,A5W,4,0.5589429059591557,0.06387696,-0.49506594925787706,0.49506594925787706
1WCL.pdb,A5Y,4,0.7180903574503539,0.19343632,-0.5246540328539488,0.5246540328539488
1WCL.pdb,A5F,4,0.6545785354753955,0.14899537,-0.5055831658026202,0.5055831658026202
1WCL.pdb,A5P,4,0.8730200741720906,1.1070634,0.2340433384942302,0.2340433384942302
1WCL.pdb,A5C,4,1.091054460371522,0.041870356,-1.0491841047654429,1.0491841047654429
1WCL.pdb,I6Q,5,1.3474111008236391,1.4710518,0.1236407113482969,0.1236407113482969
1WCL.pdb,I6E,5,2.096818110771627,1.9257404,-0.17107774955794275,0.17107774955794275
1WCL.pdb,I6N,5,2.039968400882019,1.9122818,-0.1276866492493287,0.1276866492493287
1WCL.pdb,I6H,5,1.4370620822080502,1.6278524,0.1907903576723209,0.1907903576723209
1WCL.pdb,I6D,5,2.4805743484393195,2.2542865,-0.22628782080565246,0.22628782080565246
1WCL.pdb,I6R,5,0.3730762279499826,1.4132979,1.0402216636668387,1.0402216636668387
1WCL.pdb,I6K,5,0.8429440183673447,1.4557431,0.6127990560497696,0.6127990560497696
1WCL.pdb,I6T,5,1.30223725781637,1.3597487,0.0575114633063718,0.0575114633063718
1WCL.pdb,I6S,5,1.8707821032917475,1.7715112,-0.09927090620159862,0.09927090620159862
1WCL.pdb,I6A,5,1.2572589978838742,1.5153859,0.25812686828128695,0.25812686828128695
1WCL.pdb,I6G,5,1.897450462263352,2.181151,0.2837004509751735,0.2837004509751735
1WCL.pdb,I6M,5,0.8967497987918165,1.0027333,0.10598355100829338,0.10598355100829338
1WCL.pdb,I6L,5,0.8753400985619919,0.7452466,-0.13009350937818454,0.13009350937818454
1WCL.pdb,I6V,5,0.3302459123393442,0.4647647,0.13451880190168364,0.13451880190168364
1WCL.pdb,I6W,5,1.594934005550021,1.2029917,-0.39194228153573873,0.39194228153573873
1WCL.pdb,I6Y,5,1.4171520866580196,1.1801884,-0.23696366922332723,0.23696366922332723
1WCL.pdb,I6F,5,1.3486516628305976,1.0086224,-0.34002925491738956,0.34002925491738956
1WCL.pdb,I6P,5,2.105983007340428,2.1182475,0.012264501662257565,0.012264501662257565
1WCL.pdb,I6C,5,1.325258300106497,0.9771818,-0.3480765078472807,0.3480765078472807
1WCL.pdb,D7Q,6,-0.3458619570857015,-0.110993735,0.23486822159347204,0.23486822159347204
1WCL.pdb,D7E,6,-0.3879895883549222,-0.068628155,0.31936143365988817,0.31936143365988817
1WCL.pdb,D7N,6,-0.1059310361422598,0.12475584,0.230686873165518,0.230686873165518
1WCL.pdb,D7H,6,-0.4139616304051885,0.113014534,0.5269761645209798,0.5269761645209798
1WCL.pdb,D7R,6,-0.1854673479382551,-0.017342202,0.16812514557285668,0.16812514557285668
1WCL.pdb,D7K,6,-0.2440169357320596,-0.062817626,0.18119931003063214,0.18119931003063214
1WCL.pdb,D7T,6,0.11350446852623,0.11089371,-0.002610757078514242,0.002610757078514242
1WCL.pdb,D7S,6,0.1404498188337761,0.14254247,0.002092647687487015,0.002092647687487015
1WCL.pdb,D7A,6,-0.3043436659856615,-0.11210676,0.19223690315921876,0.19223690315921876
1WCL.pdb,D7G,6,0.0910578283474796,0.43855688,0.34749905141135523,0.34749905141135523
1WCL.pdb,D7M,6,-0.4808000025312262,-0.1156285,0.3651714992682295,0.3651714992682295
1WCL.pdb,D7L,6,-0.434399668168437,-0.05630023,0.37809943784416866,0.37809943784416866
1WCL.pdb,D7V,6,-0.0434404565413881,0.102867134,0.14630759045681246,0.14630759045681246
1WCL.pdb,D7I,6,-0.2040832745593337,-0.07097327,0.13311000491793432,0.13311000491793432
1WCL.pdb,D7W,6,-0.0116267520486914,0.030508973,0.042135724753101955,0.042135724753101955
1WCL.pdb,D7Y,6,-0.1413790246088653,0.057066493,0.19844551734520488,0.19844551734520488
1WCL.pdb,D7F,6,0.0287154980255106,0.092629895,0.06391439658870907,0.06391439658870907
1WCL.pdb,D7P,6,1.1032720515052583,1.6052121,0.5019400408943389,0.5019400408943389
1WCL.pdb,D7C,6,-0.4112650457953872,-0.14077282,0.2704922262763442,0.2704922262763442
1WCL.pdb,T8Q,7,0.6916367089699502,0.16072154,-0.5309151685189004,0.5309151685189004
1WCL.pdb,T8E,7,0.8768193769114099,0.47642168,-0.40039769288469174,0.40039769288469174
1WCL.pdb,T8N,7,0.4345000648113108,0.6888191,0.25431904558221335,0.25431904558221335
1WCL.pdb,T8H,7,0.3846775982723636,0.24726439,-0.1374132130489749,0.1374132130489749
1WCL.pdb,T8D,7,0.9880771385364008,0.91928667,-0.06879047023577212,0.06879047023577212
1WCL.pdb,T8R,7,-0.0888914814994246,0.23990549,0.3287969729707152,0.3287969729707152
1WCL.pdb,T8K,7,0.3628076164091949,0.3074294,-0.05537821334255977,0.05537821334255977
1WCL.pdb,T8S,7,0.7413965762252563,0.35547835,-0.3859182298774475,0.3859182298774475
1WCL.pdb,T8A,7,0.1937526229293578,0.18147236,-0.012280261841558726,0.012280261841558726
1WCL.pdb,T8G,7,1.4671378239298307,1.1369017,-0.33023608767037027,0.33023608767037027
1WCL.pdb,T8M,7,-0.4010900099431609,-0.3487169,0.05237309528938283,0.05237309528938283
1WCL.pdb,T8L,7,-0.4036095010179381,-0.2786246,0.12498490680635971,0.12498490680635971
1WCL.pdb,T8V,7,0.0324103727550033,-0.11017975,-0.14259012486643824,0.14259012486643824
1WCL.pdb,T8I,7,-0.2206714608468791,-0.38697124,-0.16629977442838945,0.16629977442838945
1WCL.pdb,T8W,7,0.2322221428221915,-0.39155513,-0.6237772733039115,0.6237772733039115
1WCL.pdb,T8Y,7,0.1187844541684262,-0.3456422,-0.46442666322146575,0.46442666322146575
1WCL.pdb,T8F,7,0.2683919991402188,-0.31550765,-0.583899649515585,0.583899649515585
1WCL.pdb,T8P,7,2.001475441234492,2.4525561,0.4510806920357715,0.4510806920357715
1WCL.pdb,T8C,7,0.3630892993387808,-0.40810752,-0.7711968184885611,0.7711968184885611
1WCL.pdb,F9Q,8,3.4291685388349,2.4073992,-1.0217693612836305,1.0217693612836305
1WCL.pdb,F9E,8,3.3489419239518536,2.6996083,-0.6493335979936017,0.6493335979936017
1WCL.pdb,F9N,8,3.182842794108365,2.6729803,-0.50986248557565,0.50986248557565
1WCL.pdb,F9H,8,3.1110513187410085,2.5903172,-0.5207340694429128,0.5207340694429128
1WCL.pdb,F9D,8,3.224597208882068,2.843786,-0.38081120767662346,0.38081120767662346
1WCL.pdb,F9R,8,2.900601714259359,2.397841,-0.5027607375442713,0.5027607375442713
1WCL.pdb,F9K,8,3.6547290832123887,2.2358127,-1.4189164191804062,1.4189164191804062
1WCL.pdb,F9T,8,3.169469926113948,2.405588,-0.7638820145081131,0.7638820145081131
1WCL.pdb,F9S,8,3.2085957554860727,2.5268517,-0.6817441014333383,0.6817441014333383
1WCL.pdb,F9A,8,3.067732852195377,2.1869326,-0.8808002884136386,0.8808002884136386
1WCL.pdb,F9G,8,3.406922158582443,2.3660345,-1.0408876508309781,1.0408876508309781
1WCL.pdb,F9M,8,1.6387674286071647,0.81311285,-0.8256545736495842,0.8256545736495842
1WCL.pdb,F9L,8,0.752928133438338,1.2765887,0.5236605449216474,0.5236605449216474
1WCL.pdb,F9V,8,3.1152016165710434,1.9273728,-1.187828803346251,1.187828803346251
1WCL.pdb,F9I,8,1.924745671973438,1.0984025,-0.82634317182085,0.82634317182085
1WCL.pdb,F9W,8,1.9760794042839425,1.5037441,-0.4723352789177315,0.4723352789177315
1WCL.pdb,F9Y,8,1.607561110311099,1.3338014,-0.2737597215705594,0.2737597215705594
1WCL.pdb,F9P,8,3.798100389440125,2.7591171,-1.038983262975281,1.038983262975281
1WCL.pdb,F9C,8,2.1296600849833487,1.380354,-0.7493060381617545,0.7493060381617545
1WCL.pdb,T10Q,9,0.3718399859265635,0.48060817,0.10876817933756616,0.10876817933756616
1WCL.pdb,T10E,9,1.8087165742199776,0.98758125,-0.8211353211682197,0.8211353211682197
1WCL.pdb,T10N,9,1.7379929331062007,1.3521597,-0.3858331945655513,0.3858331945655513
1WCL.pdb,T10H,9,1.0522131326388884,0.9257215,-0.12649160649295332,0.12649160649295332
1WCL.pdb,T10D,9,2.945707959684082,1.7898035,-1.1559044547402344,1.1559044547402344
1WCL.pdb,T10R,9,0.2495569645455022,0.92374384,0.6741868794867854,0.6741868794867854
1WCL.pdb,T10K,9,0.2461007247402804,0.92316824,0.6770675172374112,0.6770675172374112
1WCL.pdb,T10S,9,0.8704653966913525,0.71270484,-0.15776055936911737,0.15776055936911737
1WCL.pdb,T10A,9,0.8274542042711683,0.7066692,-0.12078499288353406,0.12078499288353406
1WCL.pdb,T10G,9,1.5654426427622987,1.3427911,-0.2226515622874452,0.2226515622874452
1WCL.pdb,T10M,9,-0.5963922572187594,-0.06687862,0.5295136404089145,0.5295136404089145
1WCL.pdb,T10L,9,0.147072573356267,0.12997442,-0.017098148517247225,0.017098148517247225
1WCL.pdb,T10V,9,-0.4674660650011866,-0.49661344,-0.02914737789661004,0.02914737789661004
1WCL.pdb,T10I,9,-0.2953561287725663,-0.32251084,-0.027154709736039673,0.027154709736039673
1WCL.pdb,T10W,9,1.237216312105921,0.7261985,-0.5110178176715643,0.5110178176715643
1WCL.pdb,T10Y,9,1.463056213173197,0.5489141,-0.9141421382754309,0.9141421382754309
1WCL.pdb,T10F,9,1.4769804716662362,0.5307221,-0.9462583900050119,0.9462583900050119
1WCL.pdb,T10P,9,3.0372191239855573,1.9111841,-1.1260350514910504,1.1260350514910504
1WCL.pdb,T10C,9,0.4359033688098854,-0.11689842,-0.5528017862827248,0.5528017862827248
1WCL.pdb,K11Q,10,0.5917619286235452,0.12301165,-0.4687502799686074,0.4687502799686074
1WCL.pdb,K11E,10,1.2272759274547025,0.46554726,-0.7617286638324186,0.7617286638324186
1WCL.pdb,K11N,10,0.9715007016123796,0.67285603,-0.2986446687640214,0.2986446687640214
1WCL.pdb,K11H,10,0.3847250466598439,0.42446718,0.039742129539115434,0.039742129539115434
1WCL.pdb,K11D,10,1.9053347600079904,0.94949883,-0.9558359277821908,0.9558359277821908
1WCL.pdb,K11R,10,-0.0195134506733438,0.02351445,0.04302790026974883,0.04302790026974883
1WCL.pdb,K11T,10,0.6220068420149345,0.3334114,-0.28859544646516033,0.28859544646516033
1WCL.pdb,K11S,10,1.0836970046095007,0.47884548,-0.6048515275053137,0.6048515275053137
1WCL.pdb,K11A,10,0.8511899888613823,0.2388463,-0.6123436868289116,0.6123436868289116
1WCL.pdb,K11G,10,1.7757276508080655,0.9214816,-0.8542460414635831,0.8542460414635831
1WCL.pdb,K11M,10,0.4297009927852513,0.10167506,-0.328025929413593,0.328025929413593
1WCL.pdb,K11L,10,0.4408807769884157,0.22454707,-0.2163337037433672,0.2163337037433672
1WCL.pdb,K11V,10,1.1106509138833172,0.3773699,-0.7332810034047252,0.7332810034047252
1WCL.pdb,K11I,10,1.0908961083596935,0.23298469,-0.8579114165014019,0.8579114165014019
1WCL.pdb,K11W,10,0.089207083765431,0.49108136,0.4018742732368273,0.4018742732368273
1WCL.pdb,K11Y,10,-0.0334628583132516,0.3920312,0.4254940510927926,0.4254940510927926
1WCL.pdb,K11F,10,-0.0688184320452878,0.4218955,0.49071393604309055,0.49071393604309055
1WCL.pdb,K11P,10,3.2536053489294456,2.465634,-0.787971241339724,0.787971241339724
1WCL.pdb,K11C,10,0.7900287423093193,0.13931167,-0.6507170710523003,0.6507170710523003
1WCL.pdb,Y12Q,11,1.6420274991510686,1.4280819,-0.21394562907202808,0.21394562907202808
1WCL.pdb,Y12E,11,1.5445795936009636,1.5039513,-0.040628282489513445,0.040628282489513445
1WCL.pdb,Y12N,11,1.5777067200271853,1.4424925,-0.13521423498079854,0.13521423498079854
1WCL.pdb,Y12H,11,0.9359472160144088,0.6413592,-0.2945880060000655,0.2945880060000655
1WCL.pdb,Y12D,11,2.162787884130144,2.1335602,-0.0292277034660815,0.0292277034660815
1WCL.pdb,Y12R,11,2.424489629233511,1.664384,-0.7601056217795925,0.7601056217795925
1WCL.pdb,Y12K,11,2.3119042872212567,1.8764988,-0.43540546882373476,0.43540546882373476
1WCL.pdb,Y12T,11,1.4939764881836188,1.7200534,0.2260769461883294,0.2260769461883294
1WCL.pdb,Y12S,11,1.639741911901217,1.6094847,-0.03025723935483038,0.03025723935483038
1WCL.pdb,Y12A,11,1.2410706609534394,1.7231491,0.4820784002495635,0.4820784002495635
1WCL.pdb,Y12G,11,2.152265623246379,2.0313678,-0.12089784446830265,0.12089784446830265
1WCL.pdb,Y12M,11,0.7339671214510108,0.9821317,0.24816459813822256,0.24816459813822256
1WCL.pdb,Y12L,11,0.6221050443854628,1.0284573,0.4063522395882311,0.4063522395882311
1WCL.pdb,Y12V,11,1.2729579893805347,1.1492884,-0.12366957347172125,0.12366957347172125
1WCL.pdb,Y12I,11,1.220611735300048,1.200738,-0.019873782114012917,0.019873782114012917
1WCL.pdb,Y12W,11,-0.7626065597537433,0.50933045,1.2719370112422381,1.2719370112422381
1WCL.pdb,Y12F,11,0.3348727622704146,0.4625764,0.12770362704232952,0.12770362704232952
1WCL.pdb,Y12P,11,2.9366830316164765,3.0918963,0.15521326393100887,0.15521326393100887
1WCL.pdb,Y12C,11,1.1672737675212046,0.49494344,-0.6723303275607249,0.6723303275607249
1WCL.pdb,L13Q,12,3.0251567131283763,2.20157,-0.8235866791012767,0.8235866791012767
1WCL.pdb,L13E,12,2.6062273227618715,2.2262542,-0.37997309798464984,0.37997309798464984
1WCL.pdb,L13N,12,3.274209497979875,2.070596,-1.2036135182893233,1.2036135182893233
1WCL.pdb,L13H,12,3.2480393827004552,1.9701958,-1.2778436124367833,1.2778436124367833
1WCL.pdb,L13D,12,2.569438572411493,2.1637044,-0.40573417711730375,0.40573417711730375
1WCL.pdb,L13R,12,3.453181480028536,2.3586152,-1.0945663200401325,1.0945663200401325
1WCL.pdb,L13K,12,2.9181214737872128,2.345596,-0.5725253987292294,0.5725253987292294
1WCL.pdb,L13T,12,2.445377901846185,1.6786712,-0.7667066610396054,0.7667066610396054
1WCL.pdb,L13S,12,2.8829540008779224,1.8832961,-0.9996578687902149,0.9996578687902149
1WCL.pdb,L13A,12,2.5422057915917904,1.6968354,-0.8453703929177792,0.8453703929177792
1WCL.pdb,L13G,12,2.649657801800515,1.926915,-0.7227427522475973,0.7227427522475973
1WCL.pdb,L13M,12,1.476126876784625,0.9667417,-0.509385195685687,0.509385195685687
1WCL.pdb,L13V,12,2.2038548624658207,0.9904293,-1.2134255802774052,1.2134255802774052
1WCL.pdb,L13I,12,1.8955081166261456,0.810858,-1.084650105380418,1.084650105380418
1WCL.pdb,L13W,12,2.5487545916723966,1.851405,-0.6973495671438932,0.6973495671438932
1WCL.pdb,L13Y,12,2.918945953725321,1.7986691,-1.1202768539175816,1.1202768539175816
1WCL.pdb,L13F,12,2.131502949966438,1.6664957,-0.4650072691574172,0.4650072691574172
1WCL.pdb,L13P,12,3.491008862348699,2.2580748,-1.2329341019116873,1.2329341019116873
1WCL.pdb,L13C,12,1.8052082789920147,1.1150665,-0.6901417506717022,0.6901417506717022
1WCL.pdb,D14Q,13,-0.0493566257630524,0.21368107,0.26303769775974123,0.26303769775974123
1WCL.pdb,D14E,13,0.0709523951648476,0.21719947,0.1462470794082878,0.1462470794082878
1WCL.pdb,D14N,13,-0.107170046885944,-0.000700742,0.10646930487964212,0.10646930487964212
1WCL.pdb,D14H,13,-0.1240471467189658,0.094895154,0.218942300956713,0.218942300956713
1WCL.pdb,D14R,13,0.4904615683625408,0.5083523,0.017890711300545148,0.017890711300545148
1WCL.pdb,D14K,13,0.1658065647249835,0.44067827,0.27487170394605226,0.27487170394605226
1WCL.pdb,D14T,13,0.915188553389167,0.7442266,-0.17096197849140093,0.17096197849140093
1WCL.pdb,D14S,13,0.1513891746180204,0.40509257,0.2537033925874087,0.2537033925874087
1WCL.pdb,D14A,13,-0.097776315835945,0.3151605,0.4129368287601393,0.4129368287601393
1WCL.pdb,D14G,13,-0.5483647729417536,0.067339,0.6157037760278437,0.6157037760278437
1WCL.pdb,D14M,13,-0.2800211561765318,0.3503852,0.6304063452329283,0.6304063452329283
1WCL.pdb,D14L,13,-0.2414534311919034,0.3673858,0.6088392358450712,0.6088392358450712
1WCL.pdb,D14V,13,0.8721574560144276,0.7386899,-0.13346755656984755,0.13346755656984755
1WCL.pdb,D14I,13,0.7975110936635161,0.69023097,-0.10728012804919729,0.10728012804919729
1WCL.pdb,D14W,13,0.2638204265150197,0.31649667,0.05267624373110458,0.05267624373110458
1WCL.pdb,D14Y,13,0.0435533435413999,0.26495865,0.22140530633233363,0.22140530633233363
1WCL.pdb,D14F,13,-0.2336487367318924,0.27521306,0.5088617994951066,0.5088617994951066
1WCL.pdb,D14P,13,1.9736510626543025,1.6224113,-0.3512398115861872,0.3512398115861872
1WCL.pdb,D14C,13,-0.3028982271433795,-0.15506923,0.14782899515637998,0.14782899515637998
1WCL.pdb,I15Q,14,2.7459514208129785,2.5122957,-0.2336556978515527,0.2336556978515527
1WCL.pdb,I15E,14,2.97011827150639,2.6704507,-0.2996675840979428,0.2996675840979428
1WCL.pdb,I15N,14,3.035204645744025,2.6697133,-0.365491387000739,0.365491387000739
1WCL.pdb,I15H,14,2.7414986854998213,2.4399827,-0.30151603283563677,0.30151603283563677
1WCL.pdb,I15D,14,2.8240992819098256,2.9713159,0.1472165788384654,0.1472165788384654
1WCL.pdb,I15R,14,3.268420979999353,2.6749792,-0.5934417700994508,0.5934417700994508
1WCL.pdb,I15K,14,3.097972988798911,2.8636968,-0.23427617521553712,0.23427617521553712
1WCL.pdb,I15T,14,2.406644528757999,2.1616068,-0.24503774012274526,0.24503774012274526
1WCL.pdb,I15S,14,2.759091540974066,2.5864239,-0.17266766707269898,0.17266766707269898
1WCL.pdb,I15A,14,2.133157813823299,1.9301469,-0.20301088122137045,0.20301088122137045
1WCL.pdb,I15G,14,2.7908432135902537,2.781282,-0.00956126550065406,0.00956126550065406
1WCL.pdb,I15M,14,1.1743254008156585,1.1724279,-0.001897508130721981,0.001897508130721981
1WCL.pdb,I15L,14,0.8472113679961142,0.9897145,0.14250313529215486,0.14250313529215486
1WCL.pdb,I15V,14,0.4497587133936047,0.46954942,0.019790704102122858,0.019790704102122858
1WCL.pdb,I15W,14,2.589688242675664,1.9263482,-0.6633400332945607,0.6633400332945607
1WCL.pdb,I15Y,14,2.7872277423869267,1.843027,-0.9442007467280522,0.9442007467280522
1WCL.pdb,I15F,14,2.1356746665457256,1.422307,-0.7133676520803935,0.7133676520803935
1WCL.pdb,I15P,14,2.79416046407938,3.26016,0.46599950525045397,0.46599950525045397
1WCL.pdb,I15C,14,1.757196763498903,1.335185,-0.4220117125345475,0.4220117125345475
1WCL.pdb,D16Q,15,0.7361735550627317,1.1423862,0.4062126429810915,0.4062126429810915
1WCL.pdb,D16E,15,0.5664228686029609,0.8432915,0.2768686524694268,0.2768686524694268
1WCL.pdb,D16N,15,0.2561576875394866,0.4297195,0.1735618201547578,0.1735618201547578
1WCL.pdb,D16H,15,0.5028552490777685,1.0879817,0.5851264518194483,0.5851264518194483
1WCL.pdb,D16R,15,0.8769688947372076,1.2334359,0.3564669744797113,0.3564669744797113
1WCL.pdb,D16K,15,0.7187988847253983,1.1791987,0.4603998571874435,0.4603998571874435
1WCL.pdb,D16T,15,-0.1052225338613745,0.37155783,0.47678036562559567,0.47678036562559567
1WCL.pdb,D16S,15,-0.2025643711547258,0.3889312,0.5914955859641435,0.5914955859641435
1WCL.pdb,D16A,15,0.4324448332279456,1.0307865,0.598341681054281,0.598341681054281
1WCL.pdb,D16G,15,0.2235979683348095,0.71750164,0.4939036719850147,0.4939036719850147
1WCL.pdb,D16M,15,0.8897881637409122,1.2893924,0.3996041883632748,0.3996041883632748
1WCL.pdb,D16L,15,0.8844382884801636,1.1480821,0.26364384862768553,0.26364384862768553
1WCL.pdb,D16V,15,1.4123305446945635,1.2215617,-0.1907688743912188,0.1907688743912188
1WCL.pdb,D16I,15,1.3907064090384682,1.3045452,-0.08616124493019184,0.08616124493019184
1WCL.pdb,D16W,15,1.251678219942695,1.1666604,-0.08501779189551484,0.08501779189551484
1WCL.pdb,D16Y,15,1.404429160872007,1.148048,-0.2563811176209694,0.2563811176209694
1WCL.pdb,D16F,15,1.2861962665103062,1.0995457,-0.18665054927092628,0.18665054927092628
1WCL.pdb,D16P,15,0.2116498779338043,1.0344563,0.8228063751179535,0.8228063751179535
1WCL.pdb,D16C,15,0.8949356485499846,0.7854302,-0.10950545560259695,0.10950545560259695
1WCL.pdb,E17Q,16,0.1146542973198041,0.12802671,0.01337241164072904,0.01337241164072904
1WCL.pdb,E17N,16,0.2323806941345965,0.26242375,0.03004305960380682,0.03004305960380682
1WCL.pdb,E17H,16,0.0409838926839678,0.045832478,0.004848584826007633,0.004848584826007633
1WCL.pdb,E17D,16,0.6110882210751907,0.412787,-0.19830123067106165,0.19830123067106165
1WCL.pdb,E17R,16,-0.4325784067509035,0.08716633,0.5197447384593348,0.5197447384593348
1WCL.pdb,E17K,16,-0.2692443667941653,0.1286232,0.39786756923728817,0.39786756923728817
1WCL.pdb,E17T,16,0.2596772990741183,0.21137154,-0.0483057580508639,0.0483057580508639
1WCL.pdb,E17S,16,0.1575078628408217,0.24425727,0.08674940844900375,0.08674940844900375
1WCL.pdb,E17A,16,0.0634326309195394,-0.0073752925,-0.07080792339953132,0.07080792339953132
1WCL.pdb,E17G,16,0.7978300378769947,0.41948992,-0.37834011773768195,0.37834011773768195
1WCL.pdb,E17M,16,0.1445314301132505,0.11215123,-0.03238020222180535,0.03238020222180535
1WCL.pdb,E17L,16,0.017990920793244,0.07122595,0.05323502783851946,0.05323502783851946
1WCL.pdb,E17V,16,-0.3902301053868964,-0.1342659,0.2559642057286933,0.2559642057286933
1WCL.pdb,E17I,16,-0.2033538980917679,-0.06238968,0.14096421883866656,0.14096421883866656
1WCL.pdb,E17W,16,-0.1672615255287461,-0.18703514,-0.019773617846650632,0.019773617846650632
1WCL.pdb,E17Y,16,-0.0843370321981971,-0.12601513,-0.041678094506972574,0.041678094506972574
1WCL.pdb,E17F,16,0.075963376274946,-0.049080223,-0.1250435991200235,0.1250435991200235
1WCL.pdb,E17P,16,0.2536159494397463,0.5168207,0.2632047793390928,0.2632047793390928
1WCL.pdb,E17C,16,0.3749498958143795,-0.15862739,-0.5335772866758908,0.5335772866758908
1WCL.pdb,D18Q,17,0.0817930464634084,-0.10114356,-0.18293660776702397,0.18293660776702397
1WCL.pdb,D18E,17,-0.1039600294314193,-0.06704826,0.03691177035196297,0.03691177035196297
1WCL.pdb,D18N,17,0.1144456673409481,0.044657078,-0.06978858970065308,0.06978858970065308
1WCL.pdb,D18H,17,-0.186140524584105,0.027478881,0.2136194057643914,0.2136194057643914
1WCL.pdb,D18R,17,-0.1301159016292299,-0.004555635,0.1255602664749826,0.1255602664749826
1WCL.pdb,D18K,17,-0.1538840580007243,-0.11909827,0.03478578955141781,0.03478578955141781
1WCL.pdb,D18T,17,0.0412180511581157,0.12369023,0.08247218147642868,0.08247218147642868
1WCL.pdb,D18S,17,-0.0593564281546896,0.05280346,0.11215988866327457,0.11215988866327457
1WCL.pdb,D18A,17,-0.3527293344336555,-0.16727778,0.18545155127821422,0.18545155127821422
1WCL.pdb,D18G,17,-0.132583995106172,0.111420006,0.24400400066609326,0.24400400066609326
1WCL.pdb,D18M,17,0.0169025115732557,0.012489714,-0.004412797844827811,0.004412797844827811
1WCL.pdb,D18L,17,0.1711398960851116,0.018614873,-0.15252502279504965,0.15252502279504965
1WCL.pdb,D18V,17,-0.0492736753894571,0.11737108,0.1666447576953653,0.1666447576953653
1WCL.pdb,D18I,17,0.0207397586866764,0.05694122,0.03620145998750649,0.03620145998750649
1WCL.pdb,D18W,17,-0.2770427260879211,0.03492201,0.3119647372845344,0.3119647372845344
1WCL.pdb,D18Y,17,-0.1698810889561222,0.096813895,0.2666949837644146,0.2666949837644146
1WCL.pdb,D18F,17,0.0010306732814435,0.115178406,0.1141477329571124,0.1141477329571124
1WCL.pdb,D18P,17,0.4852568974603217,0.7402533,0.2549964318167169,0.2549964318167169
1WCL.pdb,D18C,17,0.4754883514788242,-0.1711744,-0.6466627584841342,0.6466627584841342
1WCL.pdb,F19Q,18,0.8953010220471871,1.437404,0.5421030144747245,0.5421030144747245
1WCL.pdb,F19E,18,1.5874979416052075,2.1556985,0.5682005962213306,0.5682005962213306
1WCL.pdb,F19N,18,2.131852746864419,1.9277849,-0.20406782712564953,0.20406782712564953
1WCL.pdb,F19H,18,1.553969984309376,1.5634778,0.009507770283519568,0.009507770283519568
1WCL.pdb,F19D,18,1.9336511928167128,2.310189,0.3765378158960557,0.3765378158960557
1WCL.pdb,F19R,18,1.3916795955826942,1.217116,-0.17456359731456672,0.17456359731456672
1WCL.pdb,F19K,18,1.2840076603276582,1.194308,-0.08969961780141311,0.08969961780141311
1WCL.pdb,F19T,18,0.3540814242280086,1.4185021,1.0644206681334416,1.0644206681334416
1WCL.pdb,F19S,18,1.4073633391326816,1.731712,0.32434864454804346,0.32434864454804346
1WCL.pdb,F19A,18,0.9948018629287358,1.3711429,0.3763410012985591,0.3763410012985591
1WCL.pdb,F19G,18,2.208832259018831,1.9976846,-0.21114766104977578,0.21114766104977578
1WCL.pdb,F19M,18,0.0362648418429802,0.48183328,0.44556843728986284,0.44556843728986284
1WCL.pdb,F19L,18,-0.2437190074085764,0.9722034,1.215922381317573,1.215922381317573
1WCL.pdb,F19V,18,0.1849694207940344,1.3637279,1.1787585064139123,1.1787585064139123
1WCL.pdb,F19I,18,0.3578658073744445,0.73489964,0.3770338327088685,0.3770338327088685
1WCL.pdb,F19W,18,0.699853182346247,0.69993293,7.975050745168133e-05,7.975050745168133e-05
1WCL.pdb,F19Y,18,0.9898107745306088,0.7787949,-0.21101588984890718,0.21101588984890718
1WCL.pdb,F19P,18,2.995099302136704,2.5671916,-0.4279077013371433,0.4279077013371433
1WCL.pdb,F19C,18,0.7059077644412444,0.6848991,-0.021008672720663313,0.021008672720663313
1WCL.pdb,A20Q,19,2.815143542209069,2.1456919,-0.6694516705660027,0.6694516705660027
1WCL.pdb,A20E,19,3.069283946300343,2.4074895,-0.6617944081075939,0.6617944081075939
1WCL.pdb,A20N,19,2.8628017707368314,2.3811784,-0.4816233916779935,0.4816233916779935
1WCL.pdb,A20H,19,2.8987650206673004,2.2405758,-0.6581892302620269,0.6581892302620269
1WCL.pdb,A20D,19,2.918980913185047,2.7630346,-0.15594633104698552,0.15594633104698552
1WCL.pdb,A20R,19,2.539100097200404,2.079813,-0.459287093660365,0.459287093660365
1WCL.pdb,A20K,19,2.810440402178041,2.071441,-0.7389994670431532,0.7389994670431532
1WCL.pdb,A20T,19,2.809742470161941,1.7386068,-1.0711356595921777,1.0711356595921777
1WCL.pdb,A20S,19,1.6978421090917086,1.416867,-0.28097509134573695,0.28097509134573695
1WCL.pdb,A20G,19,2.0758610380847355,1.7452457,-0.3306153429705998,0.3306153429705998
1WCL.pdb,A20M,19,2.1702266025563803,1.4220939,-0.7481327343007651,0.7481327343007651
1WCL.pdb,A20L,19,1.9820814444958528,1.2175355,-0.7645459487377961,0.7645459487377961
1WCL.pdb,A20V,19,1.9142493418110629,1.1240094,-0.7902399710072299,0.7902399710072299
1WCL.pdb,A20I,19,1.6689940256001683,1.1848857,-0.48410828532001693,0.48410828532001693
1WCL.pdb,A20W,19,2.059325862230531,1.5196255,-0.5397003176824962,0.5397003176824962
1WCL.pdb,A20Y,19,2.2141351416148183,1.7078975,-0.5062375977076528,0.5062375977076528
1WCL.pdb,A20F,19,2.3749041084794893,1.6257745,-0.7491296057252779,0.7491296057252779
1WCL.pdb,A20P,19,2.883124990301749,2.1601427,-0.7229823301607579,0.7229823301607579
1WCL.pdb,A20C,19,2.231941687712664,0.96023667,-1.2717050191259331,1.2717050191259331
1WCL.pdb,T21Q,20,0.0632612272331836,-0.06591472,-0.12917594753004336,0.12917594753004336
1WCL.pdb,T21E,20,0.7205575291797066,0.24241933,-0.47813819691385273,0.47813819691385273
1WCL.pdb,T21N,20,0.2973417948630406,0.27430773,-0.023034067049319873,0.023034067049319873
1WCL.pdb,T21H,20,0.2117482980508924,0.058986813,-0.1527614852209211,0.1527614852209211
1WCL.pdb,T21D,20,1.6226475383436256,0.6691998,-0.9534477140104347,0.9534477140104347
1WCL.pdb,T21R,20,-0.550577938253924,-0.3432749,0.20730304687742862,0.20730304687742862
1WCL.pdb,T21K,20,-0.3742164418014235,-0.25613797,0.11807847469174332,0.11807847469174332
1WCL.pdb,T21S,20,0.2564418792262142,0.12054789,-0.13589398856306723,0.13589398856306723
1WCL.pdb,T21A,20,-0.054257762657464,-0.06611901,-0.011861245108782795,0.011861245108782795
1WCL.pdb,T21G,20,0.3715102567616126,0.44300067,0.07149041748612911,0.07149041748612911
1WCL.pdb,T21M,20,-0.1688776594270824,-0.20803519,-0.03915752650603069,0.03915752650603069
1WCL.pdb,T21L,20,-0.0564658229603343,-0.1194254,-0.06295957813124133,0.06295957813124133
1WCL.pdb,T21V,20,0.4518567009275198,0.041554652,-0.41030204877307414,0.41030204877307414
1WCL.pdb,T21I,20,0.0684047146404811,-0.14568795,-0.21409266727815351,0.21409266727815351
1WCL.pdb,T21W,20,-0.8615191322643527,-0.17973316,0.6817859751064548,0.6817859751064548
1WCL.pdb,T21Y,20,-0.0713776335161964,-0.13141888,-0.06004125028431019,0.06004125028431019
1WCL.pdb,T21F,20,0.0433875454914742,-0.13516513,-0.17855267062308125,0.17855267062308125
1WCL.pdb,T21P,20,3.0755122523719503,1.5984538,-1.4770584922248555,1.4770584922248555
1WCL.pdb,T21C,20,0.5691774468754889,-0.26206315,-0.8312405925130011,0.8312405925130011
1WCL.pdb,V22Q,21,0.0147620977867002,0.39949623,0.3847341297161227,0.3847341297161227
1WCL.pdb,V22E,21,1.4042987957911892,0.93339604,-0.4709027543979092,0.4709027543979092
1WCL.pdb,V22N,21,0.8834928342170416,0.75037754,-0.1331152983970343,0.1331152983970343
1WCL.pdb,V22H,21,0.1728625943218578,0.44881135,0.2759487579311024,0.2759487579311024
1WCL.pdb,V22D,21,1.9376332808992,1.3095827,-0.6280505706330868,0.6280505706330868
1WCL.pdb,V22R,21,-0.4588429172367538,0.04912731,0.5079702277512039,0.5079702277512039
1WCL.pdb,V22K,21,-0.5030323291642365,0.12064804,0.6236803705317673,0.6236803705317673
1WCL.pdb,V22T,21,0.2012286965560212,0.3331058,0.13187710597998953,0.13187710597998953
1WCL.pdb,V22S,21,0.5950491827759516,0.6526811,0.057631929513477065,0.057631929513477065
1WCL.pdb,V22A,21,0.1896026218396045,0.5052546,0.31565200443450436,0.31565200443450436
1WCL.pdb,V22G,21,1.5247924674650415,1.0756822,-0.4491103042265161,0.4491103042265161
1WCL.pdb,V22M,21,-0.5437594574696862,-0.039811373,0.5039480847127282,0.5039480847127282
1WCL.pdb,V22L,21,-0.6885147893547492,-0.0911324,0.5973823869347052,0.5973823869347052
1WCL.pdb,V22I,21,-0.1472808948669843,-0.25051165,-0.10323075140376764,0.10323075140376764
1WCL.pdb,V22W,21,-0.4816533942884304,0.1535953,0.6352486928171017,0.6352486928171017
1WCL.pdb,V22Y,21,-0.4428312055855152,0.10033026,0.5431614689617512,0.5431614689617512
1WCL.pdb,V22F,21,-0.7328306405078036,0.11339849,0.8462291328440767,0.8462291328440767
1WCL.pdb,V22P,21,2.900867793985297,1.7653185,-1.135549281068732,1.135549281068732
1WCL.pdb,V22C,21,0.5916740741582407,-0.050058782,-0.6417328562589182,0.6417328562589182
1WCL.pdb,L23Q,22,3.001343023483824,2.5731864,-0.42815662593133386,0.42815662593133386
1WCL.pdb,L23E,22,3.403741635785644,2.5871584,-0.8165831942420647,0.8165831942420647
1WCL.pdb,L23N,22,3.0559475199387336,2.1242845,-0.9316630140946174,0.9316630140946174
1WCL.pdb,L23H,22,3.692191432989807,2.2653952,-1.4267962685000608,1.4267962685000608
1WCL.pdb,L23D,22,3.324300663441452,2.25517,-1.0691305565536346,1.0691305565536346
1WCL.pdb,L23R,22,3.006715871415066,2.264795,-0.7419208064889187,0.7419208064889187
1WCL.pdb,L23K,22,3.23256268988867,2.4539666,-0.7785960723044414,0.7785960723044414
1WCL.pdb,L23T,22,3.1513262153550614,2.0614824,-1.0898437858506669,1.0898437858506669
1WCL.pdb,L23S,22,3.1664254921365247,2.3659532,-0.8004722851205335,0.8004722851205335
1WCL.pdb,L23A,22,3.259062655026119,2.162181,-1.0968817544523883,1.0968817544523883
1WCL.pdb,L23G,22,3.126804009135648,2.2362592,-0.8905447871050085,0.8905447871050085
1WCL.pdb,L23M,22,1.938964658796401,0.6688695,-1.2700951634045552,1.2700951634045552
1WCL.pdb,L23V,22,2.5582531129090813,1.279698,-1.278555098649743,1.278555098649743
1WCL.pdb,L23I,22,1.6121909677289714,0.59964764,-1.0125433265470256,1.0125433265470256
1WCL.pdb,L23W,22,2.3602304869554467,1.5090519,-0.8511785679719872,0.8511785679719872
1WCL.pdb,L23Y,22,2.52120945810378,1.3889669,-1.1322425401121419,1.1322425401121419
1WCL.pdb,L23F,22,1.6810261778623468,1.0027711,-0.6782550387174493,0.6782550387174493
1WCL.pdb,L23P,22,2.996661042856617,2.6589293,-0.3377316948646736,0.3377316948646736
1WCL.pdb,L23C,22,2.4330024528705683,1.2382078,-1.1947946357929315,1.1947946357929315
1WCL.pdb,V24Q,23,1.4178210083769018,1.3722419,-0.04557915370923826,0.04557915370923826
1WCL.pdb,V24E,23,2.2055901464347745,1.5282977,-0.6772924836997891,0.6772924836997891
1WCL.pdb,V24N,23,1.636509852640438,1.6923414,0.055831594236087856,0.055831594236087856
1WCL.pdb,V24H,23,0.8843192122578056,1.264257,0.3799377419353096,0.3799377419353096
1WCL.pdb,V24D,23,2.689980752625587,1.913352,-0.7766287399913097,0.7766287399913097
1WCL.pdb,V24R,23,1.231684786437068,1.6297276,0.39804281556793697,0.39804281556793697
1WCL.pdb,V24K,23,1.5798350377943633,1.5830889,0.0032538370225312363,0.0032538370225312363
1WCL.pdb,V24T,23,0.8775759320821637,0.7950314,-0.0825445037450665,0.0825445037450665
1WCL.pdb,V24S,23,1.4164948271931652,1.3603973,-0.05609748832597772,0.05609748832597772
1WCL.pdb,V24A,23,0.653698522908539,1.0038064,0.3501078297068174,0.3501078297068174
1WCL.pdb,V24G,23,2.470693056665364,1.7722486,-0.6984444309100541,0.6984444309100541
1WCL.pdb,V24M,23,0.6153369725966233,0.76348674,0.1481497703767043,0.1481497703767043
1WCL.pdb,V24L,23,0.4133561201800555,0.5603788,0.14702266972167788,0.14702266972167788
1WCL.pdb,V24I,23,0.1503639015053486,0.15572298,0.0053590742255474055,0.0053590742255474055
1WCL.pdb,V24W,23,-0.5450974355903626,0.66248196,1.2075793992248536,1.2075793992248536
1WCL.pdb,V24Y,23,-0.2209544939314049,0.6979153,0.9188698095594566,0.9188698095594566
1WCL.pdb,V24F,23,-0.0721098972653062,0.76007867,0.8321885658596666,0.8321885658596666
1WCL.pdb,V24P,23,3.364146691170681,1.9619836,-1.4021631296548729,1.4021631296548729
1WCL.pdb,V24C,23,1.2725022122977268,0.3812343,-0.8912679240820895,0.8912679240820895
1WCL.pdb,E25Q,24,-0.3679826640226431,-0.017668054,0.35031461051483825,0.35031461051483825
1WCL.pdb,E25N,24,-0.5754384398626633,0.07607272,0.6515111625360794,0.6515111625360794
1WCL.pdb,E25H,24,-0.2579047693641474,0.08132308,0.3392278491289904,0.3392278491289904
1WCL.pdb,E25D,24,0.2410067583222463,0.18953462,-0.05147213887167715,0.05147213887167715
1WCL.pdb,E25R,24,-0.8839806463240238,-0.008866563,0.8751140828846546,0.8751140828846546
1WCL.pdb,E25K,24,-0.6369290054555985,0.02566579,0.6625947952982041,0.6625947952982041
1WCL.pdb,E25T,24,-0.1883575630896898,0.2848317,0.47318926579888776,0.47318926579888776
1WCL.pdb,E25S,24,-0.3919290658892209,0.23689449,0.6288235542238767,0.6288235542238767
1WCL.pdb,E25A,24,-0.4274444419544512,0.07596953,0.5034139740865999,0.5034139740865999
1WCL.pdb,E25G,24,-0.0017812812958357,0.5463104,0.5480917061005232,0.5480917061005232
1WCL.pdb,E25M,24,-0.6769996067129456,-0.11491491,0.5620846977077805,0.5620846977077805
1WCL.pdb,E25L,24,-0.7151928717654723,-0.05869752,0.6564953500789183,0.6564953500789183
1WCL.pdb,E25V,24,0.0619313547399955,0.20745039,0.14551903512206504,0.14551903512206504
1WCL.pdb,E25I,24,-0.1069861655698498,0.0366932,0.14367936603886683,0.14367936603886683
1WCL.pdb,E25W,24,0.2169387987549531,0.1403266,-0.07661219450785989,0.07661219450785989
1WCL.pdb,E25Y,24,-0.2383291876261086,0.114325404,0.3526545917932839,0.3526545917932839
1WCL.pdb,E25F,24,-0.0485448971603705,0.17523955,0.22378444524749055,0.22378444524749055
1WCL.pdb,E25P,24,2.8057683656974675,1.7958854,-1.0098829220100285,1.0098829220100285
1WCL.pdb,E25C,24,-0.1734824935939931,-0.15228237,0.02120012147695055,0.02120012147695055
1WCL.pdb,E26Q,25,-0.5335183350767454,-0.024746597,0.5087717382635435,0.5087717382635435
1WCL.pdb,E26N,25,-0.9327826373957296,0.023124814,0.9559074514292379,0.9559074514292379
1WCL.pdb,E26H,25,-1.5138124287407972,-0.37815684,1.1356555879395582,1.1356555879395582
1WCL.pdb,E26D,25,1.234946528723358,0.43175665,-0.8031898832823028,0.8031898832823028
1WCL.pdb,E26R,25,-1.0404486564298328,-0.22094189,0.8195067701240237,0.8195067701240237
1WCL.pdb,E26K,25,-0.9605273456487664,-0.041771173,0.9187561721715936,0.9187561721715936
1WCL.pdb,E26T,25,-0.232693807814154,0.15924802,0.391941832039389,0.391941832039389
1WCL.pdb,E26S,25,-0.6688483674986347,-0.19728589,0.4715624769194111,0.4715624769194111
1WCL.pdb,E26A,25,-0.9175831084754044,-0.55397916,0.3636039500739151,0.3636039500739151
1WCL.pdb,E26G,25,-0.5896136459110202,0.3000732,0.8896868523357333,0.8896868523357333
1WCL.pdb,E26M,25,-1.1900248065500367,-0.43674356,0.7532812490968812,0.7532812490968812
1WCL.pdb,E26L,25,-0.7481562107151016,-0.3379818,0.4101744204109177,0.4101744204109177
1WCL.pdb,E26V,25,-0.2176546808755923,-0.06940326,0.1482514199293185,0.1482514199293185
1WCL.pdb,E26I,25,-0.3629375257890315,-0.19393732,0.1690002092521281,0.1690002092521281
1WCL.pdb,E26W,25,-0.9440492021500884,-0.57524514,0.36880406016705614,0.36880406016705614
1WCL.pdb,E26Y,25,-1.1752563076639009,-0.6267723,0.5484840231561494,0.5484840231561494
1WCL.pdb,E26F,25,-0.9497000816748812,-0.51235485,0.4373452309058382,0.4373452309058382
1WCL.pdb,E26P,25,2.734274047229991,1.2930202,-1.4412537988169052,1.4412537988169052
1WCL.pdb,E26C,25,0.2192610392218306,-0.6857549,-0.9050159344320967,0.9050159344320967
1WCL.pdb,G27Q,26,2.369862250376296,1.1419443,-1.2279179611688376,1.2279179611688376
1WCL.pdb,G27E,26,2.738527903650529,1.3902879,-1.3482400275213786,1.3482400275213786
1WCL.pdb,G27N,26,2.026332969286212,0.8993077,-1.1270252414724915,1.1270252414724915
1WCL.pdb,G27H,26,1.802256276328328,0.98841655,-0.8138397237846879,0.8138397237846879
1WCL.pdb,G27D,26,2.788390581598439,1.1312889,-1.6571016955281874,1.6571016955281874
1WCL.pdb,G27R,26,2.056901676997296,1.2970432,-0.7598584726897397,0.7598584726897397
1WCL.pdb,G27K,26,2.130181593164313,1.1449486,-0.9852329914415958,0.9852329914415958
1WCL.pdb,G27T,26,2.8607606895670514,1.2307409,-1.630019784759007,1.630019784759007
1WCL.pdb,G27S,26,2.2834595104173654,1.0704889,-1.2129705806688302,1.2129705806688302
1WCL.pdb,G27A,26,2.2990444299821107,1.2914867,-1.007557689869806,1.007557689869806
1WCL.pdb,G27M,26,2.1020982535186503,1.1545327,-0.9475655825439189,0.9475655825439189
1WCL.pdb,G27L,26,2.0596270827641057,1.131711,-0.9279160765995549,0.9279160765995549
1WCL.pdb,G27V,26,2.3732066785774903,1.462015,-0.9111916458092408,0.9111916458092408
1WCL.pdb,G27I,26,2.436430347209593,1.4675796,-0.9688507440144027,0.9688507440144027
1WCL.pdb,G27W,26,1.7257127711636098,1.1287748,-0.5969380090099843,0.5969380090099843
1WCL.pdb,G27Y,26,1.5980948192118198,1.0000588,-0.5980360490320713,0.5980360490320713
1WCL.pdb,G27F,26,1.8854146600682855,0.836589,-1.0488256813008905,1.0488256813008905
1WCL.pdb,G27P,26,2.871150331651353,1.815477,-1.0556733180634015,1.0556733180634015
1WCL.pdb,G27C,26,1.7449694627525263,0.60595655,-1.1390129083396845,1.1390129083396845
1WCL.pdb,F28Q,27,2.8449198929514923,1.8495209,-0.995398971244339,0.995398971244339
1WCL.pdb,F28E,27,3.1684387124240487,1.9339612,-1.2344775593936532,1.2344775593936532
1WCL.pdb,F28N,27,2.9275231232580543,1.6947064,-1.2328166832861305,1.2328166832861305
1WCL.pdb,F28H,27,1.898726578773766,1.4147733,-0.48395323378017463,0.48395323378017463
1WCL.pdb,F28D,27,3.263444463251401,1.9907349,-1.2727095284445773,1.2727095284445773
1WCL.pdb,F28R,27,2.511453470325256,1.4493399,-1.0621136036870724,1.0621136036870724
1WCL.pdb,F28K,27,2.782875257858133,1.4873271,-1.2955481590116973,1.2955481590116973
1WCL.pdb,F28T,27,2.6696415183410456,1.3125641,-1.3570773837432673,1.3570773837432673
1WCL.pdb,F28S,27,3.0016556740488705,1.6021898,-1.3994658947672542,1.3994658947672542
1WCL.pdb,F28A,27,2.667738398296435,1.531104,-1.1366344296761346,1.1366344296761346
1WCL.pdb,F28G,27,2.902877666009163,1.7229552,-1.1799224391109697,1.1799224391109697
1WCL.pdb,F28M,27,1.5772000806593922,0.62968737,-0.9475127117896107,0.9475127117896107
1WCL.pdb,F28L,27,1.0175619964761586,0.51610935,-0.5014526491327138,0.5014526491327138
1WCL.pdb,F28V,27,1.1960484439458912,0.67674375,-0.5193046981420582,0.5193046981420582
1WCL.pdb,F28I,27,0.5123288641941168,0.016978383,-0.4953504811298468,0.4953504811298468
1WCL.pdb,F28W,27,0.6647735998430369,0.85772383,0.19295023228739527,0.19295023228739527
1WCL.pdb,F28Y,27,-0.1408866844123668,0.50339174,0.6442784271186657,0.6442784271186657
1WCL.pdb,F28P,27,2.6357197397826857,1.711021,-0.9246987932800002,0.9246987932800002
1WCL.pdb,F28C,27,2.0877018576193613,0.84498894,-1.24271291547306,1.24271291547306
1WCL.pdb,S29Q,28,0.1852349563025059,-0.031972624,-0.21720758066402093,0.21720758066402093
1WCL.pdb,S29E,28,0.6325703092682105,0.35750243,-0.2750678785907965,0.2750678785907965
1WCL.pdb,S29N,28,0.1785079397303395,0.12733321,-0.051174730811768016,0.051174730811768016
1WCL.pdb,S29H,28,-0.1436480808480089,-0.26123893,-0.11759085176154921,0.11759085176154921
1WCL.pdb,S29D,28,0.8574086156594456,0.70348513,-0.15392348439571268,0.15392348439571268
1WCL.pdb,S29R,28,-0.5080553870083042,-0.17396241,0.33409297274362526,0.33409297274362526
1WCL.pdb,S29K,28,-0.1269025403616446,-0.21014963,-0.08324709054255308,0.08324709054255308
1WCL.pdb,S29T,28,-0.5972359019759912,-0.18951973,0.4077161687854547,0.4077161687854547
1WCL.pdb,S29A,28,0.4065329890676805,0.111969024,-0.2945639651247331,0.2945639651247331
1WCL.pdb,S29G,28,0.6554633995257069,0.35719362,-0.2982697805128742,0.2982697805128742
1WCL.pdb,S29M,28,-0.4440805535919234,-0.2912189,0.15286164695091692,0.15286164695091692
1WCL.pdb,S29L,28,-0.4359621014722306,-0.18140635,0.25455575252852025,0.25455575252852025
1WCL.pdb,S29V,28,0.2161023341128936,-0.14202423,-0.3581265680501571,0.3581265680501571
1WCL.pdb,S29I,28,0.1460509411187076,-0.22416443,-0.3702153674454593,0.3702153674454593
1WCL.pdb,S29W,28,-0.4010506974008234,-0.2713122,0.1297384904172571,0.1297384904172571
1WCL.pdb,S29Y,28,-0.3742048231223482,-0.42874676,-0.0545419367691618,0.0545419367691618
1WCL.pdb,S29F,28,-0.41666488455055,-0.31906837,0.09759651230094674,0.09759651230094674
1WCL.pdb,S29P,28,1.946568158998512,1.1423666,-0.8042015112781751,0.8042015112781751
1WCL.pdb,S29C,28,0.4666612701120445,-0.5207052,-0.9873664931955406,0.9873664931955406
1WCL.pdb,T30Q,29,1.2083339528145065,1.2474983,0.0391643210349808,0.0391643210349808
1WCL.pdb,T30E,29,1.6651315915561702,1.3568057,-0.3083259093738582,0.3083259093738582
1WCL.pdb,T30N,29,0.9354213585126608,0.8121375,-0.12328387396218476,0.12328387396218476
1WCL.pdb,T30H,29,1.1440212817326558,1.1685201,0.024498811231516537,0.024498811231516537
1WCL.pdb,T30D,29,1.5496593480216434,0.92397463,-0.6256847148047855,0.6256847148047855
1WCL.pdb,T30R,29,0.4650062884284667,1.2307402,0.7657339011238404,0.7657339011238404
1WCL.pdb,T30K,29,0.7861507151153102,1.2449939,0.4588432099792943,0.4588432099792943
1WCL.pdb,T30S,29,0.2061016343881307,0.28881162,0.08270998966200968,0.08270998966200968
1WCL.pdb,T30A,29,1.219549620375863,1.2463195,0.026769912018546282,0.026769912018546282
1WCL.pdb,T30G,29,1.505171083335956,1.1466444,-0.3585267294693788,0.3585267294693788
1WCL.pdb,T30M,29,1.1496347569419083,1.3871863,0.23755153189170986,0.23755153189170986
1WCL.pdb,T30L,29,1.1444251169093365,1.3284376,0.1840124498478657,0.1840124498478657
1WCL.pdb,T30V,29,1.595794168659214,1.1900178,-0.40577634925461203,0.40577634925461203
1WCL.pdb,T30I,29,1.7910531810291168,1.3229342,-0.46811903033331603,0.46811903033331603
1WCL.pdb,T30W,29,1.5814542276848558,1.4025817,-0.17887253594291241,0.17887253594291241
1WCL.pdb,T30Y,29,1.3548615396147166,1.1966819,-0.15817968250564673,0.15817968250564673
1WCL.pdb,T30F,29,1.3841856391534089,1.3050303,-0.07915529323666082,0.07915529323666082
1WCL.pdb,T30P,29,3.065798133819912,1.2371062,-1.8286919297870141,1.8286919297870141
1WCL.pdb,T30C,29,1.158056383407132,0.81550014,-0.3425562432170075,0.3425562432170075
1WCL.pdb,L31Q,30,3.199177347146404,2.50034,-0.698837362252605,0.698837362252605
1WCL.pdb,L31E,30,2.934051130812924,2.3141997,-0.6198514447625088,0.6198514447625088
1WCL.pdb,L31N,30,2.897462599760229,2.444251,-0.4532115392743892,0.4532115392743892
1WCL.pdb,L31H,30,2.9636641308093874,2.344771,-0.6188932224536745,0.6188932224536745
1WCL.pdb,L31D,30,2.9263592260026727,2.2879016,-0.6384575860643182,0.6384575860643182
1WCL.pdb,L31R,30,2.854190702401904,2.5256035,-0.3285871696107665,0.3285871696107665
1WCL.pdb,L31K,30,2.73155708495062,2.3839574,-0.3475996989337742,0.3475996989337742
1WCL.pdb,L31T,30,2.830178039384351,2.08921,-0.7409680059676029,0.7409680059676029
1WCL.pdb,L31S,30,3.108510878813758,2.5797641,-0.5287467510824349,0.5287467510824349
1WCL.pdb,L31A,30,2.871780490996624,2.300204,-0.5715764523766289,0.5715764523766289
1WCL.pdb,L31G,30,2.828615201354169,2.4100723,-0.41854287469401275,0.41854287469401275
1WCL.pdb,L31M,30,1.3084399835973202,0.95869666,-0.349743320217651,0.349743320217651
1WCL.pdb,L31V,30,1.4247529303850783,1.3544016,-0.07035134194513692,0.07035134194513692
1WCL.pdb,L31I,30,0.4976490327974021,0.9437059,0.44605688360732204,0.44605688360732204
1WCL.pdb,L31W,30,2.317698271875249,1.5959637,-0.721734555368291,0.721734555368291
1WCL.pdb,L31Y,30,3.049375452992514,1.6253436,-1.4240318918200288,1.4240318918200288
1WCL.pdb,L31F,30,1.5746378315422191,1.3430183,-0.23161953816148184,0.23161953816148184
1WCL.pdb,L31P,30,2.7373346419457167,2.2326732,-0.5046614737633437,0.5046614737633437
1WCL.pdb,L31C,30,2.218838160886352,1.4741611,-0.744677012815063,0.744677012815063
1WCL.pdb,E32Q,31,0.2555332907250065,0.29038808,0.034854786772475777,0.034854786772475777
1WCL.pdb,E32N,31,0.7721882604671548,0.53328604,-0.23890222540627226,0.23890222540627226
1WCL.pdb,E32H,31,0.2967506004890987,0.12159095,-0.17515965089412416,0.17515965089412416
1WCL.pdb,E32D,31,0.7887510535048285,0.5793275,-0.20942352979648504,0.20942352979648504
1WCL.pdb,E32R,31,0.3783543071757576,0.49845785,0.12010354184996874,0.12010354184996874
1WCL.pdb,E32K,31,0.7295928845773165,0.47823122,-0.2513616631398623,0.2513616631398623
1WCL.pdb,E32T,31,0.6294137923316696,0.45444855,-0.17496524139210967,0.17496524139210967
1WCL.pdb,E32S,31,0.5884729811597418,0.5116751,-0.07679786175971737,0.07679786175971737
1WCL.pdb,E32A,31,0.2549556801443167,0.16523618,-0.08971950508404447,0.08971950508404447
1WCL.pdb,E32G,31,0.8782983700878169,0.6538136,-0.22448476954765573,0.22448476954765573
1WCL.pdb,E32M,31,0.3143029771499486,0.24715891,-0.06714406234548997,0.06714406234548997
1WCL.pdb,E32L,31,0.1748774596365048,0.18016768,0.005290215381805741,0.005290215381805741
1WCL.pdb,E32V,31,0.5064528129084165,0.060162604,-0.4462902090532834,0.4462902090532834
1WCL.pdb,E32I,31,0.5042232656936556,0.17249921,-0.33172405605124533,0.33172405605124533
1WCL.pdb,E32W,31,-0.5590690772111953,-0.24876818,0.31030089660244586,0.31030089660244586
1WCL.pdb,E32Y,31,0.0149936208477434,-0.15804288,-0.17303649876026475,0.17303649876026475
1WCL.pdb,E32F,31,0.1537801970570473,-0.0883421,-0.2421222974388985,0.2421222974388985
1WCL.pdb,E32P,31,1.7336736175468772,1.2752265,-0.45844714373858864,0.45844714373858864
1WCL.pdb,E32C,31,0.1082506711586068,-0.13174966,-0.24000033093529444,0.24000033093529444
1WCL.pdb,E33Q,32,-0.3548982078515403,-0.3485793,0.006318920322548605,0.006318920322548605
1WCL.pdb,E33N,32,0.9720704262080258,1.2804556,0.30838516308640784,0.30838516308640784
1WCL.pdb,E33H,32,0.0216441520716403,0.76553386,0.7438897124264982,0.7438897124264982
1WCL.pdb,E33D,32,0.1061964511067605,1.1237544,1.0175579310267233,1.0175579310267233
1WCL.pdb,E33R,32,0.1604289976947446,0.6658346,0.5054056079990725,0.5054056079990725
1WCL.pdb,E33K,32,0.1497842367520787,0.28805584,0.13827160040230974,0.13827160040230974
1WCL.pdb,E33T,32,0.613899881246672,0.7417469,0.12784702121914826,0.12784702121914826
1WCL.pdb,E33S,32,-0.119201328532831,0.7583136,0.8775149247814578,0.8775149247814578
1WCL.pdb,E33A,32,-0.0342832543746234,0.33170244,0.36598569535172,0.36598569535172
1WCL.pdb,E33G,32,0.7114177687371166,1.0899839,0.3785661713873951,0.3785661713873951
1WCL.pdb,E33M,32,-0.1281193488333061,0.16351712,0.2916364663336113,0.2916364663336113
1WCL.pdb,E33L,32,0.2137657119986684,0.50995904,0.29619333007362775,0.29619333007362775
1WCL.pdb,E33V,32,0.5802079815523387,0.601938,0.021730027709746302,0.021730027709746302
1WCL.pdb,E33I,32,-0.1880803645318121,0.53679585,0.7248762191002935,0.7248762191002935
1WCL.pdb,E33W,32,1.1410650682143588,1.0077181,-0.13334698197168304,0.13334698197168304
1WCL.pdb,E33Y,32,0.5687306108934527,0.86427945,0.2955488380926008,0.2955488380926008
1WCL.pdb,E33F,32,0.8776411512797675,0.76909065,-0.10855049881394718,0.10855049881394718
1WCL.pdb,E33P,32,2.9771108867535943,2.3299546,-0.6471562625775689,0.6471562625775689
1WCL.pdb,E33C,32,0.1459169418750265,0.32280245,0.17688551235814307,0.17688551235814307
1WCL.pdb,L34Q,33,3.211867907154471,1.8950623,-1.3168055797695222,1.3168055797695222
1WCL.pdb,L34E,33,3.121597487056829,1.9138169,-1.2077805581933037,1.2077805581933037
1WCL.pdb,L34N,33,3.2978724998795594,1.709537,-1.588335470613202,1.588335470613202
1WCL.pdb,L34H,33,2.805170774103203,1.4771254,-1.328045367837944,1.328045367837944
1WCL.pdb,L34D,33,2.894519189450271,1.9812264,-0.9132927452058861,0.9132927452058861
1WCL.pdb,L34R,33,3.305126288085196,1.678267,-1.6268592859794833,1.6268592859794833
1WCL.pdb,L34K,33,3.002426004938017,1.7396395,-1.2627864842928753,1.2627864842928753
1WCL.pdb,L34T,33,2.91114000620024,1.4130415,-1.4980985337652424,1.4980985337652424
1WCL.pdb,L34S,33,2.9283555064709823,1.826142,-1.1022135530026596,1.1022135530026596
1WCL.pdb,L34A,33,3.160609919677953,1.2802243,-1.8803855964052478,1.8803855964052478
1WCL.pdb,L34G,33,2.701269909985608,1.8239259,-0.8773440572100344,0.8773440572100344
1WCL.pdb,L34M,33,1.096344331707329,0.5818335,-0.5145108499186937,0.5145108499186937
1WCL.pdb,L34V,33,0.3860457437806435,-0.1871283,-0.5731740492158242,0.5731740492158242
1WCL.pdb,L34I,33,-0.470365151420264,-0.78536236,-0.3149972114413693,0.3149972114413693
1WCL.pdb,L34W,33,1.9166935955061464,0.9952329,-0.9214607153906373,0.9214607153906373
1WCL.pdb,L34Y,33,2.903494859590212,0.94621694,-1.9572779187103904,1.9572779187103904
1WCL.pdb,L34F,33,0.9974958423605368,0.62679297,-0.37070287504104826,0.37070287504104826
1WCL.pdb,L34P,33,3.013951899821032,1.6456214,-1.36833048086809,1.36833048086809
1WCL.pdb,L34C,33,2.281469122101897,0.70532465,-1.576144472291106,1.576144472291106
1WCL.pdb,A35Q,34,1.4640007024609956,1.9731667,0.5091660017168609,0.5091660017168609
1WCL.pdb,A35E,34,1.9555727592102352,2.1848001,0.2292273888000187,0.2292273888000187
1WCL.pdb,A35N,34,1.9266311782229408,2.2676964,0.34106520239229354,0.34106520239229354
1WCL.pdb,A35H,34,2.029903968796293,2.0032535,-0.026650508865873057,0.026650508865873057
1WCL.pdb,A35D,34,2.506360863815925,2.480167,-0.02619395173706751,0.02619395173706751
1WCL.pdb,A35R,34,1.7214359208359835,1.972779,0.2513431147322538,0.2513431147322538
1WCL.pdb,A35K,34,2.143744461392508,2.0254564,-0.11828803286467604,0.11828803286467604
1WCL.pdb,A35T,34,0.873875181084748,1.8909985,1.0171233016194146,1.0171233016194146
1WCL.pdb,A35S,34,0.9666123922595712,1.4359168,0.4693043891659049,0.4693043891659049
1WCL.pdb,A35G,34,1.7224001282235677,1.6217973,-0.10060280499663898,0.10060280499663898
1WCL.pdb,A35M,34,0.260683351002327,1.3747098,1.1140264935869064,1.1140264935869064
1WCL.pdb,A35L,34,-0.2429076386496076,1.2618463,1.504753942589427,1.504753942589427
1WCL.pdb,A35V,34,-0.2506228492494151,1.300768,1.551390867018275,1.551390867018275
1WCL.pdb,A35I,34,-0.0870443348167961,1.2657266,1.3527709011314935,1.3527709011314935
1WCL.pdb,A35W,34,1.2418559753403138,1.3836529,0.14179695015101923,0.14179695015101923
1WCL.pdb,A35Y,34,0.7967564485040208,1.4380255,0.641269026044319,0.641269026044319
1WCL.pdb,A35F,34,0.7153469102770291,1.4589818,0.7436348421186008,0.7436348421186008
1WCL.pdb,A35P,34,2.140954856913648,2.5664122,0.4254573535508297,0.4254573535508297
1WCL.pdb,A35C,34,0.7928897208032746,0.94982463,0.15693491041086727,0.15693491041086727
1WCL.pdb,Y36Q,35,0.2911622231567428,0.8141321,0.522969871226497,0.522969871226497
1WCL.pdb,Y36E,35,0.4356685233494444,0.8326314,0.396962885818799,0.396962885818799
1WCL.pdb,Y36N,35,-0.1624004359723496,0.7891723,0.9515727277280259,0.9515727277280259
1WCL.pdb,Y36H,35,0.145885806222096,0.42968035,0.28379454122053094,0.28379454122053094
1WCL.pdb,Y36D,35,0.6375100595367695,1.0189102,0.3814001100646709,0.3814001100646709
1WCL.pdb,Y36R,35,0.2624030322139239,1.0340304,0.7716274052555585,0.7716274052555585
1WCL.pdb,Y36K,35,0.2324600217852861,0.9033685,0.6709084512676924,0.6709084512676924
1WCL.pdb,Y36T,35,-0.1304759359107201,0.51940894,0.649884877179641,0.649884877179641
1WCL.pdb,Y36S,35,-0.1283614846588854,0.593443,0.7218044611336474,0.7218044611336474
1WCL.pdb,Y36A,35,0.2193240515240146,0.8894695,0.6701454528323697,0.6701454528323697
1WCL.pdb,Y36G,35,0.4829011327408423,1.1946828,0.7117817037917504,0.7117817037917504
1WCL.pdb,Y36M,35,0.1755854176472802,0.40241268,0.22682726512440254,0.22682726512440254
1WCL.pdb,Y36L,35,0.3536330526253297,0.59195817,0.23832511254343253,0.23832511254343253
1WCL.pdb,Y36V,35,0.3169186149880536,0.63251895,0.3156003321364276,0.3156003321364276
1WCL.pdb,Y36I,35,0.3189139134422376,0.5493169,0.23040296964492063,0.23040296964492063
1WCL.pdb,Y36W,35,0.2098895350973397,0.13675123,-0.07313830056593712,0.07313830056593712
1WCL.pdb,Y36F,35,0.0448010872040578,0.049220204,0.004419117149274718,0.004419117149274718
1WCL.pdb,Y36P,35,2.8879104251349723,2.0033336,-0.8845768565619743,0.8845768565619743
1WCL.pdb,Y36C,35,0.6273332469985871,0.023365796,-0.6039674513862519,0.6039674513862519
1WCL.pdb,V37Q,36,0.3892347140946235,0.7664397,0.3772049621901665,0.3772049621901665
1WCL.pdb,V37E,36,0.8080863583985725,1.3838316,0.5757452618177972,0.5757452618177972
1WCL.pdb,V37N,36,0.1995614572368889,1.1838908,0.9843293623126717,0.9843293623126717
1WCL.pdb,V37H,36,0.2083055343008992,0.97239745,0.764091912331486,0.764091912331486
1WCL.pdb,V37D,36,1.0926491063704526,1.6504245,0.5577753740677798,0.5577753740677798
1WCL.pdb,V37R,36,-0.6223810013163762,0.6791563,1.301537304722138,1.301537304722138
1WCL.pdb,V37K,36,-0.1522768314938094,0.7674496,0.9197264488796737,0.9197264488796737
1WCL.pdb,V37T,36,-0.093854330518754,0.2593373,0.35319163654139807,0.35319163654139807
1WCL.pdb,V37S,36,-0.1609030579379271,0.46200436,0.6229074214747619,0.6229074214747619
1WCL.pdb,V37A,36,-0.8767017343210091,0.2813943,1.1580960371660103,1.1580960371660103
1WCL.pdb,V37G,36,-0.3325564545863995,1.1293021,1.4618585986369976,1.4618585986369976
1WCL.pdb,V37M,36,0.1854648444108702,0.29950434,0.11403949528410662,0.11403949528410662
1WCL.pdb,V37L,36,0.0960945912953636,0.5194304,0.42333580764567647,0.42333580764567647
1WCL.pdb,V37I,36,0.3409182481975206,-0.06410611,-0.40502435495563827,0.40502435495563827
1WCL.pdb,V37W,36,0.1994650804635123,0.8673332,0.6678680932883188,0.6678680932883188
1WCL.pdb,V37Y,36,0.4752001833150823,0.6705904,0.1953902173807185,0.1953902173807185
1WCL.pdb,V37F,36,0.3074127588376285,0.5903865,0.28297375105769623,0.28297375105769623
1WCL.pdb,V37P,36,1.146686798606681,1.6167023,0.4700155195848472,0.4700155195848472
1WCL.pdb,V37C,36,0.080884984442342,0.12354553,0.042660543015848915,0.042660543015848915
1WCL.pdb,P38Q,37,0.5366653470249294,0.9264944,0.38982907254980814,0.38982907254980814
1WCL.pdb,P38E,37,0.0933008346135797,0.7700135,0.6767126765672979,0.6767126765672979
1WCL.pdb,P38N,37,0.1098843186755935,0.6548896,0.5450052649120529,0.5450052649120529
1WCL.pdb,P38H,37,0.4594998284086875,0.89270765,0.4332078174844094,0.4332078174844094
1WCL.pdb,P38D,37,-0.2911706980933206,0.4155999,0.7067706104983347,0.7067706104983347
1WCL.pdb,P38R,37,0.8648098325852338,1.1051369,0.24032703875265682,0.24032703875265682
1WCL.pdb,P38K,37,0.7018639154287953,0.95298153,0.2511176161912303,0.2511176161912303
1WCL.pdb,P38T,37,0.0713268697909219,0.9156117,0.8442848145314352,0.8442848145314352
1WCL.pdb,P38S,37,-0.0406454298115823,0.7391867,0.7798321339703652,0.7798321339703652
1WCL.pdb,P38A,37,0.3777548895418858,0.75123453,0.3734796418607021,0.3734796418607021
1WCL.pdb,P38G,37,0.3661143889794189,0.92076343,0.5546490440001648,0.5546490440001648
1WCL.pdb,P38M,37,0.7619402626051262,1.0583727,0.2964324733720467,0.2964324733720467
1WCL.pdb,P38L,37,0.5136594853432035,0.77034175,0.25668226861645227,0.25668226861645227
1WCL.pdb,P38V,37,0.9552261357341604,0.91114825,-0.04407788563116355,0.04407788563116355
1WCL.pdb,P38I,37,0.9158571095278588,0.9199898,0.0041327147671851305,0.0041327147671851305
1WCL.pdb,P38W,37,0.8843361751304704,0.940007,0.05567079622878257,0.05567079622878257
1WCL.pdb,P38Y,37,0.8022065159255476,0.9958561,0.19364959035573293,0.19364959035573293
1WCL.pdb,P38F,37,0.6789173931842609,0.9896299,0.31071253111307184,0.31071253111307184
1WCL.pdb,P38C,37,0.3238677394827327,0.63757527,0.3137075292626897,0.3137075292626897
1WCL.pdb,M39Q,38,0.6664031328400775,0.37940753,-0.2869956077775164,0.2869956077775164
1WCL.pdb,M39E,38,0.9755922243144716,0.6398308,-0.3357613966014589,0.3357613966014589
1WCL.pdb,M39N,38,0.7731245574682015,0.7836765,0.01055194762060463,0.01055194762060463
1WCL.pdb,M39H,38,0.7458353379064175,0.7254193,-0.02041605499320953,0.02041605499320953
1WCL.pdb,M39D,38,1.0075889322602851,0.9744853,-0.03310365413070748,0.03310365413070748
1WCL.pdb,M39R,38,0.2590550455326332,0.3048024,0.045747342420171366,0.045747342420171366
1WCL.pdb,M39K,38,0.2557229910992036,0.2703015,0.014578499922906385,0.014578499922906385
1WCL.pdb,M39T,38,0.1530183617107563,0.5703684,0.417350047446043,0.417350047446043
1WCL.pdb,M39S,38,0.3564049939532356,0.74834806,0.39194306331681444,0.39194306331681444
1WCL.pdb,M39A,38,0.3020362964291263,0.39642835,0.0943920502047848,0.0943920502047848
1WCL.pdb,M39G,38,1.0315762545103797,1.0461706,0.014594337797664725,0.014594337797664725
1WCL.pdb,M39L,38,0.0248609715745447,-0.036258966,-0.06111993730521181,0.06111993730521181
1WCL.pdb,M39V,38,0.0057543225613811,0.25604644,0.2502921216162465,0.2502921216162465
1WCL.pdb,M39I,38,-0.0626192981058748,-0.026492953,0.036126344805398725,0.036126344805398725
1WCL.pdb,M39W,38,0.9432518973601004,0.33300874,-0.6102431609881064,0.6102431609881064
1WCL.pdb,M39Y,38,0.6815596395335879,0.43345279,-0.2481068545184817,0.2481068545184817
1WCL.pdb,M39F,38,0.4683552676111615,0.30866134,-0.15969392594398618,0.15969392594398618
1WCL.pdb,M39P,38,0.7866479069179042,0.59839845,-0.18824945988116104,0.18824945988116104
1WCL.pdb,M39C,38,0.9241193209262346,0.14315513,-0.7809641931624864,0.7809641931624864
1WCL.pdb,K40Q,39,-0.1238099067105258,0.08928254,0.2130924491776431,0.2130924491776431
1WCL.pdb,K40E,39,-0.0384502737124927,0.081668004,0.12011827810607027,0.12011827810607027
1WCL.pdb,K40N,39,0.0484459724827734,0.10187868,0.053432707806018255,0.053432707806018255
1WCL.pdb,K40H,39,-0.0999008224742876,0.070103675,0.17000449760131703,0.17000449760131703
1WCL.pdb,K40D,39,0.21958253301836,0.17214154,-0.04744099594808565,0.04744099594808565
1WCL.pdb,K40R,39,0.0307941589158464,0.11819701,0.0874028500515532,0.0874028500515532
1WCL.pdb,K40T,39,0.1526208732225749,0.07958246,-0.07303841299794644,0.07303841299794644
1WCL.pdb,K40S,39,-0.0630842071270816,0.010588303,0.07367251033543273,0.07367251033543273
1WCL.pdb,K40A,39,-0.0254150701760238,-0.08857277,-0.06315770018110815,0.06315770018110815
1WCL.pdb,K40G,39,0.2471446718173284,0.19199294,-0.05515173329880424,0.05515173329880424
1WCL.pdb,K40M,39,0.3118510468313999,0.104352854,-0.207498192639143,0.207498192639143
1WCL.pdb,K40L,39,0.2930362238224555,0.038572088,-0.2544641359385062,0.2544641359385062
1WCL.pdb,K40V,39,0.2879687952266527,0.16075417,-0.12721462123258837,0.12721462123258837
1WCL.pdb,K40I,39,0.1691784867058325,0.16088787,-0.00829061949353696,0.00829061949353696
1WCL.pdb,K40W,39,-0.115466168164183,-0.0026106015,0.11285556667940745,0.11285556667940745
1WCL.pdb,K40Y,39,0.1451774724635512,0.098164596,-0.04701287680000368,0.04701287680000368
1WCL.pdb,K40F,39,0.2341709193356145,0.14320321,-0.0909677055246938,0.0909677055246938
1WCL.pdb,K40P,39,0.8356228541178847,0.4256012,-0.4100216399474288,0.4100216399474288
1WCL.pdb,K40C,39,0.5402035916346994,-0.13218823,-0.6723918223876444,0.6723918223876444
1WCL.pdb,E41Q,40,-0.1921521246572641,-0.2954883,-0.10333617328203643,0.10333617328203643
1WCL.pdb,E41N,40,0.051451573435064,0.18321663,0.1317650579774421,0.1317650579774421
1WCL.pdb,E41H,40,-0.1042548708095951,-0.06968834,0.0345665282979412,0.0345665282979412
1WCL.pdb,E41D,40,0.0820376752610845,0.5677804,0.48574270021956734,0.48574270021956734
1WCL.pdb,E41R,40,-0.6073401409363361,-0.4013111,0.2060290414070698,0.2060290414070698
1WCL.pdb,E41K,40,-0.359100391759009,-0.370849,-0.01174862156954326,0.01174862156954326
1WCL.pdb,E41T,40,-0.2448198606672371,-0.18174607,0.06307379505062943,0.06307379505062943
1WCL.pdb,E41S,40,0.2268557407798153,0.050739616,-0.1761161246241909,0.1761161246241909
1WCL.pdb,E41A,40,0.0459643304708272,-0.118400455,-0.1643647849920064,0.1643647849920064
1WCL.pdb,E41G,40,0.5052656460546388,0.57057554,0.06530988924275505,0.06530988924275505
1WCL.pdb,E41M,40,-0.0611615628149264,-0.40284014,-0.34167857466676305,0.34167857466676305
1WCL.pdb,E41L,40,-0.1774406461270388,-0.42558193,-0.2481412859408323,0.2481412859408323
1WCL.pdb,E41V,40,-0.4052555647763758,-0.41758135,-0.012325784834906539,0.012325784834906539
1WCL.pdb,E41I,40,-0.3061404826119687,-0.5297643,-0.22362381201235992,0.22362381201235992
1WCL.pdb,E41W,40,-0.140683394931623,-0.12607911,0.01460428264028693,0.01460428264028693
1WCL.pdb,E41Y,40,-0.2757979905547283,-0.1772555,0.098542494172015,0.098542494172015
1WCL.pdb,E41F,40,-0.2876435526840883,-0.13681507,0.15082848157813128,0.15082848157813128
1WCL.pdb,E41P,40,1.031372905031298,1.3191345,0.2877615687693611,0.2877615687693611
1WCL.pdb,E41C,40,-0.2615201290133355,-0.43451127,-0.1729911450860145,0.1729911450860145
1WCL.pdb,L42Q,41,1.8071903298984304,2.2924595,0.48526915801660864,0.48526915801660864
1WCL.pdb,L42E,41,2.239767520926434,2.646799,0.40703156659798,0.40703156659798
1WCL.pdb,L42N,41,1.7764804088844055,2.4477453,0.6712649142967468,0.6712649142967468
1WCL.pdb,L42H,41,1.668761798440549,2.2428863,0.5741245064147977,0.5741245064147977
1WCL.pdb,L42D,41,2.0995091022468406,2.704231,0.6047219215416115,0.6047219215416115
1WCL.pdb,L42R,41,1.375561612192143,2.4167416,1.0411799973812212,1.0411799973812212
1WCL.pdb,L42K,41,1.3177960542035017,2.348867,1.031070885341176,1.031070885341176
1WCL.pdb,L42T,41,1.7104681268615094,2.3143973,0.6039292081909808,0.6039292081909808
1WCL.pdb,L42S,41,1.7850135992104137,2.5640688,0.7790551950400746,0.7790551950400746
1WCL.pdb,L42A,41,1.0447776538995228,2.0775437,1.0327660816046276,1.0327660816046276
1WCL.pdb,L42G,41,1.5584011729928806,2.4777968,0.9193956199911282,0.9193956199911282
1WCL.pdb,L42M,41,0.4965570702883912,0.61155355,0.11499647947814934,0.11499647947814934
1WCL.pdb,L42V,41,1.228413713654511,1.2947943,0.06638060740566964,0.06638060740566964
1WCL.pdb,L42I,41,0.7054473920365796,0.5117055,-0.19374187426771972,0.19374187426771972
1WCL.pdb,L42W,41,0.9617982786768668,1.6728247,0.7110264617329842,0.7110264617329842
1WCL.pdb,L42Y,41,1.2976039088256723,1.7644143,0.46681040162964993,0.46681040162964993
1WCL.pdb,L42F,41,0.6219492774155464,1.1717384,0.5497891087386284,0.5497891087386284
1WCL.pdb,L42P,41,1.7116011421807849,2.6119254,0.9003242213598646,0.9003242213598646
1WCL.pdb,L42C,41,1.6055055349689369,1.2350345,-0.37047106917914197,0.37047106917914197
1WCL.pdb,L43Q,42,1.177202696364552,1.8145658,0.6373630814140734,0.6373630814140734
1WCL.pdb,L43E,42,1.6249442353976202,1.9112035,0.2862592682110834,0.2862592682110834
1WCL.pdb,L43N,42,1.4075173631625155,2.1074772,0.699959824947836,0.699959824947836
1WCL.pdb,L43H,42,1.1855755353854698,1.8498895,0.6643139814449746,0.6643139814449746
1WCL.pdb,L43D,42,2.0875891697758986,2.1628828,0.07529363509470688,0.07529363509470688
1WCL.pdb,L43R,42,0.8974816200464439,2.0004072,1.1029255988866615,1.1029255988866615
1WCL.pdb,L43K,42,1.0896277196037474,1.920661,0.8310332529914675,0.8310332529914675
1WCL.pdb,L43T,42,1.0136706141012457,1.5498531,0.5361824723703119,0.5361824723703119
1WCL.pdb,L43S,42,1.152434780178997,1.8047694,0.6523346166029245,0.6523346166029245
1WCL.pdb,L43A,42,0.9856199998390284,1.7764468,0.7908268194663916,0.7908268194663916
1WCL.pdb,L43G,42,1.3340689839357682,2.1188018,0.7847328482633285,0.7847328482633285
1WCL.pdb,L43M,42,0.1515520345399879,0.7912532,0.6397011745740868,0.6397011745740868
1WCL.pdb,L43V,42,0.9387568745777344,1.3292452,0.3904883351161743,0.3904883351161743
1WCL.pdb,L43I,42,0.7116753462829228,0.9067128,0.1950374241791133,0.1950374241791133
1WCL.pdb,L43W,42,1.0183451349239443,1.4305915,0.4122463291187193,0.4122463291187193
1WCL.pdb,L43Y,42,0.6960533111810725,1.5508778,0.8548244983434636,0.8548244983434636
1WCL.pdb,L43F,42,0.9468144839003004,1.4732833,0.5264688069627367,0.5264688069627367
1WCL.pdb,L43P,42,1.438031162469549,2.1702275,0.7321963651488592,0.7321963651488592
1WCL.pdb,L43C,42,1.150255116641536,1.1668555,0.01660033780334924,0.01660033780334924
1WCL.pdb,E44Q,43,-0.3530297746969419,-0.08905482,0.263974951775189,0.263974951775189
1WCL.pdb,E44N,43,-0.1619704833181035,0.12639861,0.28836909140659683,0.28836909140659683
1WCL.pdb,E44H,43,-0.2433914679427431,0.13251412,0.37590558709099753,0.37590558709099753
1WCL.pdb,E44D,43,0.1618130912909983,0.18670101,0.02488792334694878,0.02488792334694878
1WCL.pdb,E44R,43,-0.4977057288970954,-0.08073552,0.41697020936870643,0.41697020936870643
1WCL.pdb,E44K,43,-0.8354463984830351,-0.15480307,0.6806433310372801,0.6806433310372801
1WCL.pdb,E44T,43,-0.1173319144480142,0.2055946,0.322926513694993,0.322926513694993
1WCL.pdb,E44S,43,-0.227503862235074,-0.025845304,0.20165855810356612,0.20165855810356612
1WCL.pdb,E44A,43,-0.3891407282567178,-0.2547743,0.1343664260125314,0.1343664260125314
1WCL.pdb,E44G,43,-0.0423092564856455,0.11745599,0.15976524560803623,0.15976524560803623
1WCL.pdb,E44M,43,-0.2877511495801119,-0.062481314,0.22526983563624897,0.22526983563624897
1WCL.pdb,E44L,43,-0.2446488996137921,-0.013815299,0.23083360093730132,0.23083360093730132
1WCL.pdb,E44V,43,-0.0015388094111221,0.37715492,0.3786937259360092,0.3786937259360092
1WCL.pdb,E44I,43,0.0359593863051128,0.25537646,0.21941707186291698,0.21941707186291698
1WCL.pdb,E44W,43,0.2999228102795204,0.2403342,-0.059588612400682806,0.059588612400682806
1WCL.pdb,E44Y,43,0.2137830229627382,0.26511654,0.05133351961500532,0.05133351961500532
1WCL.pdb,E44F,43,0.1989858800116835,0.33442643,0.1354405528362932,0.1354405528362932
1WCL.pdb,E44P,43,1.237223485123207,1.1350002,-0.10222325624137096,0.10222325624137096
1WCL.pdb,E44C,43,0.3950588831376804,-0.14731285,-0.542371732897736,0.542371732897736
1WCL.pdb,I45Q,44,2.0686337535314387,1.9699823,-0.09865148710535232,0.09865148710535232
1WCL.pdb,I45E,44,2.5954774033189585,2.3146636,-0.2808137547136118,0.2808137547136118
1WCL.pdb,I45N,44,1.9183635874367029,2.0641975,0.14583395284650025,0.14583395284650025
1WCL.pdb,I45H,44,1.2960425048311526,1.6978071,0.4017645687619871,0.4017645687619871
1WCL.pdb,I45D,44,2.5090596254638418,2.4047,-0.10435958464658102,0.10435958464658102
1WCL.pdb,I45R,44,1.1191645654440547,1.9166508,0.7974862066506718,0.7974862066506718
1WCL.pdb,I45K,44,1.5321538780702946,1.9681506,0.4359967376218441,0.4359967376218441
1WCL.pdb,I45T,44,1.7870746122760366,1.6607703,-0.12630431522556052,0.12630431522556052
1WCL.pdb,I45S,44,1.923111657954577,2.0801888,0.15707709326612607,0.15707709326612607
1WCL.pdb,I45A,44,1.7989957269736072,1.7583988,-0.04059695568759647,0.04059695568759647
1WCL.pdb,I45G,44,2.051540972241027,2.3069906,0.25544965123309415,0.25544965123309415
1WCL.pdb,I45M,44,1.055651591859908,1.1270287,0.0713771118296671,0.0713771118296671
1WCL.pdb,I45L,44,0.574776415091776,0.7593384,0.18456196381447398,0.18456196381447398
1WCL.pdb,I45V,44,0.6034914225841006,0.55573756,-0.047753867557092544,0.047753867557092544
1WCL.pdb,I45W,44,1.484542365110667,1.3297762,-0.1547661972410992,0.1547661972410992
1WCL.pdb,I45Y,44,1.6821483902026215,1.2380184,-0.444129996686081,0.444129996686081
1WCL.pdb,I45F,44,1.3112040239617355,1.0373222,-0.2738818603798874,0.2738818603798874
1WCL.pdb,I45P,44,2.439750419034813,2.3162777,-0.1234726766489489,0.1234726766489489
1WCL.pdb,I45C,44,1.6639391823443324,1.0887517,-0.5751875086459071,0.5751875086459071
1WCL.pdb,E46Q,45,0.0223066693239681,0.13408601,0.11177934351630289,0.11177934351630289
1WCL.pdb,E46N,45,0.1352408092825725,0.25545803,0.1202172178418324,0.1202172178418324
1WCL.pdb,E46H,45,0.0145864444464201,0.19209386,0.17750741963687,0.17750741963687
1WCL.pdb,E46D,45,0.1016598506863406,0.18332233,0.08166247466251346,0.08166247466251346
1WCL.pdb,E46R,45,-0.1064718789934153,0.27915806,0.38562993477573343,0.38562993477573343
1WCL.pdb,E46K,45,-0.1232143801978526,0.16598892,0.2892033023169932,0.2892033023169932
1WCL.pdb,E46T,45,-0.3777651578153027,0.2671537,0.6449188679421796,0.6449188679421796
1WCL.pdb,E46S,45,-0.17492185376598,0.13796656,0.3128884121031916,0.3128884121031916
1WCL.pdb,E46A,45,-0.0898511765640615,0.0986732,0.18852437866147742,0.18852437866147742
1WCL.pdb,E46G,45,0.1362222171589069,0.2414461,0.10522387556589322,0.10522387556589322
1WCL.pdb,E46M,45,-0.0302233117346411,0.24959294,0.27981625671430876,0.27981625671430876
1WCL.pdb,E46L,45,-0.5293183386799645,0.22035469,0.7496730298277687,0.7496730298277687
1WCL.pdb,E46V,45,-0.1316181427444576,0.18603654,0.31765468480244863,0.31765468480244863
1WCL.pdb,E46I,45,-0.1388241163221133,0.2992223,0.438046406838013,0.438046406838013
1WCL.pdb,E46W,45,0.0348728129072837,0.22391018,0.18903736980717858,0.18903736980717858
1WCL.pdb,E46Y,45,0.0204355953188422,0.25192466,0.23148906846327755,0.23148906846327755
1WCL.pdb,E46F,45,-0.450123119644636,0.3162179,0.7663410189671458,0.7663410189671458
1WCL.pdb,E46P,45,-0.2737664192946543,-0.15155211,0.12221430838423863,0.12221430838423863
1WCL.pdb,E46C,45,0.4010779285752983,-0.0033302307,-0.4044081592881889,0.4044081592881889
1WCL.pdb,G47Q,46,1.0594944817134286,0.8895286,-0.16996590915407195,0.16996590915407195
1WCL.pdb,G47E,46,1.4938994432748232,0.96140045,-0.5324989939988527,0.5324989939988527
1WCL.pdb,G47N,46,0.9690983994182204,0.4675014,-0.5015969975169753,0.5015969975169753
1WCL.pdb,G47H,46,1.1046353457023783,0.7600644,-0.3445709226181193,0.3445709226181193
1WCL.pdb,G47D,46,1.2118071744780758,0.5160594,-0.6957477758269528,0.6957477758269528
1WCL.pdb,G47R,46,0.6824384371817476,1.0696867,0.38724821404811083,0.38724821404811083
1WCL.pdb,G47K,46,0.9496122988559588,0.96484363,0.01523133193475168,0.01523133193475168
1WCL.pdb,G47T,46,0.9847768739964092,0.8683909,-0.1163859562183941,0.1163859562183941
1WCL.pdb,G47S,46,0.7905856578578012,0.7286924,-0.06189324548139741,0.06189324548139741
1WCL.pdb,G47A,46,0.9301912631407828,1.0257628,0.09557153326119472,0.09557153326119472
1WCL.pdb,G47M,46,0.7622318536765755,0.84672695,0.08449510030673135,0.08449510030673135
1WCL.pdb,G47L,46,1.0571720210606823,0.8643242,-0.19284780898640252,0.19284780898640252
1WCL.pdb,G47V,46,1.1612576236161347,1.2029259,0.04166829687031548,0.04166829687031548
1WCL.pdb,G47I,46,0.977604060570446,1.1259955,0.14839145620659255,0.14839145620659255
1WCL.pdb,G47W,46,0.2046950962363345,0.74651057,0.5418154690445798,0.5418154690445798
1WCL.pdb,G47Y,46,0.972545083215282,0.6426993,-0.3298457819724536,0.3298457819724536
1WCL.pdb,G47F,46,0.6074199386915042,0.51146966,-0.09595027650202059,0.09595027650202059
1WCL.pdb,G47P,46,1.857431063071183,1.5269862,-0.3304448217305458,0.3304448217305458
1WCL.pdb,G47C,46,0.883226385922991,0.31539005,-0.5678363355117666,0.5678363355117666
1WCL.pdb,L48Q,47,1.9796464510174443,1.947144,-0.032502419492786094,0.032502419492786094
1WCL.pdb,L48E,47,2.4376266406195883,2.2385213,-0.19910530311043306,0.19910530311043306
1WCL.pdb,L48N,47,2.2567383628275537,2.015174,-0.24156445077921385,0.24156445077921385
1WCL.pdb,L48H,47,2.0875456364479423,1.7914689,-0.29607677772907026,0.29607677772907026
1WCL.pdb,L48D,47,2.748742130818046,2.2713983,-0.47734382492510186,0.47734382492510186
1WCL.pdb,L48R,47,2.0558402224650307,1.9681969,-0.08764335356854636,0.08764335356854636
1WCL.pdb,L48K,47,2.1669053950232824,1.9317806,-0.23512481831734977,0.23512481831734977
1WCL.pdb,L48T,47,1.1314863039116516,1.6327697,0.5012833999533997,0.5012833999533997
1WCL.pdb,L48S,47,2.061776248991441,1.9871085,-0.07466777998204144,0.07466777998204144
1WCL.pdb,L48A,47,1.4559801200173523,1.5952893,0.1393092295386169,0.1393092295386169
1WCL.pdb,L48G,47,2.2650094931927303,2.261381,-0.003628582319317175,0.003628582319317175
1WCL.pdb,L48M,47,-0.1199925112154796,0.23659861,0.3565911220934703,0.3565911220934703
1WCL.pdb,L48V,47,0.4440108828320759,0.8165999,0.37258902265879934,0.37258902265879934
1WCL.pdb,L48I,47,0.2270242616886935,0.12560213,-0.1014221355671725,0.1014221355671725
1WCL.pdb,L48W,47,0.924551293705388,1.0326608,0.10810954823644547,0.10810954823644547
1WCL.pdb,L48Y,47,1.1341539339499946,1.07833,-0.0558238939719673,0.0558238939719673
1WCL.pdb,L48F,47,0.3434194832320405,0.6229029,0.2794834465508269,0.2794834465508269
1WCL.pdb,L48P,47,1.9320017805270109,2.4557774,0.523775626165494,0.523775626165494
1WCL.pdb,L48C,47,1.5509618041245647,0.71326727,-0.837694537374229,0.837694537374229
1WCL.pdb,D49Q,48,1.2545657352316355,0.68807995,-0.566485782037971,0.566485782037971
1WCL.pdb,D49E,48,0.9641539440946127,0.5807934,-0.38336056335730806,0.38336056335730806
1WCL.pdb,D49N,48,0.5259556790421485,0.3450789,-0.18087679348688113,0.18087679348688113
1WCL.pdb,D49H,48,1.2161566412146143,0.76476455,-0.45139209386659185,0.45139209386659185
1WCL.pdb,D49R,48,1.429526797465694,0.9222866,-0.5072401677888752,0.5072401677888752
1WCL.pdb,D49K,48,1.2992994236941022,0.7906533,-0.5086461353296918,0.5086461353296918
1WCL.pdb,D49T,48,0.4641392137848665,0.2503656,-0.21377359889381425,0.21377359889381425
1WCL.pdb,D49S,48,0.5842889078315356,0.3977211,-0.18656779605709106,0.18656779605709106
1WCL.pdb,D49A,48,1.3180899938834625,0.7875929,-0.5304971060050445,0.5304971060050445
1WCL.pdb,D49G,48,1.3246723176833446,0.81271946,-0.5119528533812816,0.5119528533812816
1WCL.pdb,D49M,48,1.2930632058567246,0.83384943,-0.4592137757724961,0.4592137757724961
1WCL.pdb,D49L,48,1.1570641000013762,0.8849906,-0.27207352707199384,0.27207352707199384
1WCL.pdb,D49V,48,1.5005146819362962,0.9195943,-0.5809203940639818,0.5809203940639818
1WCL.pdb,D49I,48,1.5001651158320004,0.9391469,-0.5610182394968564,0.5610182394968564
1WCL.pdb,D49W,48,1.3249496361952555,0.8637562,-0.4611934563856852,0.4611934563856852
1WCL.pdb,D49Y,48,1.362623070313551,0.8507374,-0.5118856774111766,0.5118856774111766
1WCL.pdb,D49F,48,1.1852497270251527,0.8391507,-0.3460990002299562,0.3460990002299562
1WCL.pdb,D49P,48,1.5571421598563226,1.6089125,0.05177030810022032,0.05177030810022032
1WCL.pdb,D49C,48,1.2702049456112137,0.40626714,-0.8639378092758407,0.8639378092758407
1WCL.pdb,E50Q,49,0.0827048048395675,0.208942,0.1262371912579972,0.1262371912579972
1WCL.pdb,E50N,49,0.7525330462987005,0.60993505,-0.14259800105639098,0.14259800105639098
1WCL.pdb,E50H,49,0.3974955353786416,0.31291574,-0.08457979298133322,0.08457979298133322
1WCL.pdb,E50D,49,0.9265730767380492,0.69299066,-0.2335824160706298,0.2335824160706298
1WCL.pdb,E50R,49,-0.3260513784816941,0.33061853,0.6566699089935502,0.6566699089935502
1WCL.pdb,E50K,49,0.0511792311742427,0.24134383,0.19016459488128404,0.19016459488128404
1WCL.pdb,E50T,49,0.3630362231990967,0.36359072,0.0005544941165771533,0.0005544941165771533
1WCL.pdb,E50S,49,0.3672561332188837,0.51592207,0.14866593633067687,0.14866593633067687
1WCL.pdb,E50A,49,0.0446131362070438,0.11869052,0.07407738431793484,0.07407738431793484
1WCL.pdb,E50G,49,-0.0187993058867674,0.5392333,0.5580326327986936,0.5580326327986936
1WCL.pdb,E50M,49,-0.062957845422412,0.13773692,0.20069476196446523,0.20069476196446523
1WCL.pdb,E50L,49,-0.2476700210981435,-0.02261518,0.225054841678626,0.225054841678626
1WCL.pdb,E50V,49,-0.1696483763426828,-0.0981095,0.07153887772264952,0.07153887772264952
1WCL.pdb,E50I,49,-0.0003208222483221,-0.03630531,-0.03598448609365788,0.03598448609365788
1WCL.pdb,E50W,49,0.0248779587641125,-0.11627491,-0.1411528669491177,0.1411528669491177
1WCL.pdb,E50Y,49,0.0080762004831358,0.013974145,0.005897944571681399,0.005897944571681399
1WCL.pdb,E50F,49,0.0638215777658848,-0.038961694,-0.10278327141040842,0.10278327141040842
1WCL.pdb,E50P,49,0.1696561761065904,0.29519492,0.12553874777112567,0.12553874777112567
1WCL.pdb,E50C,49,0.559235428759302,-0.06664233,-0.6258777578560961,0.6258777578560961
1WCL.pdb,P51Q,50,-0.2020094839290118,-0.22339375,-0.0213842692419553,0.0213842692419553
1WCL.pdb,P51E,50,-0.0812308627105782,-0.18441293,-0.10318206372489239,0.10318206372489239
1WCL.pdb,P51N,50,0.1384850848526504,-0.12656,-0.26504508741803434,0.26504508741803434
1WCL.pdb,P51H,50,-0.0021735572044532,-0.12473584,-0.12256228246048287,0.12256228246048287
1WCL.pdb,P51D,50,0.0611394783463552,-0.07549171,-0.13663118984366202,0.13663118984366202
1WCL.pdb,P51R,50,-0.1848775434446441,-0.16732785,0.017549692387591492,0.017549692387591492
1WCL.pdb,P51K,50,-0.1960039674611344,-0.28071347,-0.08470950132891991,0.08470950132891991
1WCL.pdb,P51T,50,0.1235129918758026,-0.1152281,-0.23874109348694,0.23874109348694
1WCL.pdb,P51S,50,-0.0558288042794004,-0.18490997,-0.12908116528885216,0.12908116528885216
1WCL.pdb,P51A,50,-0.3067693793963197,-0.3273224,-0.02055301425945727,0.02055301425945727
1WCL.pdb,P51G,50,0.0700922387229474,-0.070454955,-0.14054719382396058,0.14054719382396058
1WCL.pdb,P51M,50,0.0710373280767604,-0.16000286,-0.23104018552343092,0.23104018552343092
1WCL.pdb,P51L,50,0.0815670669662438,-0.20196204,-0.28352910584087,0.28352910584087
1WCL.pdb,P51V,50,-0.0452665008125228,-0.15011857,-0.10485207368756112,0.10485207368756112
1WCL.pdb,P51I,50,0.0257031291280256,-0.14469677,-0.17039990122656687,0.17039990122656687
1WCL.pdb,P51W,50,-0.0418947383177741,-0.11340496,-0.07151022112245722,0.07151022112245722
1WCL.pdb,P51Y,50,0.0994594994878852,-0.0459394,-0.14539890028000707,0.14539890028000707
1WCL.pdb,P51F,50,-0.0859039380898769,0.0071032345,0.09300717261937214,0.09300717261937214
1WCL.pdb,P51C,50,0.3732256387333059,-0.32396746,-0.6971930955509329,0.6971930955509329
1WCL.pdb,T52Q,51,0.4016591063413535,0.11937192,-0.2822871855173026,0.2822871855173026
1WCL.pdb,T52E,51,0.9355737197046664,0.6701256,-0.2654481160288241,0.2654481160288241
1WCL.pdb,T52N,51,1.0745787072283175,0.66620964,-0.4083690691095736,0.4083690691095736
1WCL.pdb,T52H,51,0.9894712410335846,0.39672884,-0.5927423975830384,0.5927423975830384
1WCL.pdb,T52D,51,0.9191269938298086,1.0555644,0.136437409704127,0.136437409704127
1WCL.pdb,T52R,51,0.3432919170514128,-0.04086852,-0.38416043778810716,0.38416043778810716
1WCL.pdb,T52K,51,0.3719283972016596,-0.07069066,-0.44261905887043707,0.44261905887043707
1WCL.pdb,T52S,51,0.4817438182582836,0.3873416,-0.09440222952270316,0.09440222952270316
1WCL.pdb,T52A,51,0.0971387968060848,0.24999627,0.15285747790361676,0.15285747790361676
1WCL.pdb,T52G,51,0.4729756151201876,0.87526774,0.40229212894414346,0.40229212894414346
1WCL.pdb,T52M,51,-0.0222922408786683,-0.25610206,-0.2338098144325347,0.2338098144325347
1WCL.pdb,T52L,51,0.1972914815773454,-0.26421022,-0.46150170572895677,0.46150170572895677
1WCL.pdb,T52V,51,0.5291949542664804,-0.0023795962,-0.5315745504998484,0.5315745504998484
1WCL.pdb,T52I,51,0.4006533027334518,-0.33932438,-0.7399776876612014,0.7399776876612014
1WCL.pdb,T52W,51,0.5067695875753082,-0.0029506683,-0.5097202559102691,0.5097202559102691
1WCL.pdb,T52Y,51,0.5962965896298331,0.023195162,-0.5731014272143287,0.5731014272143287
1WCL.pdb,T52F,51,-0.0578922528143075,-0.08870438,-0.03081212459848852,0.03081212459848852
1WCL.pdb,T52P,51,2.79040979136432,1.5207859,-1.2696238635917982,1.2696238635917982
1WCL.pdb,T52C,51,0.6282203019451638,-0.21157637,-0.8397966743301888,0.8397966743301888
1WCL.pdb,V53Q,52,2.04937055319952,1.7266026,-0.32276799887823104,0.32276799887823104
1WCL.pdb,V53E,52,2.628315263291398,1.941129,-0.6871862940988933,0.6871862940988933
1WCL.pdb,V53N,52,2.556690576434117,2.000351,-0.5563396242856795,0.5563396242856795
1WCL.pdb,V53H,52,2.2243714137694908,1.6641665,-0.5602049632690025,0.5602049632690025
1WCL.pdb,V53D,52,3.0146372302462856,1.9671702,-1.0474669917514126,1.0474669917514126
1WCL.pdb,V53R,52,1.261224962236036,1.9813764,0.7201514472946036,0.7201514472946036
1WCL.pdb,V53K,52,1.512218291565692,1.8830421,0.3708238055259827,0.3708238055259827
1WCL.pdb,V53T,52,1.1351537060533374,1.1221496,-0.01300411937578616,0.01300411937578616
1WCL.pdb,V53S,52,0.6000126378977559,1.4245244,0.8245117885625102,0.8245117885625102
1WCL.pdb,V53A,52,-0.6456229929213864,0.3412326,0.9868555907492977,0.9868555907492977
1WCL.pdb,V53G,52,0.0805543768024885,1.4587559,1.3782014739894426,1.3782014739894426
1WCL.pdb,V53M,52,0.3636742105618569,0.78121173,0.4175375232561973,0.4175375232561973
1WCL.pdb,V53L,52,0.1631492760959574,0.4639076,0.3007583233532003,0.3007583233532003
1WCL.pdb,V53I,52,0.0610986215006286,0.07402885,0.012930228101117006,0.012930228101117006
1WCL.pdb,V53W,52,-0.1954325149052955,0.81384623,1.0092787454121925,1.0092787454121925
1WCL.pdb,V53Y,52,0.9617190474993684,0.87872726,-0.08299179024762893,0.08299179024762893
1WCL.pdb,V53F,52,0.6849144286198006,0.6856833,0.0007688814120903054,0.0007688814120903054
1WCL.pdb,V53P,52,2.2904318796315684,1.5958846,-0.6945473180928721,0.6945473180928721
1WCL.pdb,V53C,52,0.4809346048870146,0.4039088,-0.07702581572914718,0.07702581572914718
1WCL.pdb,E54Q,53,-0.1054933361097605,-0.19125754,-0.0857642003015249,0.0857642003015249
1WCL.pdb,E54N,53,-0.0396656372465473,0.23700216,0.2766678013719898,0.2766678013719898
1WCL.pdb,E54H,53,0.1317093404641749,0.086754926,-0.0449544149151446,0.0449544149151446
1WCL.pdb,E54D,53,0.6411379949957867,0.4725941,-0.16854388283796506,0.16854388283796506
1WCL.pdb,E54R,53,-0.6601686466940633,-0.2254056,0.4347630430468312,0.4347630430468312
1WCL.pdb,E54K,53,-0.4445217471737921,-0.21112198,0.23339977079821228,0.23339977079821228
1WCL.pdb,E54T,53,-0.3685283011665277,-0.012354203,0.35617409859799665,0.35617409859799665
1WCL.pdb,E54S,53,-0.2144823705811176,0.1593081,0.3737904762882862,0.3737904762882862
1WCL.pdb,E54A,53,-0.2818096108438275,-0.064733826,0.2170757852198384,0.2170757852198384
1WCL.pdb,E54G,53,0.5023080867369565,0.5387202,0.03641210378809845,0.03641210378809845
1WCL.pdb,E54M,53,-0.0116993724540956,-0.2785815,-0.2668821275993102,0.2668821275993102
1WCL.pdb,E54L,53,0.0816109402280669,-0.33799624,-0.4196071846586089,0.4196071846586089
1WCL.pdb,E54V,53,-0.4090891569095412,-0.13829565,0.27079350642736344,0.27079350642736344
1WCL.pdb,E54I,53,-0.5924034863673713,-0.3624165,0.22998698055377265,0.22998698055377265
1WCL.pdb,E54W,53,0.4429191450799381,0.018321715,-0.42459742978462334,0.42459742978462334
1WCL.pdb,E54Y,53,0.4298978836004643,0.023184516,-0.4067133680646329,0.4067133680646329
1WCL.pdb,E54F,53,0.6185516486048956,0.012583926,-0.6059677222848197,0.6059677222848197
1WCL.pdb,E54P,53,2.4678640142895336,1.5485408,-0.919323183677351,0.919323183677351
1WCL.pdb,E54C,53,-0.3065042764124062,-0.25789207,0.04861220421163104,0.04861220421163104
1WCL.pdb,A55Q,54,0.2846981905799657,-0.045999333,-0.33069752384240925,0.33069752384240925
1WCL.pdb,A55E,54,0.5142322610180816,0.059773475,-0.4544587860863647,0.4544587860863647
1WCL.pdb,A55N,54,0.3716959293490491,0.1838111,-0.18788483101187564,0.18788483101187564
1WCL.pdb,A55H,54,0.5735300756649311,0.15266295,-0.42086712789099767,0.42086712789099767
1WCL.pdb,A55D,54,0.4882286506414464,0.24163733,-0.24659131641388443,0.24659131641388443
1WCL.pdb,A55R,54,-0.2249189714048327,-0.08366504,0.14125392828921685,0.14125392828921685
1WCL.pdb,A55K,54,0.0498311878515087,-0.0062806755,-0.05611186338194236,0.05611186338194236
1WCL.pdb,A55T,54,0.3175117914864156,0.12192721,-0.19558458228794073,0.19558458228794073
1WCL.pdb,A55S,54,0.4253379117076736,0.19877172,-0.22656619654348903,0.22656619654348903
1WCL.pdb,A55G,54,0.6638877041839506,0.71634376,0.05245605630646688,0.05245605630646688
1WCL.pdb,A55M,54,-0.3135448466702604,-0.14534049,0.1682043593093061,0.1682043593093061
1WCL.pdb,A55L,54,-0.2974917377275394,-0.13862036,0.15887137604178653,0.15887137604178653
1WCL.pdb,A55V,54,0.2742330382956224,0.07638153,-0.19785151140820556,0.19785151140820556
1WCL.pdb,A55I,54,0.1881878588943606,-0.19117321,-0.37936106963445004,0.37936106963445004
1WCL.pdb,A55W,54,-0.1815569398400391,-0.09409392,0.08746302103968509,0.08746302103968509
1WCL.pdb,A55Y,54,0.2109741310912012,-0.010198623,-0.22117275403317202,0.22117275403317202
1WCL.pdb,A55F,54,0.3006870618561001,0.04508496,-0.25560210109741405,0.25560210109741405
1WCL.pdb,A55P,54,2.5321408743450338,1.9035455,-0.6285953754970723,0.6285953754970723
1WCL.pdb,A55C,54,0.3208920854890125,-0.10656859,-0.4274606752955692,0.4274606752955692
1WCL.pdb,L56Q,55,3.566896441916204,2.290626,-1.2762703928744559,1.2762703928744559
1WCL.pdb,L56E,55,3.488969613742373,2.6886067,-0.8003628746981835,0.8003628746981835
1WCL.pdb,L56N,55,3.9526017369995,2.3049068,-1.6476948919067267,1.6476948919067267
1WCL.pdb,L56H,55,3.5622133631845023,1.9222614,-1.6399520058770682,1.6399520058770682
1WCL.pdb,L56D,55,3.5584750882365084,2.5927927,-0.9656823388316012,0.9656823388316012
1WCL.pdb,L56R,55,3.756116758718038,2.02859,-1.7275267948050743,1.7275267948050743
1WCL.pdb,L56K,55,3.483776026522637,2.3065782,-1.1771978671903618,1.1771978671903618
1WCL.pdb,L56T,55,2.99566339515849,1.9550351,-1.0406283047120177,1.0406283047120177
1WCL.pdb,L56S,55,2.991199125029276,2.3053641,-0.685834993101786,0.685834993101786
1WCL.pdb,L56A,55,2.4809213530341827,1.7372057,-0.7437156092445099,0.7437156092445099
1WCL.pdb,L56G,55,3.81621905363305,2.5682118,-1.2480072597335137,1.2480072597335137
1WCL.pdb,L56M,55,0.9367982427218536,0.54370236,-0.39309587875395813,0.39309587875395813
1WCL.pdb,L56V,55,1.365271507045731,0.844042,-0.5212295038909764,0.5212295038909764
1WCL.pdb,L56I,55,0.3371483232949543,0.027158022,-0.30999030136807443,0.30999030136807443
1WCL.pdb,L56W,55,1.349985575504894,1.0732259,-0.2767597196775624,0.2767597196775624
1WCL.pdb,L56Y,55,2.47813352371874,1.0075779,-1.470555627600576,1.470555627600576
1WCL.pdb,L56F,55,1.579642254422771,0.8593253,-0.7203169646965137,0.7203169646965137
1WCL.pdb,L56P,55,3.5070430745562744,2.903932,-0.6031109799822998,0.6031109799822998
1WCL.pdb,L56C,55,2.242699776177541,1.0752712,-1.167428527360097,1.167428527360097
1WCL.pdb,R57Q,56,-0.4888225729495681,0.9359262,1.4247487719089187,1.4247487719089187
1WCL.pdb,R57E,56,2.443453353227733,1.886261,-0.5571923668996082,0.5571923668996082
1WCL.pdb,R57N,56,1.594143582270734,2.0680068,0.47386317165077485,0.47386317165077485
1WCL.pdb,R57H,56,1.1351586968255925,1.9515953,0.8164366095708919,0.8164366095708919
1WCL.pdb,R57D,56,3.3094274767013805,2.8218808,-0.4875466592880504,0.4875466592880504
1WCL.pdb,R57K,56,0.0231883028837494,0.5073798,0.48419146739518126,0.48419146739518126
1WCL.pdb,R57T,56,1.0714734472429766,1.3636461,0.2921727023923384,0.2921727023923384
1WCL.pdb,R57S,56,1.1219469194381348,1.3769052,0.25495828342746574,0.25495828342746574
1WCL.pdb,R57A,56,1.2333165870472371,1.519404,0.2860874666408122,0.2860874666408122
1WCL.pdb,R57G,56,1.901008517232152,2.3451967,0.44418820670583625,0.44418820670583625
1WCL.pdb,R57M,56,0.4599479441761218,1.0767801,0.6168321366191662,0.6168321366191662
1WCL.pdb,R57L,56,0.2768082105372276,1.2646006,0.9877924240376625,0.9877924240376625
1WCL.pdb,R57V,56,0.3016545215615003,1.1064403,0.8047857841483386,0.8047857841483386
1WCL.pdb,R57I,56,-0.1089878896589628,0.7622557,0.8712436179037443,0.8712436179037443
1WCL.pdb,R57W,56,1.3802597847752014,1.8589647,0.4787048968501648,0.4787048968501648
1WCL.pdb,R57Y,56,1.583160687085069,1.805863,0.2227023357191913,0.2227023357191913
1WCL.pdb,R57F,56,1.8085080847621005,1.8067772,-0.0017308459162752587,0.0017308459162752587
1WCL.pdb,R57P,56,1.8370452720775277,2.7336996,0.8966542880878776,0.8966542880878776
1WCL.pdb,R57C,56,1.4313660481660375,1.5616865,0.13032046764206795,0.13032046764206795
1WCL.pdb,E58Q,57,-0.298679531367882,-0.08546494,0.2132145918928225,0.2132145918928225
1WCL.pdb,E58N,57,-0.0339877033648656,0.34751529,0.3815029883799718,0.3815029883799718
1WCL.pdb,E58H,57,0.2977938473290189,0.22930226,-0.0684915900295957,0.0684915900295957
1WCL.pdb,E58D,57,0.4972381406249084,0.37958652,-0.11765162281408686,0.11765162281408686
1WCL.pdb,E58R,57,-0.3972115124343407,-0.008492276,0.3887192363618386,0.3887192363618386
1WCL.pdb,E58K,57,-0.3740681894434003,-0.03347887,0.34058931845550816,0.34058931845550816
1WCL.pdb,E58T,57,-0.0885116090519884,0.17294648,0.2614580919487932,0.2614580919487932
1WCL.pdb,E58S,57,0.5003608794293526,0.24460463,-0.25575624717093737,0.25575624717093737
1WCL.pdb,E58A,57,0.1811458206611345,-0.028036729,-0.20918254916245438,0.20918254916245438
1WCL.pdb,E58G,57,0.7750500832455605,0.59591365,-0.17913643464021378,0.17913643464021378
1WCL.pdb,E58M,57,0.0189870331424359,-0.08843009,-0.10741712488113676,0.10741712488113676
1WCL.pdb,E58L,57,-0.2966567055927225,-0.045459524,0.2511971817956873,0.2511971817956873
1WCL.pdb,E58V,57,0.1477889546564617,0.13845477,-0.009334189575056051,0.009334189575056051
1WCL.pdb,E58I,57,0.0088193465400232,-0.07122968,-0.08004902791266572,0.08004902791266572
1WCL.pdb,E58W,57,0.3742453929705744,0.15314527,-0.22110012441111854,0.22110012441111854
1WCL.pdb,E58Y,57,0.5546732762604698,0.16606653,-0.3886067488938316,0.3886067488938316
1WCL.pdb,E58F,57,0.5623712491890256,0.15599139,-0.4063798588415448,0.4063798588415448
1WCL.pdb,E58P,57,2.7311170041812165,1.7684448,-0.9626722276461823,0.9626722276461823
1WCL.pdb,E58C,57,-0.0814281477190332,-0.06596117,0.015466980502732236,0.015466980502732236
1WCL.pdb,R59Q,58,0.6541896632575224,1.2037578,0.5495680996514132,0.5495680996514132
1WCL.pdb,R59E,58,1.707991919318453,1.9673209,0.2593289997184123,0.2593289997184123
1WCL.pdb,R59N,58,0.9104607372130148,1.3662684,0.4558076591645487,0.4558076591645487
1WCL.pdb,R59H,58,1.1349653330523957,1.5029432,0.3679778250973236,0.3679778250973236
1WCL.pdb,R59D,58,1.6960939604733234,2.3930662,0.6969722073580975,0.6969722073580975
1WCL.pdb,R59K,58,-0.0089376359530404,0.43998957,0.44892720275601894,0.44892720275601894
1WCL.pdb,R59T,58,1.2090109692532127,1.5596268,0.35061584845003435,0.35061584845003435
1WCL.pdb,R59S,58,0.6430931613660076,1.2622808,0.6191876604342244,0.6191876604342244
1WCL.pdb,R59A,58,0.3449731112285206,1.0788939,0.733920788689082,0.733920788689082
1WCL.pdb,R59G,58,1.1322502608500562,1.8125286,0.680278349379436,0.680278349379436
1WCL.pdb,R59M,58,0.3427879824459436,1.0451474,0.7023594365298864,0.7023594365298864
1WCL.pdb,R59L,58,0.570029266687405,1.0637765,0.4937472263851048,0.4937472263851048
1WCL.pdb,R59V,58,1.4977960060255264,1.6670682,0.16927223700120697,0.16927223700120697
1WCL.pdb,R59I,58,1.3841574722561587,1.3761979,-0.007959538105462904,0.007959538105462904
1WCL.pdb,R59W,58,0.9410157688065776,1.5832875,0.6422717086867086,0.6422717086867086
1WCL.pdb,R59Y,58,1.3212457236087831,1.5610466,0.23980087673301376,0.23980087673301376
1WCL.pdb,R59F,58,1.4772571176764695,1.5927017,0.11544455583122093,0.11544455583122093
1WCL.pdb,R59P,58,3.001161566237876,2.800242,-0.20091961906380362,0.20091961906380362
1WCL.pdb,R59C,58,1.0469014344260996,1.2746418,0.22774031781694237,0.22774031781694237
1WCL.pdb,A60Q,59,2.771157708056964,2.0887203,-0.6824373864016904,0.6824373864016904
1WCL.pdb,A60E,59,2.875012340813792,2.3829308,-0.4920815851985578,0.4920815851985578
1WCL.pdb,A60N,59,2.799729975917794,2.455435,-0.3442949383048788,0.3442949383048788
1WCL.pdb,A60H,59,2.7111300109365484,2.2223606,-0.4887693999746343,0.4887693999746343
1WCL.pdb,A60D,59,3.091849096872784,2.8203378,-0.2715113245033991,0.2715113245033991
1WCL.pdb,A60R,59,2.4935006894181155,2.055781,-0.43771980181435577,0.43771980181435577
1WCL.pdb,A60K,59,2.901903080812138,2.0216331,-0.8802699326187788,0.8802699326187788
1WCL.pdb,A60T,59,1.8596480729672,1.8371054,-0.022542679557471024,0.022542679557471024
1WCL.pdb,A60S,59,1.560319901631908,1.4941653,-0.06615460030897102,0.06615460030897102
1WCL.pdb,A60G,59,2.94239531660477,1.6953673,-1.2470279803315765,1.2470279803315765
1WCL.pdb,A60M,59,2.008282640859872,1.3882668,-0.6200158390257657,0.6200158390257657
1WCL.pdb,A60L,59,1.23355043263894,1.252171,0.018620606942358897,0.018620606942358897
1WCL.pdb,A60V,59,0.5756572376815599,1.1741146,0.5984573472412307,0.5984573472412307
1WCL.pdb,A60I,59,0.7367197926693043,1.2399995,0.5032797400302806,0.5032797400302806
1WCL.pdb,A60W,59,1.864009213512723,1.5334783,-0.3305309534724399,0.3305309534724399
1WCL.pdb,A60Y,59,2.187647263643117,1.6714132,-0.5162340804308365,0.5162340804308365
1WCL.pdb,A60F,59,1.983951845088286,1.5969709,-0.3869809292939135,0.3869809292939135
1WCL.pdb,A60P,59,2.8189068097342407,2.2410986,-0.5778081673849975,0.5778081673849975
1WCL.pdb,A60C,59,1.4413146145213835,0.95320976,-0.48810485671651294,0.48810485671651294
1WCL.pdb,K61Q,60,0.400253750059691,0.18355608,-0.21669767019518904,0.21669767019518904
1WCL.pdb,K61E,60,1.11940646957654,0.8242014,-0.29520506452816964,0.29520506452816964
1WCL.pdb,K61N,60,0.9306705231398588,1.0516758,0.1210052733689303,0.1210052733689303
1WCL.pdb,K61H,60,0.6097696058573132,0.65170133,0.04193172528129763,0.04193172528129763
1WCL.pdb,K61D,60,2.038679338750204,1.570796,-0.46788332587178605,0.46788332587178605
1WCL.pdb,K61R,60,-0.1659434818867855,-0.19011843,-0.0241749501581974,0.0241749501581974
1WCL.pdb,K61T,60,0.9051350636691686,0.60027236,-0.30486270620533196,0.30486270620533196
1WCL.pdb,K61S,60,0.9847081726970964,0.7277391,-0.2569690770092302,0.2569690770092302
1WCL.pdb,K61A,60,0.5569961147240563,0.42994437,-0.12705174850739676,0.12705174850739676
1WCL.pdb,K61G,60,1.3120794987056787,1.3059971,-0.006082365450673866,0.006082365450673866
1WCL.pdb,K61M,60,0.2489611629959118,0.05927658,-0.18968458218536494,0.18968458218536494
1WCL.pdb,K61L,60,-0.1150922944207075,0.0056095123,0.12070180674980906,0.12070180674980906
1WCL.pdb,K61V,60,0.5010928632999616,0.2105206,-0.2905722679878431,0.2905722679878431
1WCL.pdb,K61I,60,-0.0069434873419265,-0.106567204,-0.09962371665663917,0.09962371665663917
1WCL.pdb,K61W,60,0.953943403342242,0.48555517,-0.4683882313756893,0.4683882313756893
1WCL.pdb,K61Y,60,0.7227463354039956,0.4169665,-0.30577983750589377,0.30577983750589377
1WCL.pdb,K61F,60,0.5290194767788732,0.4801377,-0.048881770975955696,0.048881770975955696
1WCL.pdb,K61P,60,2.9945913982397,2.4827042,-0.5118872356420439,0.5118872356420439
1WCL.pdb,K61C,60,1.141839884554435,0.22712255,-0.9147173393121255,0.9147173393121255
1WCL.pdb,N62Q,61,-0.180340891035581,-0.2557441,-0.07540320858142338,0.07540320858142338
1WCL.pdb,N62E,61,0.1303810362706565,-0.03328649,-0.16366752581695548,0.16366752581695548
1WCL.pdb,N62H,61,-0.0331109388791857,-0.020578519,0.012532420369320896,0.012532420369320896
1WCL.pdb,N62D,61,0.4356552825717426,0.14263621,-0.29301907284540896,0.29301907284540896
1WCL.pdb,N62R,61,-0.3629068361817222,-0.2757781,0.08712872138603739,0.08712872138603739
1WCL.pdb,N62K,61,-0.4328970119039415,-0.27798867,0.15490833964747175,0.15490833964747175
1WCL.pdb,N62T,61,-0.0685155914261086,0.07912901,0.14764460186502765,0.14764460186502765
1WCL.pdb,N62S,61,0.0371454855719406,0.043479,0.006333513714949432,0.006333513714949432
1WCL.pdb,N62A,61,-0.3242240607122815,-0.2396269,0.08459716135067108,0.08459716135067108
1WCL.pdb,N62G,61,0.3379424765182941,0.30766678,-0.030275697953840996,0.030275697953840996
1WCL.pdb,N62M,61,-0.1311573482569712,-0.28937054,-0.15821318854722802,0.15821318854722802
1WCL.pdb,N62L,61,-0.2580613439191537,-0.17372462,0.08433672238480616,0.08433672238480616
1WCL.pdb,N62V,61,-0.0250381017948622,0.0665598,0.0915979008103842,0.0915979008103842
1WCL.pdb,N62I,61,-0.1429876038459201,-0.17207195,-0.029084344801578982,0.029084344801578982
1WCL.pdb,N62W,61,0.2887433463035149,-0.024379551,-0.31312289771418994,0.31312289771418994
1WCL.pdb,N62Y,61,0.0975621768754235,-0.017275333,-0.11483751027996451,0.11483751027996451
1WCL.pdb,N62F,61,0.2257669517758396,-0.031827997,-0.25759494919209747,0.25759494919209747
1WCL.pdb,N62P,61,3.0954354014150383,1.4515346,-1.6439007725469352,1.6439007725469352
1WCL.pdb,N62C,61,0.1275542364159885,-0.29112786,-0.41868209696210057,0.41868209696210057
1WCL.pdb,A63Q,62,1.4799793236151673,1.35567,-0.12430934833440554,0.12430934833440554
1WCL.pdb,A63E,62,1.9245409818934776,1.6364038,-0.2881371828364707,0.2881371828364707
1WCL.pdb,A63N,62,2.418703106349985,1.5143315,-0.9043716463509006,0.9043716463509006
1WCL.pdb,A63H,62,1.2761406699088538,0.98627615,-0.2898645201590979,0.2898645201590979
1WCL.pdb,A63D,62,2.8389896571413096,1.7454526,-1.0935370147005137,1.0935370147005137
1WCL.pdb,A63R,62,1.511395481651424,1.006829,-0.5045664582902178,0.5045664582902178
1WCL.pdb,A63K,62,1.7166837050342971,1.3870406,-0.32964308995251,0.32964308995251
1WCL.pdb,A63T,62,1.4832543424783826,1.176527,-0.3067273191629529,0.3067273191629529
1WCL.pdb,A63S,62,1.316443956621213,0.9933953,-0.3230486280994844,0.3230486280994844
1WCL.pdb,A63G,62,1.2190249453535436,1.393466,0.17444105043503066,0.17444105043503066
1WCL.pdb,A63M,62,1.1254825388343837,0.37835172,-0.7471308206470515,0.7471308206470515
1WCL.pdb,A63L,62,1.3577238836071686,0.21851593,-1.1392079510472015,1.1392079510472015
1WCL.pdb,A63V,62,0.5344301837534422,0.6168462,0.08241602005057391,0.08241602005057391
1WCL.pdb,A63I,62,0.7911260477577775,0.13523215,-0.6558938972031205,0.6558938972031205
1WCL.pdb,A63W,62,1.3226950256768706,-0.10497075,-1.4276657788697722,1.4276657788697722
1WCL.pdb,A63Y,62,1.113194562652417,0.037130117,-1.076064445236035,1.076064445236035
1WCL.pdb,A63F,62,1.3174396847914898,0.034580767,-1.2828589176367962,1.2828589176367962
1WCL.pdb,A63P,62,2.7735948503698653,1.9379733,-0.8356215894903487,0.8356215894903487
1WCL.pdb,A63C,62,1.4673543226302366,0.26384604,-1.2035082828582029,1.2035082828582029
1WCL.pdb,L64Q,63,1.9906400132358637,1.8525211,-0.13811895133858587,0.13811895133858587
1WCL.pdb,L64E,63,2.7476901828467555,2.2855706,-0.46211956135627696,0.46211956135627696
1WCL.pdb,L64N,63,2.390233011082601,2.3346307,-0.05560228331465655,0.05560228331465655
1WCL.pdb,L64H,63,2.020875157634986,1.9108342,-0.11004096440531086,0.11004096440531086
1WCL.pdb,L64D,63,2.926776942747507,2.4789257,-0.4478512377914523,0.4478512377914523
1WCL.pdb,L64R,63,2.3130282115570235,1.9237319,-0.389296288453691,0.389296288453691
1WCL.pdb,L64K,63,2.400138341382945,1.9715346,-0.42860373158832843,0.42860373158832843
1WCL.pdb,L64T,63,2.007833578481943,1.7844659,-0.22336766947773157,0.22336766947773157
1WCL.pdb,L64S,63,2.0179973490527123,2.1046069,0.08660951778383552,0.08660951778383552
1WCL.pdb,L64A,63,1.6891725635721428,1.749655,0.06048244474389719,0.06048244474389719
1WCL.pdb,L64G,63,2.437777489746318,2.4370847,-0.0006928149111127269,0.0006928149111127269
1WCL.pdb,L64M,63,0.6872005561887615,0.65226173,-0.03493882217997246,0.03493882217997246
1WCL.pdb,L64V,63,1.0607011411180949,1.1122489,0.05154775643439535,0.05154775643439535
1WCL.pdb,L64I,63,0.1490916043611498,0.35400224,0.2049106329587965,0.2049106329587965
1WCL.pdb,L64W,63,1.5140158907932126,1.319665,-0.19435093565405248,0.19435093565405248
1WCL.pdb,L64Y,63,2.0633862854705205,1.3966129,-0.6667734028563848,0.6667734028563848
1WCL.pdb,L64F,63,1.6490800028968091,1.2111887,-0.4378913289237256,0.4378913289237256
1WCL.pdb,L64P,63,2.7840140273692,2.7132058,-0.07080821300762752,0.07080821300762752
1WCL.pdb,L64C,63,2.006892160240425,1.1862031,-0.820689038101448,0.820689038101448
1WCL.pdb,A65Q,64,0.2805240849395445,0.16873255,-0.11179153121907026,0.11179153121907026
1WCL.pdb,A65E,64,0.2883737930896086,0.33647993,0.048106138980169855,0.048106138980169855
1WCL.pdb,A65N,64,0.2158081251940435,0.33620667,0.12039854938176217,0.12039854938176217
1WCL.pdb,A65H,64,0.1943588347189138,0.33351502,0.1391561835058024,0.1391561835058024
1WCL.pdb,A65D,64,0.3743986945461728,0.43593955,0.06154085585360747,0.06154085585360747
1WCL.pdb,A65R,64,0.3008229230672015,0.089936435,-0.21088648784457575,0.21088648784457575
1WCL.pdb,A65K,64,0.1588508416080509,0.041199476,-0.11765136608124122,0.11765136608124122
1WCL.pdb,A65T,64,0.5559537887069439,0.4255158,-0.1304379879924511,0.1304379879924511
1WCL.pdb,A65S,64,0.4002029727912854,0.34882686,-0.05137611737021913,0.05137611737021913
1WCL.pdb,A65G,64,0.7442577156400665,0.50425,-0.2400077256536468,0.2400077256536468
1WCL.pdb,A65M,64,0.2572195446670036,0.10899091,-0.1482286369979362,0.1482286369979362
1WCL.pdb,A65L,64,-0.0308833067003497,0.10018459,0.1310678963247546,0.1310678963247546
1WCL.pdb,A65V,64,0.0029492360834404,0.38180053,0.37885129625756303,0.37885129625756303
1WCL.pdb,A65I,64,0.0458305009745427,0.16863237,0.12280187223922531,0.12280187223922531
1WCL.pdb,A65W,64,0.5341733807753566,0.24977794,-0.2843954378794673,0.2843954378794673
1WCL.pdb,A65Y,64,0.4741001355329812,0.3074965,-0.16660364743865136,0.16660364743865136
1WCL.pdb,A65F,64,0.5122196493384235,0.31999427,-0.19222537853687927,0.19222537853687927
1WCL.pdb,A65P,64,1.7916006301880567,1.2893008,-0.5022998308182447,0.5022998308182447
1WCL.pdb,A65C,64,0.4551123792141078,0.09638831,-0.3587240690200923,0.3587240690200923
1WCL.pdb,T66Q,65,-0.093312684741396,-0.066769905,0.026542779353040738,0.026542779353040738
1WCL.pdb,T66E,65,-0.0035211283338747,0.004389962,0.007911090515323637,0.007911090515323637
1WCL.pdb,T66N,65,0.1415729878210525,0.05782377,-0.08374921807284158,0.08374921807284158
1WCL.pdb,T66H,65,0.0541268724183803,-0.026979975,-0.08110684782073549,0.08110684782073549
1WCL.pdb,T66D,65,0.4921171202884951,0.12711436,-0.36500276472437765,0.36500276472437765
1WCL.pdb,T66R,65,0.0738247555606976,-0.06934521,-0.1431699690335408,0.1431699690335408
1WCL.pdb,T66K,65,0.0711541575352452,-0.095233135,-0.16638729246061065,0.16638729246061065
1WCL.pdb,T66S,65,0.1719514494061647,0.023424748,-0.14852670107485633,0.14852670107485633
1WCL.pdb,T66A,65,-0.1232180782624055,-0.17614862,-0.052930544965667625,0.052930544965667625
1WCL.pdb,T66G,65,0.3840203008200555,0.23043346,-0.15358683676976254,0.15358683676976254
1WCL.pdb,T66M,65,-0.280203945107,-0.17008829,0.11011565393878708,0.11011565393878708
1WCL.pdb,T66L,65,-0.5313695933171512,-0.18526873,0.34610086339199553,0.34610086339199553
1WCL.pdb,T66V,65,-0.1241681168784865,-0.019990493,0.10417762426636301,0.10417762426636301
1WCL.pdb,T66I,65,-0.2422924421955667,-0.14706153,0.09523091542020659,0.09523091542020659
1WCL.pdb,T66W,65,0.230196515439216,-0.18870962,-0.41890613210028776,0.41890613210028776
1WCL.pdb,T66Y,65,0.0362765096387258,-0.13823265,-0.17450915801137595,0.17450915801137595
1WCL.pdb,T66F,65,-0.2462616795583798,-0.083910875,0.16235080453596845,0.16235080453596845
1WCL.pdb,T66P,65,1.7108087874721472,1.0416025,-0.6692062951396887,0.6692062951396887
1WCL.pdb,T66C,65,0.3225916856335029,-0.25969404,-0.5822857254551277,0.5822857254551277
1WCL.pdb,I67Q,66,0.6823878441402575,0.63820994,-0.044177905137266826,0.044177905137266826
1WCL.pdb,I67E,66,1.2446608475499343,0.94639426,-0.29826658285190577,0.29826658285190577
1WCL.pdb,I67N,66,1.059514308906483,1.0057485,-0.05376579854576513,0.05376579854576513
1WCL.pdb,I67H,66,0.9296849012768628,0.7154238,-0.21426107887390866,0.21426107887390866
1WCL.pdb,I67D,66,1.235909383516375,1.1742356,-0.061673801164690456,0.061673801164690456
1WCL.pdb,I67R,66,0.8190786658529916,0.68628,-0.1327986537222543,0.1327986537222543
1WCL.pdb,I67K,66,0.9067300531592646,0.732852,-0.17387807104256536,0.17387807104256536
1WCL.pdb,I67T,66,1.1528083596179033,0.7684011,-0.38440727328748947,0.38440727328748947
1WCL.pdb,I67S,66,1.1881953814686868,0.8952162,-0.29297915489092796,0.29297915489092796
1WCL.pdb,I67A,66,0.9348334754049086,0.6258112,-0.3090222561895155,0.3090222561895155
1WCL.pdb,I67G,66,1.0060433147940628,1.0985794,0.09253609194421841,0.09253609194421841
1WCL.pdb,I67M,66,0.2251778455282931,0.11325604,-0.11192180829303308,0.11192180829303308
1WCL.pdb,I67L,66,0.1533227347551116,-0.06732994,-0.22065267793519583,0.22065267793519583
1WCL.pdb,I67V,66,0.7479436182346584,0.42338878,-0.3245548390712978,0.3245548390712978
1WCL.pdb,I67W,66,1.338036183191872,0.28797102,-1.0500651634469989,1.0500651634469989
1WCL.pdb,I67Y,66,1.4330959057798305,0.3331256,-1.0999703145017543,1.0999703145017543
1WCL.pdb,I67F,66,0.8982974049075141,0.30423564,-0.5940617677195563,0.5940617677195563
1WCL.pdb,I67P,66,1.6593227267278352,1.5153687,-0.1439540267003694,0.1439540267003694
1WCL.pdb,I67C,66,1.1244418573320187,0.1897007,-0.9347411644399441,0.9347411644399441
1WCL.pdb,A68Q,67,0.0215288017220594,0.22225538,0.2007265772395037,0.2007265772395037
1WCL.pdb,A68E,67,0.3593509868419957,0.31584203,-0.043508954409439526,0.043508954409439526
1WCL.pdb,A68N,67,0.1649066476218328,0.22455505,0.059648397744454434,0.059648397744454434
1WCL.pdb,A68H,67,-0.0311150145853402,0.25876534,0.2898803544367196,0.2898803544367196
1WCL.pdb,A68D,67,0.5255464003153079,0.39298427,-0.13256212926580835,0.13256212926580835
1WCL.pdb,A68R,67,0.21232610358763,0.1292845,-0.08304160251188536,0.08304160251188536
1WCL.pdb,A68K,67,0.1666953832052486,0.11607553,-0.05061985255701709,0.05061985255701709
1WCL.pdb,A68T,67,0.3896668376212981,0.4873056,0.0976387737506959,0.0976387737506959
1WCL.pdb,A68S,67,0.1658163040925462,0.29447952,0.12866321503625325,0.12866321503625325
1WCL.pdb,A68G,67,0.2688575450844324,0.40257633,0.1337187822394812,0.1337187822394812
1WCL.pdb,A68M,67,0.2498400904739313,0.12261897,-0.12722111721877383,0.12722111721877383
1WCL.pdb,A68L,67,0.3639805031027814,0.13328134,-0.23069916786813938,0.23069916786813938
1WCL.pdb,A68V,67,0.5408004901638312,0.40321234,-0.13758815147784187,0.13758815147784187
1WCL.pdb,A68I,67,0.4072120940792203,0.25644884,-0.1507632589447141,0.1507632589447141
1WCL.pdb,A68W,67,0.8030343563580553,0.193255,-0.609779349091057,0.609779349091057
1WCL.pdb,A68Y,67,0.9559118220547128,0.2778561,-0.6780557105282236,0.6780557105282236
1WCL.pdb,A68F,67,0.9559611789973568,0.32534108,-0.6306201033385586,0.6306201033385586
1WCL.pdb,A68P,67,0.8549261356172488,1.0355133,0.18058714620495575,0.18058714620495575
1WCL.pdb,A68C,67,0.4630558467282721,0.039420485,-0.4236353612317511,0.4236353612317511
1WCL.pdb,Q69E,68,0.0899101278503118,0.12562184,0.03571171250746866,0.03571171250746866
1WCL.pdb,Q69N,68,0.0861225661919795,0.18576293,0.0996403607441701,0.0996403607441701
1WCL.pdb,Q69H,68,0.3336982584787069,0.16553539,-0.1681628681016622,0.1681628681016622
1WCL.pdb,Q69D,68,0.2127042837695598,0.21839777,0.00569348258214003,0.00569348258214003
1WCL.pdb,Q69T,68,0.3024560495727488,0.28584242,-0.0166136309020945,0.0166136309020945
1WCL.pdb,Q69S,68,0.1109191415043331,0.23490903,0.12398988631053201,0.12398988631053201
1WCL.pdb,Q69A,68,-0.1841079901866038,0.08368187,0.2677898567132075,0.2677898567132075
1WCL.pdb,Q69G,68,0.0739394126374075,0.28691745,0.21297803540641574,0.21297803540641574
1WCL.pdb,Q69M,68,0.8950891366956406,0.10105589,-0.794033246373909,0.794033246373909
1WCL.pdb,Q69L,68,0.7139416376245005,0.08010006,-0.6338415781152231,0.6338415781152231
1WCL.pdb,Q69V,68,0.4635932451459776,0.26444095,-0.19915229141444074,0.19915229141444074
1WCL.pdb,Q69I,68,0.3058786218168863,0.18948454,-0.11639408516908967,0.11639408516908967
1WCL.pdb,Q69P,68,0.7106990148415728,0.8486185,0.13791949254368108,0.13791949254368108
1WCL.pdb,Q69C,68,0.4905350201518446,0.010001004,-0.48053401640962656,0.48053401640962656
1WR4.pdb,G1Q,0,0.0087429782696444,0.0013515763,-0.007391401971169135,0.007391401971169135
1WR4.pdb,G1E,0,0.0992293533981203,0.101587445,0.002358091145718194,0.002358091145718194
1WR4.pdb,G1N,0,0.0951807931439755,-0.032844428,-0.12802522111700748,0.12802522111700748
1WR4.pdb,G1H,0,-0.0024781132164095,-0.03215499,-0.029676875281086153,0.029676875281086153
1WR4.pdb,G1D,0,0.0678090667236217,0.17361611,0.10580704455491223,0.10580704455491223
1WR4.pdb,G1R,0,0.1384647966695489,-0.023691367,-0.16215616402751817,0.16215616402751817
1WR4.pdb,G1K,0,0.2492255478031962,-0.11116314,-0.3603886871464579,0.3603886871464579
1WR4.pdb,G1T,0,0.1036129864415179,0.08885209,-0.014760893817807264,0.014760893817807264
1WR4.pdb,G1S,0,0.014670634767596,-0.012772802,-0.02744343703109431,0.02744343703109431
1WR4.pdb,G1A,0,-0.0260663055781269,-0.061939824,-0.035873518794403085,0.035873518794403085
1WR4.pdb,G1M,0,0.1247000503068499,0.096204996,-0.02849505419784111,0.02849505419784111
1WR4.pdb,G1L,0,0.0786043912501001,0.058407288,-0.020197103205409017,0.020197103205409017
1WR4.pdb,G1V,0,0.0703667162584571,-0.01580296,-0.08616967710130492,0.08616967710130492
1WR4.pdb,G1I,0,0.0248440390383166,0.049964406,0.025120366557939654,0.025120366557939654
1WR4.pdb,G1W,0,0.0083960005450745,0.05349842,0.04510242031926914,0.04510242031926914
1WR4.pdb,G1Y,0,-0.0392760190230021,0.065119505,0.10439552395159096,0.10439552395159096
1WR4.pdb,G1F,0,0.1383963486193632,0.16478917,0.026392821407415973,0.026392821407415973
1WR4.pdb,G1P,0,0.0708732442039097,-0.053581733,-0.12445497746048814,0.12445497746048814
1WR4.pdb,S2Q,1,0.0785345588736675,0.1376512,0.05911664618919871,0.05911664618919871
1WR4.pdb,S2E,1,-0.0701290989662537,0.1699591,0.24008819706691592,0.24008819706691592
1WR4.pdb,S2N,1,0.0718730969449659,0.12582883,0.0539557354429583,0.0539557354429583
1WR4.pdb,S2H,1,0.1211298534858499,0.081355736,-0.03977411782625059,0.03977411782625059
1WR4.pdb,S2D,1,-0.0279803521305062,0.32336748,0.3513478285938241,0.3513478285938241
1WR4.pdb,S2R,1,0.274746157080928,0.07274848,-0.20199767485360254,0.20199767485360254
1WR4.pdb,S2K,1,0.2270340525861365,0.022441585,-0.204592467969237,0.204592467969237
1WR4.pdb,S2T,1,0.0927569489141607,-0.07825892,-0.1710158656498098,0.1710158656498098
1WR4.pdb,S2A,1,0.0909776110314213,0.029011812,-0.0619657989703499,0.0619657989703499
1WR4.pdb,S2G,1,0.1686716750815373,0.40471852,0.23604684317560382,0.23604684317560382
1WR4.pdb,S2M,1,0.0852050336044361,0.16197063,0.07676559668368799,0.07676559668368799
1WR4.pdb,S2L,1,-0.1035895779137685,0.006440293,0.11002987095762035,0.11002987095762035
1WR4.pdb,S2V,1,0.0928448217875995,-0.21530499,-0.3081498074300327,0.3081498074300327
1WR4.pdb,S2I,1,0.1273578494412837,-0.18680355,-0.31416139896940565,0.31416139896940565
1WR4.pdb,S2W,1,0.0836395908402853,0.018662803,-0.06497678796524334,0.06497678796524334
1WR4.pdb,S2Y,1,0.0103500361589174,0.08370222,0.0733521853538771,0.0733521853538771
1WR4.pdb,S2F,1,0.0379184979082515,0.1375774,0.09965890170322159,0.09965890170322159
1WR4.pdb,S2P,1,0.1428944011621528,-0.070421085,-0.21331548592377236,0.21331548592377236
1WR4.pdb,P3Q,2,-0.0285361270094226,0.48269862,0.5112347463751148,0.5112347463751148
1WR4.pdb,P3E,2,-0.0220866454800321,0.40083715,0.4229237986763669,0.4229237986763669
1WR4.pdb,P3N,2,-0.0414961071584745,0.46075234,0.5022484453294798,0.5022484453294798
1WR4.pdb,P3H,2,0.0396417895878379,0.40719256,0.3675507684623177,0.3675507684623177
1WR4.pdb,P3D,2,-0.0702756390117489,0.562219,0.6324946627162777,0.6324946627162777
1WR4.pdb,P3R,2,0.0536902214266403,0.5195682,0.4658779834531204,0.4658779834531204
1WR4.pdb,P3K,2,0.1871039685458564,0.46366936,0.27656539113813405,0.27656539113813405
1WR4.pdb,P3T,2,0.0188915612866225,0.4633116,0.4444200513194261,0.4444200513194261
1WR4.pdb,P3S,2,-0.0576121868876082,0.37242788,0.4300400676516158,0.4300400676516158
1WR4.pdb,P3A,2,-0.0240557527279203,0.37324813,0.3973038828110044,0.3973038828110044
1WR4.pdb,P3G,2,-0.0742412601026052,0.63842785,0.7126691136868948,0.7126691136868948
1WR4.pdb,P3M,2,-0.0704422675498421,0.4858522,0.556294479263633,0.556294479263633
1WR4.pdb,P3L,2,-0.0434948157812853,0.42025217,0.4637469899203081,0.4637469899203081
1WR4.pdb,P3V,2,0.0053482761839038,0.28145874,0.2761104592820996,0.2761104592820996
1WR4.pdb,P3I,2,0.1044512896863305,0.35628974,0.25183845469080574,0.25183845469080574
1WR4.pdb,P3W,2,-0.1691324526144328,0.34498888,0.5141213351560893,0.5141213351560893
1WR4.pdb,P3Y,2,-0.0954080849092413,0.4268112,0.5222192733686377,0.5222192733686377
1WR4.pdb,P3F,2,-0.016212364138578,0.4860933,0.5023056766404853,0.5023056766404853
1WR4.pdb,G4Q,3,0.1585369799658501,1.3459141,1.1873771454766548,1.1873771454766548
1WR4.pdb,G4E,3,0.0646148670453837,1.1353196,1.0707047235231588,1.0707047235231588
1WR4.pdb,G4N,3,0.196501763350166,0.83090067,0.6343989057477344,0.6343989057477344
1WR4.pdb,G4H,3,0.2588320307242047,1.1966827,0.937850660849892,0.937850660849892
1WR4.pdb,G4D,3,-0.0415336613003374,0.7016066,0.7431402329746843,0.7431402329746843
1WR4.pdb,G4R,3,0.2184389558480828,1.5535382,1.335099247391358,1.335099247391358
1WR4.pdb,G4K,3,0.273512938521141,1.5041146,1.2306016893169938,1.2306016893169938
1WR4.pdb,G4T,3,0.0448600689721391,1.3242327,1.2793726285147384,1.2793726285147384
1WR4.pdb,G4S,3,-0.0056604501206383,1.0580938,1.0637542363602623,1.0637542363602623
1WR4.pdb,G4A,3,0.0974392025311585,1.4604411,1.363001909987152,1.363001909987152
1WR4.pdb,G4M,3,0.0397292544618013,1.3299065,1.2901772091612456,1.2901772091612456
1WR4.pdb,G4L,3,0.0838263742690791,1.3394352,1.2556088454956305,1.2556088454956305
1WR4.pdb,G4V,3,0.2092335903106515,1.5962034,1.3869698560775932,1.3869698560775932
1WR4.pdb,G4I,3,0.1722878888780989,1.6793374,1.5070494934384904,1.5070494934384904
1WR4.pdb,G4W,3,0.3086451617014329,1.2295617,0.9209165248143751,0.9209165248143751
1WR4.pdb,G4Y,3,0.0598711541900407,1.1003768,1.0405056902160872,1.0405056902160872
1WR4.pdb,G4F,3,0.2076412945488351,0.92620206,0.7185607642432792,0.7185607642432792
1WR4.pdb,G4P,3,-0.1764080708477475,1.6813135,1.8577215855572202,1.8577215855572202
1WR4.pdb,L5M,4,1.2551539042151352,1.0913856,-0.16376830126408537,0.16376830126408537
1WR4.pdb,L5I,4,1.9238223712936355,0.7686664,-1.1551559846893265,1.1551559846893265
1WR4.pdb,L5P,4,0.9104069682209605,1.9375231,1.0271161583812125,1.0271161583812125
1WR4.pdb,P6A,5,1.5481052391747665,1.684327,0.13622176716526035,0.13622176716526035
1WR4.pdb,P6L,5,1.4814673560376792,1.4310489,-0.050418485951009284,0.050418485951009284
1WR4.pdb,P6I,5,1.5544376879304345,1.5215304,-0.03290729814466786,0.03290729814466786
1WR4.pdb,S7Q,6,0.1402842778449069,0.080040395,-0.06024388258504973,0.06024388258504973
1WR4.pdb,S7E,6,-0.0216091058277163,-0.00056158006,0.021047525765803765,0.021047525765803765
1WR4.pdb,S7N,6,0.1708200887108634,0.24948516,0.07866507616988916,0.07866507616988916
1WR4.pdb,S7H,6,0.1061754699612826,0.1686272,0.06245173254955114,0.06245173254955114
1WR4.pdb,S7D,6,-0.0473010986502062,0.21037427,0.25767536455940115,0.25767536455940115
1WR4.pdb,S7R,6,0.0478718193751517,0.26443702,0.21656520044983,0.21656520044983
1WR4.pdb,S7K,6,0.0093972299866365,0.13155773,0.12216050283387436,0.12216050283387436
1WR4.pdb,S7T,6,0.2515938920930975,0.17551513,-0.07607876193085844,0.07607876193085844
1WR4.pdb,S7A,6,-0.0328366877475976,-0.12082027,-0.08798358124101172,0.08798358124101172
1WR4.pdb,S7G,6,0.7207842580358305,0.1851909,-0.5355933568755903,0.5355933568755903
1WR4.pdb,S7M,6,0.1907233788326474,0.2149809,0.02425752145498078,0.02425752145498078
1WR4.pdb,S7L,6,0.0661549030011789,0.19309458,0.12693967836440642,0.12693967836440642
1WR4.pdb,S7V,6,0.0586833204510233,0.073257804,0.014574483465907853,0.014574483465907853
1WR4.pdb,S7I,6,0.1553291538694754,0.17462116,0.019292010929261166,0.019292010929261166
1WR4.pdb,S7W,6,0.0158318038475855,0.14162228,0.12579047126647394,0.12579047126647394
1WR4.pdb,S7Y,6,-0.0384777787194148,0.23077303,0.2692508104309932,0.2692508104309932
1WR4.pdb,S7F,6,-0.1023308337839921,0.2498119,0.35214273642624216,0.35214273642624216
1WR4.pdb,S7P,6,-0.4011112601063364,-0.11126773,0.2898435295126551,0.2898435295126551
1WR4.pdb,G8E,7,1.259966064902319,1.1467457,-0.11322038313962368,0.11322038313962368
1WR4.pdb,G8N,7,1.116271846876122,0.6489754,-0.4672964745616688,0.4672964745616688
1WR4.pdb,G8H,7,1.2318843653643816,0.8434906,-0.3883937647784441,0.3883937647784441
1WR4.pdb,G8D,7,1.4316757988135322,0.8253812,-0.6062945794264778,0.6062945794264778
1WR4.pdb,G8M,7,1.7239258664877484,0.97394556,-0.7499803084166119,0.7499803084166119
1WR4.pdb,G8W,7,1.2270629290878694,0.92986447,-0.29719846289753127,0.29719846289753127
1WR4.pdb,G8Y,7,1.1688570135255982,0.7946831,-0.37417391473256845,0.37417391473256845
1WR4.pdb,G8F,7,1.2257297685203443,0.5994587,-0.6262710740623365,0.6262710740623365
1WR4.pdb,G8P,7,1.6387104217288837,2.0163126,0.3776021774532452,0.3776021774532452
1WR4.pdb,G8C,7,-0.2454610595261575,0.3952316,0.6406926641022683,0.6406926641022683
1WR4.pdb,E10Q,9,0.6363319853665365,0.5434997,-0.09283227719087728,0.09283227719087728
1WR4.pdb,E10N,9,2.0177226297263613,1.52146,-0.49626257342142965,0.49626257342142965
1WR4.pdb,E10H,9,0.6822449701654903,1.2335724,0.5513273936879642,0.5513273936879642
1WR4.pdb,E10D,9,1.223365926528912,1.2082809,-0.015085005546551233,0.015085005546551233
1WR4.pdb,E10R,9,1.3090798111898392,1.3801285,0.07104869165592498,0.07104869165592498
1WR4.pdb,E10K,9,1.139567589711252,1.3122315,0.1726639509686796,0.1726639509686796
1WR4.pdb,E10T,9,0.5186638308641325,0.44363397,-0.07502985726565226,0.07502985726565226
1WR4.pdb,E10S,9,0.2439961401137527,0.81090635,0.5669102104988877,0.5669102104988877
1WR4.pdb,E10A,9,0.7721103321649863,0.852411,0.08030063995339143,0.08030063995339143
1WR4.pdb,E10M,9,1.096956014855668,0.55128175,-0.5456742646534891,0.5456742646534891
1WR4.pdb,E10L,9,1.1102835450014372,0.81707776,-0.29320578907339767,0.29320578907339767
1WR4.pdb,E10V,9,0.3537370770472337,0.020447612,-0.3332894652384568,0.3332894652384568
1WR4.pdb,E10I,9,0.7381309562996208,0.19384933,-0.5442816311195671,0.5442816311195671
1WR4.pdb,E10W,9,0.6749016709763612,1.0235595,0.3486577801268492,0.3486577801268492
1WR4.pdb,E10Y,9,0.2757864998546622,0.9425167,0.6667301846775033,0.6667301846775033
1WR4.pdb,E10F,9,0.3738427281475109,0.8740556,0.5002128958606678,0.5002128958606678
1WR4.pdb,E11Q,10,0.4075319224523295,0.25062123,-0.156910693042158,0.156910693042158
1WR4.pdb,E11R,10,0.9887706368000984,1.0478667,0.05909606527967459,0.05909606527967459
1WR4.pdb,E11K,10,1.3121450231468934,0.8354299,-0.47671511630180063,0.47671511630180063
1WR4.pdb,E11T,10,1.1622487013337135,0.73783094,-0.4244177644249916,0.4244177644249916
1WR4.pdb,E11S,10,0.6152981348828667,0.9609157,0.34561754981714554,0.34561754981714554
1WR4.pdb,E11A,10,0.2263208409987334,0.30582577,0.07950492890254224,0.07950492890254224
1WR4.pdb,E11M,10,0.2168835298880653,0.19953603,-0.017347504363925903,0.017347504363925903
1WR4.pdb,E11L,10,0.7691622405323322,0.12034464,-0.6488176017078693,0.6488176017078693
1WR4.pdb,E11V,10,0.6564944399113426,-0.22848302,-0.8849774611706505,0.8849774611706505
1WR4.pdb,E11I,10,0.7315461892144246,-0.14526463,-0.876810814763741,0.876810814763741
1WR4.pdb,E11W,10,1.9847307482290124,0.76158947,-1.2231412807035302,1.2231412807035302
1WR4.pdb,R12Q,11,1.0089403744309486,0.5396677,-0.4692726488678993,0.4692726488678993
1WR4.pdb,R12H,11,0.6463244307801493,0.73505646,0.0887320291235677,0.0887320291235677
1WR4.pdb,R12K,11,0.1332731559767914,0.4135548,0.2802816316590118,0.2802816316590118
1WR4.pdb,R12T,11,1.737261783766836,1.0710955,-0.6661663171530665,0.6661663171530665
1WR4.pdb,R12A,11,0.6900757956978172,0.40901953,-0.28105626587832866,0.28105626587832866
1WR4.pdb,R12M,11,0.1955517293118389,0.16215038,-0.03340134631623343,0.03340134631623343
1WR4.pdb,R12L,11,0.3563023870107593,0.3869879,0.030685507762723996,0.030685507762723996
1WR4.pdb,R12V,11,0.572883938249988,0.54429555,-0.02858838885728776,0.02858838885728776
1WR4.pdb,R12I,11,0.8606872729116712,0.52193654,-0.33875073707640513,0.33875073707640513
1WR4.pdb,R12Y,11,0.6107052468661893,0.06480628,-0.5458989643458951,0.5458989643458951
1WR4.pdb,R12F,11,0.8428604715588663,0.4081111,-0.43474937613039955,0.43474937613039955
1WR4.pdb,K13Q,12,0.1805649378195588,0.18642315,0.005858214865606615,0.005858214865606615
1WR4.pdb,K13E,12,1.5152408195769227,0.66473806,-0.8505027605330384,0.8505027605330384
1WR4.pdb,K13N,12,1.2829451374622467,0.7821729,-0.5007722191425446,0.5007722191425446
1WR4.pdb,K13H,12,0.5142538695298011,0.3291406,-0.18511326598747324,0.18511326598747324
1WR4.pdb,K13R,12,0.1693520039361085,0.105842516,-0.06350948810988322,0.06350948810988322
1WR4.pdb,K13T,12,0.2063339383942812,0.0010419786,-0.20529195979664022,0.20529195979664022
1WR4.pdb,K13S,12,0.8926405636200634,0.54600245,-0.34663811601493033,0.34663811601493033
1WR4.pdb,K13A,12,1.194831285167194,0.5526718,-0.6421594950442082,0.6421594950442082
1WR4.pdb,K13M,12,0.3034192687597747,0.11405608,-0.18936318818001702,0.18936318818001702
1WR4.pdb,K13L,12,0.408750502831598,0.15452203,-0.25422847128595893,0.25422847128595893
1WR4.pdb,K13V,12,0.0135489113753908,-0.14193055,-0.15547946171222857,0.15547946171222857
1WR4.pdb,K13I,12,-0.0551083505574527,-0.115223736,-0.06011538501345489,0.06011538501345489
1WR4.pdb,K13W,12,1.2401647340750963,0.33569992,-0.904464818189171,0.904464818189171
1WR4.pdb,K13Y,12,0.571978272260338,0.16082862,-0.41114965206494924,0.41114965206494924
1WR4.pdb,K13F,12,0.5372495043569728,0.18578853,-0.3514609772258922,0.3514609772258922
1WR4.pdb,D14N,13,0.5301107257767947,0.90478003,0.37466930447375457,0.37466930447375457
1WR4.pdb,D14T,13,-0.078498014340641,1.8746392,1.9531371678211709,1.9531371678211709
1WR4.pdb,D14S,13,0.7188759255266517,1.7651765,1.0463006091260583,1.0463006091260583
1WR4.pdb,A15Q,14,0.2692098173692085,0.22286734,-0.04634247751973647,0.04634247751973647
1WR4.pdb,A15E,14,0.1045615492569675,0.20500898,0.10044743435509304,0.10044743435509304
1WR4.pdb,A15N,14,0.1908682148758069,0.35868925,0.16782103368605222,0.16782103368605222
1WR4.pdb,A15H,14,0.0683215819439283,0.37751862,0.30919704212337823,0.30919704212337823
1WR4.pdb,A15D,14,0.2515412930613592,0.39467657,0.1431352730626032,0.1431352730626032
1WR4.pdb,A15R,14,0.0282867493583839,0.3327928,0.3045060393855889,0.3045060393855889
1WR4.pdb,A15K,14,-0.0931933167769931,0.21612029,0.30931360455298645,0.30931360455298645
1WR4.pdb,A15T,14,0.3491298220668786,0.35071367,0.0015838481868750698,0.0015838481868750698
1WR4.pdb,A15S,14,0.1100265352683567,0.13798185,0.02795531166023979,0.02795531166023979
1WR4.pdb,A15G,14,0.3174276941944216,0.37096328,0.0535355812381651,0.0535355812381651
1WR4.pdb,A15M,14,0.2498650193107872,0.3502278,0.10036278368107987,0.10036278368107987
1WR4.pdb,A15L,14,0.4284451437082319,0.3473357,-0.08110944748783394,0.08110944748783394
1WR4.pdb,A15V,14,0.2133646869887953,0.39560688,0.1822421884308214,0.1822421884308214
1WR4.pdb,A15I,14,0.0659882749761987,0.43141505,0.36542677624564884,0.36542677624564884
1WR4.pdb,A15W,14,-0.1608639367521289,0.3507487,0.5116126247346882,0.5116126247346882
1WR4.pdb,A15Y,14,0.0551899019323429,0.46918392,0.41399401988162193,0.41399401988162193
1WR4.pdb,A15F,14,0.1350684982004033,0.5043318,0.369263328963293,0.369263328963293
1WR4.pdb,A15P,14,0.1693821814839484,0.2681246,0.09874242870167477,0.09874242870167477
1WR4.pdb,K16Q,15,0.0492829855654954,-0.09439699,-0.14367997908337107,0.14367997908337107
1WR4.pdb,K16E,15,0.1471901274775349,0.0754457,-0.07174443076599468,0.07174443076599468
1WR4.pdb,K16N,15,0.2357994017033278,-0.16624595,-0.4020453539519011,0.4020453539519011
1WR4.pdb,K16H,15,0.1663818120109904,-0.14293237,-0.30931418231605173,0.30931418231605173
1WR4.pdb,K16D,15,0.5139633732758992,0.23010683,-0.2838565426789754,0.2838565426789754
1WR4.pdb,K16R,15,0.004334119656614,0.036955804,0.03262168397612221,0.03262168397612221
1WR4.pdb,K16T,15,0.1540703829162181,0.3114184,0.15734803119968765,0.15734803119968765
1WR4.pdb,K16S,15,0.3272663038128798,0.12890518,-0.19836112669648576,0.19836112669648576
1WR4.pdb,K16A,15,0.0723887606347073,0.11333072,0.04094196122045628,0.04094196122045628
1WR4.pdb,K16G,15,0.6798180101083646,0.40316564,-0.27665237166155676,0.27665237166155676
1WR4.pdb,K16M,15,-0.0093855028433122,-0.1611803,-0.1517947996574126,0.1517947996574126
1WR4.pdb,K16L,15,-0.0305903643066931,-0.027684376,0.0029059886629629363,0.0029059886629629363
1WR4.pdb,K16V,15,0.5164427091059549,0.42138433,-0.09505837454174593,0.09505837454174593
1WR4.pdb,K16I,15,0.4717447758954407,0.35375792,-0.11798685801442876,0.11798685801442876
1WR4.pdb,K16W,15,-0.0456754924462168,0.044231504,0.08990699664810584,0.08990699664810584
1WR4.pdb,K16Y,15,-0.0789363059046457,0.04043007,0.11936637487437227,0.11936637487437227
1WR4.pdb,K16F,15,-0.0905171401118325,0.029668689,0.12018582888594138,0.12018582888594138
1WR4.pdb,G17N,16,1.3593767933244028,0.72885585,-0.6305209450120248,0.6305209450120248
1WR4.pdb,R18Q,17,0.996352206422102,0.51594925,-0.48040295715452386,0.48040295715452386
1WR4.pdb,R18N,17,1.0136779522299433,0.54615843,-0.467519519269433,0.467519519269433
1WR4.pdb,R18H,17,1.181467231289114,0.48735327,-0.694113966003622,0.694113966003622
1WR4.pdb,R18K,17,1.0112093407539835,0.39757013,-0.613639207544755,0.613639207544755
1WR4.pdb,R18A,17,1.7801422375683502,0.90386695,-0.8762752908711151,0.8762752908711151
1WR4.pdb,R18M,17,1.2590444443760904,0.4939283,-0.7651161311207804,0.7651161311207804
1WR4.pdb,R18L,17,1.408016254693472,0.57165277,-0.8363634846510526,0.8363634846510526
1WR4.pdb,R18V,17,1.1157838248275114,0.49089712,-0.6248867057822538,0.6248867057822538
1WR4.pdb,R18I,17,1.3536137120077023,0.41393298,-0.9396807329007992,0.9396807329007992
1WR4.pdb,R18Y,17,1.6796722132283788,0.59057385,-1.089098365934525,1.089098365934525
1WR4.pdb,R18F,17,1.3860193977264268,0.7720845,-0.6139349231628282,0.6139349231628282
1WR4.pdb,T19R,18,0.7970879323311145,0.55112207,-0.24596586297228884,0.24596586297228884
1WR4.pdb,T19K,18,0.663347236192448,0.48537645,-0.17797078875325423,0.17797078875325423
1WR4.pdb,T19S,18,0.4366535688573258,0.62676,0.19010643709360192,0.19010643709360192
1WR4.pdb,T19A,18,0.6294373320205562,0.47903967,-0.15039766298369095,0.15039766298369095
1WR4.pdb,T19M,18,1.1637468483153734,0.4220817,-0.7416651394072924,0.7416651394072924
1WR4.pdb,T19L,18,0.4885844708838884,0.31312245,-0.175462019578499,0.175462019578499
1WR4.pdb,T19V,18,0.2697030355440546,-0.26127553,-0.5309785654055048,0.5309785654055048
1WR4.pdb,T19I,18,0.235725399521183,-0.11075598,-0.346481379535984,0.346481379535984
1WR4.pdb,T19W,18,1.7683517868388008,0.4764398,-1.291911983000071,1.291911983000071
1WR4.pdb,T19Y,18,1.0312940131508783,0.5501573,-0.4811367045723871,0.4811367045723871
1WR4.pdb,T19F,18,0.9738648753128236,0.53600806,-0.4378568153343385,0.4378568153343385
1WR4.pdb,T19P,18,0.8840255231690782,0.7725514,-0.11147410581830919,0.11147410581830919
1WR4.pdb,Y20W,19,1.7746034533518906,0.7010908,-1.0735126406687852,1.0735126406687852
1WR4.pdb,Y20F,19,0.270765081164489,0.20853925,-0.062225833651671614,0.062225833651671614
1WR4.pdb,Y21W,20,-0.0151725807978555,0.68643916,0.7016117373301431,0.7016117373301431
1WR4.pdb,Y21F,20,0.483407254235479,0.6691308,0.18572354791906204,0.18572354791906204
1WR4.pdb,V22H,21,1.952572667063608,0.6983311,-1.2542415494336032,1.2542415494336032
1WR4.pdb,V22R,21,1.102580162434711,1.3802688,0.2776886497448545,0.2776886497448545
1WR4.pdb,V22T,21,1.8408447320169523,1.0285034,-0.8123413140482023,0.8123413140482023
1WR4.pdb,V22M,21,0.4558275356122661,0.3945273,-0.06130024932114364,0.06130024932114364
1WR4.pdb,V22L,21,0.3684468609144725,0.25208017,-0.11636668861413374,0.11636668861413374
1WR4.pdb,V22I,21,-0.1723840898444559,-0.19724607,-0.02486198483205776,0.02486198483205776
1WR4.pdb,V22W,21,-0.0646015084537392,-0.15947324,-0.0948717319217796,0.0948717319217796
1WR4.pdb,V22Y,21,-1.0616032681246343,-0.54746675,0.5141365132113043,0.5141365132113043
1WR4.pdb,V22F,21,-0.6640973894574844,-0.35940635,0.30469103741433257,0.30469103741433257
1WR4.pdb,N23H,22,1.23102656006697,1.1844466,-0.0465799868095238,0.0465799868095238
1WR4.pdb,N23D,22,0.4846880811773255,0.3319217,-0.15276638451442265,0.15276638451442265
1WR4.pdb,N23Y,22,1.4529148204355966,1.2203578,-0.23255704474742522,0.23255704474742522
1WR4.pdb,N23F,22,1.3258800995524562,0.99474263,-0.3311374676402248,0.3311374676402248
1WR4.pdb,N23C,22,1.7953218529870334,0.65671206,-1.1386097977807346,1.1386097977807346
1WR4.pdb,H24Q,23,0.2711219697624868,0.44543764,0.17431567018921912,0.17431567018921912
1WR4.pdb,H24E,23,0.6604462354049836,0.8837958,0.22334956241987602,0.22334956241987602
1WR4.pdb,H24N,23,0.6411731059239149,0.41094923,-0.23022387572982306,0.23022387572982306
1WR4.pdb,H24D,23,1.897279937365796,1.3132584,-0.584021527865674,0.584021527865674
1WR4.pdb,H24R,23,0.1542268927616179,0.3421968,0.18796989960250257,0.18796989960250257
1WR4.pdb,H24K,23,0.1237380083171862,0.48536003,0.36162201804237193,0.36162201804237193
1WR4.pdb,H24T,23,0.1648856498007216,0.6970823,0.5321966313119493,0.5321966313119493
1WR4.pdb,H24S,23,0.3515766915295961,0.77225626,0.4206795636202452,0.4206795636202452
1WR4.pdb,H24A,23,0.677251379699741,0.81967616,0.1424247811126369,0.1424247811126369
1WR4.pdb,H24G,23,1.3479047911910147,0.99986774,-0.3480370538977713,0.3480370538977713
1WR4.pdb,H24M,23,0.2099760225092823,0.47605103,0.2660750100339001,0.2660750100339001
1WR4.pdb,H24L,23,-0.0937475401962353,0.18424687,0.27799440809136167,0.27799440809136167
1WR4.pdb,H24V,23,-0.2474272040529523,0.6016814,0.8491086153192792,0.8491086153192792
1WR4.pdb,H24I,23,-0.2196173402370065,0.6832956,0.90291294780384,0.90291294780384
1WR4.pdb,H24W,23,0.0127421217026777,0.14440429,0.13166217040395073,0.13166217040395073
1WR4.pdb,H24Y,23,0.3410678260760997,0.07783979,-0.26322803430134994,0.26322803430134994
1WR4.pdb,H24F,23,0.2513139765050209,0.40127295,0.1499589760515892,0.1499589760515892
1WR4.pdb,H24P,23,1.0810473623055965,2.4493396,1.368292265914008,1.368292265914008
1WR4.pdb,N25Q,24,0.170299903620249,0.40944794,0.23914803458356265,0.23914803458356265
1WR4.pdb,N25E,24,0.0266745664253479,0.5562763,0.5296017549857849,0.5296017549857849
1WR4.pdb,N25H,24,0.1132031870278663,0.39101034,0.2778071570006066,0.2778071570006066
1WR4.pdb,N25D,24,0.1931786891732145,0.7271017,0.5339229944434236,0.5339229944434236
1WR4.pdb,N25R,24,0.2567659763466869,0.0674046,-0.1893613783490215,0.1893613783490215
1WR4.pdb,N25K,24,0.130473590831445,0.33712697,0.2066533794596927,0.2066533794596927
1WR4.pdb,N25T,24,0.2330162318654043,0.6286153,0.395599087863447,0.395599087863447
1WR4.pdb,N25S,24,0.3665674415647061,0.7266724,0.3601049694002597,0.3601049694002597
1WR4.pdb,N25A,24,-0.0107657221432879,0.7741797,0.784945419180031,0.784945419180031
1WR4.pdb,N25G,24,0.5663300236639643,1.2055686,0.6392385283532476,0.6392385283532476
1WR4.pdb,N25M,24,0.3635218344527982,0.3600737,-0.003448148806741047,0.003448148806741047
1WR4.pdb,N25L,24,0.1790080081732288,0.29914287,0.12013485915350766,0.12013485915350766
1WR4.pdb,N25V,24,-0.0056666683596728,0.11873856,0.12440523022834041,0.12440523022834041
1WR4.pdb,N25I,24,-0.1254589061131417,0.01368022,0.13913912576341025,0.13913912576341025
1WR4.pdb,N25W,24,0.0942544205939763,0.6163868,0.5221323506081111,0.5221323506081111
1WR4.pdb,N25Y,24,0.2446770628132719,0.6402016,0.3955245653948885,0.3955245653948885
1WR4.pdb,N25F,24,0.0290513467253799,0.6222015,0.5931501555977707,0.5931501555977707
1WR4.pdb,N25P,24,1.9560403928905976,2.1014266,0.1453862085193145,0.1453862085193145
1WR4.pdb,N26Q,25,0.8906866256368589,0.78876984,-0.10191678444270602,0.10191678444270602
1WR4.pdb,N26E,25,0.3585264075007461,0.6516442,0.29311776278352514,0.29311776278352514
1WR4.pdb,N26H,25,1.4122289295131354,0.5995178,-0.8127111072475104,0.8127111072475104
1WR4.pdb,N26D,25,-0.117393879615637,0.006729603,0.12412348242935771,0.12412348242935771
1WR4.pdb,N26R,25,1.1842402673654993,0.9289324,-0.2553078390055139,0.2553078390055139
1WR4.pdb,N26K,25,0.8935837335714409,0.90069693,0.007113199698059791,0.007113199698059791
1WR4.pdb,N26T,25,-0.1413663072713291,0.08778256,0.2291488690503513,0.2291488690503513
1WR4.pdb,N26S,25,0.5726056390728458,0.28404188,-0.2885637575115665,0.2885637575115665
1WR4.pdb,N26A,25,0.8912101579338949,0.9568644,0.06565425866537877,0.06565425866537877
1WR4.pdb,N26G,25,1.4181622430309822,0.8435428,-0.5746194287762214,0.5746194287762214
1WR4.pdb,N26M,25,0.3658435983883041,0.7644961,0.39865248963965,0.39865248963965
1WR4.pdb,N26L,25,0.0559828963241231,0.9183198,0.8623369250336039,0.8623369250336039
1WR4.pdb,N26I,25,1.3471270802199489,0.9654683,-0.3816587927519923,0.3816587927519923
1WR4.pdb,N26W,25,0.9803481112289696,0.6730001,-0.3073480139541893,0.3073480139541893
1WR4.pdb,N26Y,25,1.1143022099950026,0.6490074,-0.4652948299863051,0.4652948299863051
1WR4.pdb,N26F,25,0.7869711708204834,0.58420014,-0.2027710270063965,0.2027710270063965
1WR4.pdb,R27Q,26,-0.3185267052813851,0.13184232,0.45036902047837607,0.45036902047837607
1WR4.pdb,R27E,26,0.1176546638424613,0.50105274,0.38339807339356163,0.38339807339356163
1WR4.pdb,R27N,26,-0.6839753326804663,-0.14541304,0.5385622915656592,0.5385622915656592
1WR4.pdb,R27H,26,-0.48836507860719,0.15134865,0.6397137290626649,0.6397137290626649
1WR4.pdb,R27D,26,-5.863007155215705e-05,0.44625643,0.44631505902853763,0.44631505902853763
1WR4.pdb,R27K,26,-0.1481099554349263,0.08597523,0.23408518517506913,0.23408518517506913
1WR4.pdb,R27T,26,0.6657107823701661,0.7723346,0.10662379328291005,0.10662379328291005
1WR4.pdb,R27S,26,-0.1995925225336747,0.26394182,0.46353434696986245,0.46353434696986245
1WR4.pdb,R27A,26,0.0276184099546838,0.24970156,0.22208314958892583,0.22208314958892583
1WR4.pdb,R27G,26,-1.064211093551661,0.02961734,1.093828432924296,1.093828432924296
1WR4.pdb,R27M,26,-0.1923929959140031,0.22290814,0.4153011351428239,0.4153011351428239
1WR4.pdb,R27L,26,0.2185413762147336,0.30125988,0.08271849908281279,0.08271849908281279
1WR4.pdb,R27I,26,1.7980457204612437,0.8962287,-0.9018170493873301,0.9018170493873301
1WR4.pdb,R27W,26,0.2304187916703675,0.4760662,0.24564741025491021,0.24564741025491021
1WR4.pdb,R27Y,26,0.2832031359795884,0.5203958,0.23719267939287864,0.23719267939287864
1WR4.pdb,R27F,26,0.0987178459898521,0.541175,0.4424571618302773,0.4424571618302773
1WR4.pdb,T28Q,27,0.0420472782168845,0.6178469,0.5757996279682657,0.5757996279682657
1WR4.pdb,T28E,27,-0.2188961441550645,0.68368554,0.9025816853080186,0.9025816853080186
1WR4.pdb,T28N,27,0.5854760292790852,0.95696366,0.37148762905373955,0.37148762905373955
1WR4.pdb,T28H,27,0.4470720549726722,0.85030854,0.4032364825105431,0.4032364825105431
1WR4.pdb,T28D,27,0.525122468957975,0.8972634,0.37214093874923937,0.37214093874923937
1WR4.pdb,T28R,27,0.5943340988584563,0.9220656,0.32773151679553536,0.32773151679553536
1WR4.pdb,T28K,27,0.0437072164127565,0.83370924,0.7900020235469603,0.7900020235469603
1WR4.pdb,T28S,27,0.3927004311231352,0.40550914,0.012808712944629097,0.012808712944629097
1WR4.pdb,T28A,27,0.7769339728265747,0.83464116,0.057707185754205303,0.057707185754205303
1WR4.pdb,T28M,27,0.4798130639208352,0.57549536,0.09568229836096409,0.09568229836096409
1WR4.pdb,T28L,27,0.3311371659810009,0.74093246,0.4097952986186085,0.4097952986186085
1WR4.pdb,T28V,27,0.1037409229822446,0.5907988,0.4870578722409915,0.4870578722409915
1WR4.pdb,T28I,27,0.0489088334400937,0.6243605,0.5754516683261112,0.5754516683261112
1WR4.pdb,T28W,27,-0.1474338306600315,0.71849996,0.8659337891751987,0.8659337891751987
1WR4.pdb,T28Y,27,-0.1619623330721575,0.64570665,0.8076689866671282,0.8076689866671282
1WR4.pdb,T28F,27,-0.0642009472904989,0.713324,0.7775249576626607,0.7775249576626607
1WR4.pdb,T29Q,28,-0.0605734883445221,0.24595894,0.30653242753920135,0.30653242753920135
1WR4.pdb,T29E,28,0.0971553792381225,0.47399253,0.376837147293097,0.376837147293097
1WR4.pdb,T29N,28,0.8036416102728378,1.0698028,0.2661611508050431,0.2661611508050431
1WR4.pdb,T29H,28,-0.1184910423185103,0.44011402,0.5586050636197798,0.5586050636197798
1WR4.pdb,T29D,28,0.827237411877505,1.3769368,0.5496993814498266,0.5496993814498266
1WR4.pdb,T29R,28,-0.4002029374781843,0.4798492,0.8800521269980666,0.8800521269980666
1WR4.pdb,T29K,28,-0.6014270823430472,0.5563793,1.157806400580352,1.157806400580352
1WR4.pdb,T29S,28,0.1919474557323915,0.38402188,0.19207442251010118,0.19207442251010118
1WR4.pdb,T29A,28,0.0425291013648563,0.29243797,0.24990886927341885,0.24990886927341885
1WR4.pdb,T29G,28,1.5986656714297969,1.1863761,-0.41228957661168164,0.41228957661168164
1WR4.pdb,T29M,28,-0.6333140526443342,-0.15747064,0.47584340912397893,0.47584340912397893
1WR4.pdb,T29L,28,-0.503973267562353,0.14685175,0.6508250157904261,0.6508250157904261
1WR4.pdb,T29V,28,-0.7234290638819039,-0.29518992,0.42823914679434893,0.42823914679434893
1WR4.pdb,T29I,28,-0.7308404625186418,-0.29926366,0.431576806379268,0.431576806379268
1WR4.pdb,T29W,28,-1.493738008827794,-0.19280392,1.300934089512456,1.300934089512456
1WR4.pdb,T29Y,28,-0.8193457186194946,-0.15157264,0.6677730739089538,0.6677730739089538
1WR4.pdb,T29F,28,-0.6721475136714052,-0.19461262,0.4775348914103579,0.4775348914103579
1WR4.pdb,T29P,28,0.2048404263262807,1.9323211,1.7274806452984752,1.7274806452984752
1WR4.pdb,T30Q,29,-0.285339808818398,0.9919979,1.2773377064433675,1.2773377064433675
1WR4.pdb,T30E,29,0.473171861872002,1.3121303,0.838958470121101,0.838958470121101
1WR4.pdb,T30N,29,0.9257882685605132,1.3882698,0.462481513505832,0.462481513505832
1WR4.pdb,T30H,29,-0.1841181410460231,1.1510907,1.3352088822035548,1.3352088822035548
1WR4.pdb,T30D,29,0.4273977173832253,1.347333,0.919935237023513,0.919935237023513
1WR4.pdb,T30R,29,0.0734850845301391,1.4316516,1.3581665077244995,1.3581665077244995
1WR4.pdb,T30K,29,0.4077541683107025,1.3906906,0.9829363967985505,0.9829363967985505
1WR4.pdb,T30S,29,-0.4419207345431459,0.6404916,1.0824123393481386,1.0824123393481386
1WR4.pdb,T30A,29,0.4103216254402202,1.0747368,0.6644152081321675,0.6644152081321675
1WR4.pdb,T30G,29,0.8764037523477616,1.4270257,0.550621923425859,0.550621923425859
1WR4.pdb,T30M,29,0.0613885332497065,0.5074713,0.44608278976359916,0.44608278976359916
1WR4.pdb,T30L,29,0.6253756805991458,0.8470409,0.22166521104819303,0.22166521104819303
1WR4.pdb,T30V,29,0.5467612981492513,0.67004204,0.12328073981461585,0.12328073981461585
1WR4.pdb,T30I,29,0.8785849122522631,0.67544425,-0.20314066691382315,0.20314066691382315
1WR4.pdb,T30W,29,-0.0630202219640507,0.879061,0.9420812056218876,0.9420812056218876
1WR4.pdb,T30Y,29,0.2819719803557368,0.7694197,0.48744774935388846,0.48744774935388846
1WR4.pdb,T30F,29,0.4058692074170438,0.64276373,0.23689452644678677,0.23689452644678677
1WR4.pdb,W31Q,30,0.4604091966013249,0.8395798,0.37917062403160967,0.37917062403160967
1WR4.pdb,W31E,30,0.5649896446145297,0.7364518,0.17146216002337922,0.17146216002337922
1WR4.pdb,W31N,30,0.2744297810742598,0.70715004,0.43272026098277755,0.43272026098277755
1WR4.pdb,W31H,30,0.0584126224421575,0.566927,0.5085143933392451,0.5085143933392451
1WR4.pdb,W31D,30,0.6472044577924605,0.769218,0.12201356979924483,0.12201356979924483
1WR4.pdb,W31R,30,-0.7604182781984341,0.980564,1.7409822764207852,1.7409822764207852
1WR4.pdb,W31K,30,-0.1221668447605413,0.8304303,0.9525971736065191,0.9525971736065191
1WR4.pdb,W31T,30,-0.1648609440848709,0.53399104,0.6988519828841568,0.6988519828841568
1WR4.pdb,W31S,30,0.2107448711939032,0.6299537,0.41920881122873477,0.41920881122873477
1WR4.pdb,W31A,30,0.3334447401946323,0.66335326,0.3299085241371853,0.3299085241371853
1WR4.pdb,W31G,30,0.7488880050765061,0.868388,0.11949999207391504,0.11949999207391504
1WR4.pdb,W31M,30,0.0294551431219569,0.75183296,0.722377818914176,0.722377818914176
1WR4.pdb,W31L,30,-0.0310789980188133,0.68218505,0.7132640518441917,0.7132640518441917
1WR4.pdb,W31V,30,0.2066282938994935,0.7272757,0.5206474352798889,0.5206474352798889
1WR4.pdb,W31I,30,0.1055970034716581,0.8304146,0.724817589748099,0.724817589748099
1WR4.pdb,W31Y,30,-0.6352891675650065,0.34898293,0.9842720977484172,0.9842720977484172
1WR4.pdb,W31F,30,0.1415198694084343,0.29608732,0.1545674552108589,0.1545674552108589
1WR4.pdb,W31P,30,0.2878872463350612,0.70300156,0.415114312445609,0.415114312445609
1WR4.pdb,W31C,30,-0.9066659613602676,0.2634468,1.1701127692215958,1.1701127692215958
1WR4.pdb,T32Q,31,0.1277497598211912,0.13437846,0.006628703208670261,0.006628703208670261
1WR4.pdb,T32E,31,-0.1115358008453757,0.29618794,0.4077237381050498,0.4077237381050498
1WR4.pdb,T32N,31,0.3366697113615479,0.3049931,-0.03167661834778446,0.03167661834778446
1WR4.pdb,T32H,31,-0.0668672741162921,0.21737693,0.284244206618085,0.284244206618085
1WR4.pdb,T32D,31,0.0987358996662277,0.5060603,0.40732440259131014,0.40732440259131014
1WR4.pdb,T32R,31,0.0063941427931153,0.29513782,0.28874367983490595,0.28874367983490595
1WR4.pdb,T32K,31,0.0403890274454207,0.23854259,0.198153559119597,0.198153559119597
1WR4.pdb,T32S,31,0.5714767036017285,0.23207736,-0.3393993434485303,0.3393993434485303
1WR4.pdb,T32A,31,0.6933872576407951,0.2857511,-0.4076361532859367,0.4076361532859367
1WR4.pdb,T32M,31,0.3529360812866966,0.20852034,-0.14441574334743423,0.14441574334743423
1WR4.pdb,T32L,31,0.0434341397648311,0.2701913,0.22675717207141158,0.22675717207141158
1WR4.pdb,T32V,31,-0.2430261110745668,0.06788072,0.310906830974698,0.310906830974698
1WR4.pdb,T32I,31,-0.3183413218506561,0.076327085,0.39466840734565123,0.39466840734565123
1WR4.pdb,T32W,31,-0.177586746818378,0.19197993,0.36956667662317993,0.36956667662317993
1WR4.pdb,T32Y,31,-0.315920048856241,0.19882213,0.5147421746487444,0.5147421746487444
1WR4.pdb,T32F,31,-0.4317360985312297,0.24674654,0.6784826386008098,0.6784826386008098
1WR4.pdb,T32P,31,0.6008259761664927,1.6412652,1.040439177718395,1.040439177718395
1WR4.pdb,R33Q,32,0.7380415248824834,0.90175307,0.16371154308779245,0.16371154308779245
1WR4.pdb,R33E,32,0.6100181089980968,1.7888703,1.1788522256271472,1.1788522256271472
1WR4.pdb,R33N,32,0.4254783133268747,1.9078746,1.4823962708711234,1.4823962708711234
1WR4.pdb,R33H,32,-0.2125336384946639,1.5699881,1.7825217700177962,1.7825217700177962
1WR4.pdb,R33D,32,0.7646019710368537,2.9953833,2.230781291597424,2.230781291597424
1WR4.pdb,R33K,32,-0.3008791720038724,0.21418166,0.5150608336097073,0.5150608336097073
1WR4.pdb,R33T,32,0.8179789210716661,1.6746825,0.8567035769065443,0.8567035769065443
1WR4.pdb,R33S,32,0.341135206808375,1.5076015,1.16646629274912,1.16646629274912
1WR4.pdb,R33A,32,0.3373784544912601,1.0701445,0.7327660796197628,0.7327660796197628
1WR4.pdb,R33G,32,0.8375511353498769,1.9827682,1.145217042636268,1.145217042636268
1WR4.pdb,R33M,32,0.2985794903719226,1.0814713,0.7828918335950574,0.7828918335950574
1WR4.pdb,R33L,32,0.2474522818286126,1.1691272,0.9216749440472419,0.9216749440472419
1WR4.pdb,R33V,32,0.710458736589278,1.125175,0.4147162626477825,0.4147162626477825
1WR4.pdb,R33I,32,0.5495788349734656,1.231887,0.68230814794432,0.68230814794432
1WR4.pdb,R33W,32,0.770367127581179,1.4869981,0.7166309536260964,0.7166309536260964
1WR4.pdb,R33Y,32,0.1525536913793785,1.4125423,1.2599886517602699,1.2599886517602699
1WR4.pdb,R33F,32,0.1717021412244681,1.5219942,1.3502920919069406,1.3502920919069406
1WR4.pdb,R33P,32,-0.1405478604671852,1.9515522,2.0921000131008523,2.0921000131008523
1WR4.pdb,I35Q,34,0.1363294396886915,-0.013064787,-0.14939422648049294,0.14939422648049294
1WR4.pdb,I35E,34,-0.1097641115997769,0.12888306,0.23864717539295927,0.23864717539295927
1WR4.pdb,I35N,34,0.364318985417797,0.23661526,-0.12770372994275275,0.12770372994275275
1WR4.pdb,I35H,34,0.4646721921383567,0.16748723,-0.2971849582611747,0.2971849582611747
1WR4.pdb,I35D,34,-0.001212349262694,0.3323663,0.33357863697097645,0.33357863697097645
1WR4.pdb,I35R,34,0.5142220314600259,0.2222875,-0.29193452559492883,0.29193452559492883
1WR4.pdb,I35K,34,0.418232434932549,0.09019908,-0.32803335184272053,0.32803335184272053
1WR4.pdb,I35T,34,-0.1019594444500708,0.13019708,0.23215652243964904,0.23215652243964904
1WR4.pdb,I35S,34,0.1187811518023357,0.21846123,0.09968007859488873,0.09968007859488873
1WR4.pdb,I35A,34,0.2539379737634113,0.10570955,-0.14822842099851874,0.14822842099851874
1WR4.pdb,I35G,34,0.1184906055330455,0.43025696,0.3117663572431386,0.3117663572431386
1WR4.pdb,I35M,34,0.1597937676413608,0.09053612,-0.06925765008764986,0.06925765008764986
1WR4.pdb,I35L,34,0.0409438857188971,0.008925036,-0.03201885012300324,0.03201885012300324
1WR4.pdb,I35V,34,0.0073358756690198,0.027504489,0.020168613156778235,0.020168613156778235
1WR4.pdb,I35W,34,0.5284705253065407,0.21944049,-0.3090300352991402,0.3090300352991402
1WR4.pdb,I35Y,34,0.4591895180149383,0.23210552,-0.22708399466708368,0.22708399466708368
1WR4.pdb,I35F,34,0.4047631705860937,0.29382408,-0.11093909393356682,0.11093909393356682
1WR4.pdb,I35P,34,0.4069333408020149,0.6168139,0.20988055728453298,0.20988055728453298
1WR4.pdb,M36Q,35,0.1170600923421323,0.04903138,-0.06802871177815792,0.06802871177815792
1WR4.pdb,M36E,35,-0.0712309935409889,-0.11047739,-0.03924639436413195,0.03924639436413195
1WR4.pdb,M36N,35,0.1236650578921365,0.013829419,-0.1098356385027694,0.1098356385027694
1WR4.pdb,M36H,35,0.2790700494153291,0.06594129,-0.21312876034806072,0.21312876034806072
1WR4.pdb,M36D,35,-0.0178565437712761,-0.027545962,-0.00968941871141471,0.00968941871141471
1WR4.pdb,M36R,35,0.4152741355280299,0.122724965,-0.2925491703133006,0.2925491703133006
1WR4.pdb,M36K,35,0.4788699114275951,0.02368837,-0.45518154106567094,0.45518154106567094
1WR4.pdb,M36T,35,0.1320230627208451,0.09123306,-0.040790002956936716,0.040790002956936716
1WR4.pdb,M36S,35,-0.0223607584399647,-0.07506189,-0.05270112906270559,0.05270112906270559
1WR4.pdb,M36A,35,0.0095812511417572,-0.15356818,-0.16314942955705566,0.16314942955705566
1WR4.pdb,M36G,35,0.1448772666919833,0.059525162,-0.08535210471040067,0.08535210471040067
1WR4.pdb,M36L,35,0.1598026431600661,-0.06557314,-0.22537578413887926,0.22537578413887926
1WR4.pdb,M36V,35,0.0371806513660865,0.029685494,-0.007495157807441255,0.007495157807441255
1WR4.pdb,M36I,35,0.0122441718183405,0.087929904,0.07568573264256648,0.07568573264256648
1WR4.pdb,M36W,35,0.008740143858529,0.0027409755,-0.005999168389178185,0.005999168389178185
1WR4.pdb,M36Y,35,0.2114910583479465,0.06939767,-0.14209338533712038,0.14209338533712038
1WR4.pdb,M36F,35,0.1346519016286878,0.1355562,0.0009043044784518006,0.0009043044784518006
1WR4.pdb,M36P,35,0.3329498370552504,-0.50891054,-0.8418603738213026,0.8418603738213026
2K5P.pdb,M1Q,0,2.137015139435144,1.8182802,-0.3187349194034059,0.3187349194034059
2K5P.pdb,M1E,0,2.459522806540741,2.4151695,-0.044353329077972514,0.044353329077972514
2K5P.pdb,M1N,0,2.266355814442149,2.0520144,-0.2143414635510359,0.2143414635510359
2K5P.pdb,M1H,0,1.7038676835409623,1.8135186,0.10965095983824913,0.10965095983824913
2K5P.pdb,M1D,0,2.234820601494342,2.4433208,0.20850014969584363,0.20850014969584363
2K5P.pdb,M1R,0,1.9705248135379745,1.7913806,-0.17914416969337,0.17914416969337
2K5P.pdb,M1K,0,1.864379437398532,1.8206797,-0.04369977278671566,0.04369977278671566
2K5P.pdb,M1T,0,1.51602968506401,1.7079349,0.1919051713507849,0.1919051713507849
2K5P.pdb,M1S,0,2.220373072794685,1.9425066,-0.27786652105213117,0.27786652105213117
2K5P.pdb,M1A,0,1.969106389286398,1.4586792,-0.510427190067648,0.510427190067648
2K5P.pdb,M1G,0,2.0188451470325237,2.110252,0.09140675650141183,0.09140675650141183
2K5P.pdb,M1L,0,0.0825934705477351,0.6453538,0.5627603235501653,0.5627603235501653
2K5P.pdb,M1V,0,0.7337808683676541,1.0837827,0.350001804514426,0.350001804514426
2K5P.pdb,M1I,0,0.0251726420009115,0.5864174,0.5612447349941752,0.5612447349941752
2K5P.pdb,M1W,0,1.393563401697889,0.73491496,-0.6586484432208688,0.6586484432208688
2K5P.pdb,M1Y,0,1.2986788623491534,0.9093584,-0.3893204801241168,0.3893204801241168
2K5P.pdb,M1F,0,-0.2015091245827074,0.29078948,0.4922986095604296,0.4922986095604296
2K5P.pdb,M1P,0,2.146043938835786,2.3827562,0.23671229437954588,0.23671229437954588
2K5P.pdb,M1C,0,1.0550577702628634,0.5287175,-0.5263402524100802,0.5263402524100802
2K5P.pdb,N2Q,1,-0.0560132216047737,0.094380185,0.15039340661282272,0.15039340661282272
2K5P.pdb,N2E,1,0.9317163837024552,0.42344472,-0.5082716655799729,0.5082716655799729
2K5P.pdb,N2H,1,-0.2846397113345329,0.021012306,0.3056520175479118,0.3056520175479118
2K5P.pdb,N2D,1,1.4984480770779254,0.54421586,-0.9542322190952899,0.9542322190952899
2K5P.pdb,N2R,1,-0.7038065320804545,-0.05652018,0.6472863531663844,0.6472863531663844
2K5P.pdb,N2K,1,-0.3812401313425351,-0.08061473,0.30062540062678345,0.30062540062678345
2K5P.pdb,N2T,1,-0.4597920866831506,-0.029400468,0.43039161881053095,0.43039161881053095
2K5P.pdb,N2S,1,-0.0201565912006871,0.20450467,0.22466125991330307,0.22466125991330307
2K5P.pdb,N2A,1,0.2649268798194581,0.29210275,0.027175874296600233,0.027175874296600233
2K5P.pdb,N2G,1,1.059583455286271,0.6141943,-0.44538918133760164,0.44538918133760164
2K5P.pdb,N2M,1,-0.1433077114561216,0.08346712,0.22677482989818015,0.22677482989818015
2K5P.pdb,N2L,1,0.1550061347038158,0.13974495,-0.01526118238276325,0.01526118238276325
2K5P.pdb,N2V,1,-0.0564074385047503,0.020942628,0.07735006688838678,0.07735006688838678
2K5P.pdb,N2I,1,0.1204019873212502,-0.026350304,-0.14675229180561755,0.14675229180561755
2K5P.pdb,N2W,1,0.0368290490908833,0.10106002,0.06423096885249896,0.06423096885249896
2K5P.pdb,N2Y,1,0.1530788507603304,0.09431951,-0.058759343280662735,0.058759343280662735
2K5P.pdb,N2F,1,0.0956633640624002,0.05392392,-0.04173944426545653,0.04173944426545653
2K5P.pdb,N2P,1,2.228445824750501,1.5029225,-0.7255232898078741,0.7255232898078741
2K5P.pdb,N2C,1,-0.3028439315023568,-0.17703483,0.12580910641576315,0.12580910641576315
2K5P.pdb,L3Q,2,2.190659704159221,2.7889714,0.5983117199435624,0.5983117199435624
2K5P.pdb,L3E,2,2.592503287181862,2.8553941,0.26289083780287914,0.26289083780287914
2K5P.pdb,L3N,2,2.3088440041129905,2.420692,0.11184796289750754,0.11184796289750754
2K5P.pdb,L3H,2,2.0182765158838745,2.4898405,0.47156399162344975,0.47156399162344975
2K5P.pdb,L3D,2,2.383493701567417,2.767254,0.38376041258358384,0.38376041258358384
2K5P.pdb,L3R,2,2.86722199902373,2.6094055,-0.2578164814456052,0.2578164814456052
2K5P.pdb,L3K,2,2.8604174767285597,2.7304509,-0.12996660812199234,0.12996660812199234
2K5P.pdb,L3T,2,2.112484985384924,2.2095,0.09701508900167255,0.09701508900167255
2K5P.pdb,L3S,2,2.285885203821944,2.5108914,0.22500623370857342,0.22500623370857342
2K5P.pdb,L3A,2,1.859316221063062,2.019066,0.1597498742891108,0.1597498742891108
2K5P.pdb,L3G,2,2.4072931690424824,2.141851,-0.2654422207087421,0.2654422207087421
2K5P.pdb,L3M,2,1.49228276298891,0.51303184,-0.9792509226645081,0.9792509226645081
2K5P.pdb,L3V,2,0.6814224078578601,0.63529634,-0.046126063100780046,0.046126063100780046
2K5P.pdb,L3I,2,-0.4462441042408134,0.089191556,0.5354356602176811,0.5354356602176811
2K5P.pdb,L3W,2,1.9715215528691568,2.1841803,0.2126587068354331,0.2126587068354331
2K5P.pdb,L3Y,2,1.9124915398023432,2.0098057,0.09731413951894585,0.09731413951894585
2K5P.pdb,L3F,2,0.8125707148121009,1.2911966,0.4786258698894372,0.4786258698894372
2K5P.pdb,L3P,2,2.41203999415335,2.9200168,0.5079767714411325,0.5079767714411325
2K5P.pdb,L3C,2,1.485775657609732,1.077392,-0.4083836755311798,0.4083836755311798
2K5P.pdb,T4Q,3,1.0169563095408156,0.50286055,-0.5140957634287551,0.5140957634287551
2K5P.pdb,T4E,3,1.7674941789002745,0.79187495,-0.9756192337365477,0.9756192337365477
2K5P.pdb,T4N,3,1.2072784300470845,0.68139684,-0.5258815880442158,0.5258815880442158
2K5P.pdb,T4H,3,0.94088192597013,0.4977113,-0.44317062512021543,0.44317062512021543
2K5P.pdb,T4D,3,1.8526124018478551,1.044133,-0.8084794539261022,0.8084794539261022
2K5P.pdb,T4R,3,0.3827019793782664,0.42171666,0.03901468088288779,0.03901468088288779
2K5P.pdb,T4K,3,0.5046053221439317,0.4186269,-0.08597841765632186,0.08597841765632186
2K5P.pdb,T4S,3,0.8163346650429051,0.5252839,-0.2910507919616978,0.2910507919616978
2K5P.pdb,T4A,3,1.5805145112298762,0.5738648,-1.0066496936105525,1.0066496936105525
2K5P.pdb,T4G,3,1.682480161994681,1.1607643,-0.5217158254086824,0.5217158254086824
2K5P.pdb,T4M,3,-0.1402215859413464,0.23681909,0.37704067440036126,0.37704067440036126
2K5P.pdb,T4L,3,-0.0938570837370718,0.15377417,0.247631255804714,0.247631255804714
2K5P.pdb,T4V,3,0.1015399050435061,0.070186436,-0.03135346886720605,0.03135346886720605
2K5P.pdb,T4I,3,-0.2314530492936799,-0.12923571,0.10221733461968394,0.10221733461968394
2K5P.pdb,T4W,3,-0.0877492614154178,0.07703322,0.16478248313706698,0.16478248313706698
2K5P.pdb,T4Y,3,0.318697104804265,0.1819344,-0.1367627034113283,0.1367627034113283
2K5P.pdb,T4F,3,0.2963172083217538,0.12552884,-0.17078836611098414,0.17078836611098414
2K5P.pdb,T4P,3,2.4385146558074595,1.6622169,-0.7762977540282847,0.7762977540282847
2K5P.pdb,T4C,3,-0.5712804100296127,0.07344124,0.6447216472408401,0.6447216472408401
2K5P.pdb,V5Q,4,2.1073627628572,1.9540439,-0.1533188976533424,0.1533188976533424
2K5P.pdb,V5E,4,2.207437096793621,2.0760276,-0.13140946503397766,0.13140946503397766
2K5P.pdb,V5N,4,2.0442152966845297,1.767651,-0.2765643348086142,0.2765643348086142
2K5P.pdb,V5H,4,1.9725968835336247,1.3965929,-0.5760040280801335,0.5760040280801335
2K5P.pdb,V5D,4,2.29187250707572,2.1489868,-0.1428856906694702,0.1428856906694702
2K5P.pdb,V5R,4,2.473134959340233,1.9406918,-0.5324431306125108,0.5324431306125108
2K5P.pdb,V5K,4,2.171097277532627,1.9527825,-0.21831476582150655,0.21831476582150655
2K5P.pdb,V5T,4,2.1944702908267564,1.4009283,-0.7935420319308824,0.7935420319308824
2K5P.pdb,V5S,4,1.950706191667292,1.8603771,-0.09032911837932822,0.09032911837932822
2K5P.pdb,V5A,4,1.840010401963171,1.3779202,-0.46209025120633496,0.46209025120633496
2K5P.pdb,V5G,4,2.2967259823695967,2.0033245,-0.2934014737026045,0.2934014737026045
2K5P.pdb,V5M,4,1.6096072778677817,1.0365386,-0.5730686769461508,0.5730686769461508
2K5P.pdb,V5L,4,0.7932467635850999,0.73558134,-0.057665425179490803,0.057665425179490803
2K5P.pdb,V5I,4,-0.2800026944438736,-0.022618294,0.25738440068166657,0.25738440068166657
2K5P.pdb,V5W,4,1.600856490247732,1.0926363,-0.5082201434307154,0.5082201434307154
2K5P.pdb,V5Y,4,1.969815039479628,0.9166494,-1.0531656382917314,1.0531656382917314
2K5P.pdb,V5F,4,1.502563624450011,0.8314031,-0.6711605478012987,0.6711605478012987
2K5P.pdb,V5P,4,2.2469067209921567,2.3087611,0.06185439885037258,0.06185439885037258
2K5P.pdb,V5C,4,1.1179485481257312,0.58908534,-0.5288632076258533,0.5288632076258533
2K5P.pdb,N6Q,5,1.562713938590614,1.111635,-0.4510789688793102,0.4510789688793102
2K5P.pdb,N6E,5,2.0600004912921484,1.0899683,-0.9700321675845678,0.9700321675845678
2K5P.pdb,N6H,5,1.8044823086011936,0.9176508,-0.8868314897764256,0.8868314897764256
2K5P.pdb,N6D,5,1.247144753081278,0.8526651,-0.3944796267575781,0.3944796267575781
2K5P.pdb,N6R,5,2.196742160946581,0.8105711,-1.3861710864608021,1.3861710864608021
2K5P.pdb,N6K,5,2.33484110131786,1.1083243,-1.2265168119959604,1.2265168119959604
2K5P.pdb,N6T,5,2.0011582257458085,1.3580362,-0.6431220652767533,0.6431220652767533
2K5P.pdb,N6S,5,1.2618205207897852,1.0425696,-0.21925088349120125,0.21925088349120125
2K5P.pdb,N6A,5,1.5346380080710924,1.3858306,-0.14880736727824573,0.14880736727824573
2K5P.pdb,N6G,5,1.344108032456223,1.55966,0.2155519254295193,0.2155519254295193
2K5P.pdb,N6M,5,1.2590475182908183,0.9315975,-0.3274500470536357,0.3274500470536357
2K5P.pdb,N6L,5,2.01292453507636,1.1212337,-0.8916908333704274,0.8916908333704274
2K5P.pdb,N6V,5,2.114332808424745,1.2288976,-0.8854352368610243,0.8854352368610243
2K5P.pdb,N6I,5,2.1137118540055115,1.2194456,-0.8942662678009827,0.8942662678009827
2K5P.pdb,N6W,5,1.9140454470739392,1.3324668,-0.5815786063299206,0.5815786063299206
2K5P.pdb,N6Y,5,2.115054942236233,1.3651634,-0.7498914967635155,0.7498914967635155
2K5P.pdb,N6F,5,1.777962155833619,1.1970962,-0.5808659272340706,0.5808659272340706
2K5P.pdb,N6P,5,2.207351601198039,2.3927557,0.1854041456433917,0.1854041456433917
2K5P.pdb,N6C,5,-0.1766507668621528,0.5614688,0.7381195469028938,0.7381195469028938
2K5P.pdb,G7Q,6,1.636578037450222,0.7253437,-0.9112343332265891,0.9112343332265891
2K5P.pdb,G7E,6,1.9842279702117207,0.95246196,-1.0317660122802021,1.0317660122802021
2K5P.pdb,G7N,6,1.4538894603718058,0.42221898,-1.031670481966807,1.031670481966807
2K5P.pdb,G7H,6,1.2511577986087443,0.7089858,-0.5421719930972697,0.5421719930972697
2K5P.pdb,G7D,6,1.8609739942597363,0.70712936,-1.153844635014436,1.153844635014436
2K5P.pdb,G7R,6,1.2770818856002468,0.82856375,-0.4485181358100552,0.4485181358100552
2K5P.pdb,G7K,6,1.231495981359955,0.75835013,-0.47314584746408106,0.47314584746408106
2K5P.pdb,G7T,6,2.007529104619421,1.1413715,-0.866157616048254,0.866157616048254
2K5P.pdb,G7S,6,1.5331724024474045,0.8070293,-0.7261430955588242,0.7261430955588242
2K5P.pdb,G7A,6,1.7873320662659782,0.93897617,-0.8483558976334709,0.8483558976334709
2K5P.pdb,G7M,6,1.7651294474694548,0.81295216,-0.9521772866341887,0.9521772866341887
2K5P.pdb,G7L,6,1.884558499843472,0.8146442,-1.069914282352322,1.069914282352322
2K5P.pdb,G7V,6,2.139288927751096,1.314952,-0.824336911874326,0.824336911874326
2K5P.pdb,G7I,6,1.8139426997802803,1.2737912,-0.5401515058181832,0.5401515058181832
2K5P.pdb,G7W,6,1.7255665509077842,0.9431381,-0.7824284283491905,0.7824284283491905
2K5P.pdb,G7Y,6,1.8128229756548444,0.8997338,-0.9130891938402692,0.9130891938402692
2K5P.pdb,G7F,6,1.617065226699876,0.78099465,-0.8360705729980937,0.8360705729980937
2K5P.pdb,G7P,6,2.167537067436366,1.6684644,-0.49907264521041395,0.49907264521041395
2K5P.pdb,G7C,6,0.720097889794773,0.33156025,-0.3885376356977881,0.3885376356977881
2K5P.pdb,K8Q,7,0.2404992421928593,0.035672426,-0.20482681596910443,0.20482681596910443
2K5P.pdb,K8E,7,0.4188409240570174,0.34598333,-0.07285759762192828,0.07285759762192828
2K5P.pdb,K8N,7,0.5714781182553907,0.42654768,-0.14493044193054638,0.14493044193054638
2K5P.pdb,K8H,7,0.3031899354383776,0.26906207,-0.034127863399727065,0.034127863399727065
2K5P.pdb,K8D,7,1.2272596185307336,0.7128165,-0.5144431417088342,0.5144431417088342
2K5P.pdb,K8R,7,0.030130514031021,0.10375799,0.07362747835579693,0.07362747835579693
2K5P.pdb,K8T,7,0.5163649597128304,0.2725969,-0.2437680640180977,0.2437680640180977
2K5P.pdb,K8S,7,0.69606736252192,0.4100532,-0.2860141689527367,0.2860141689527367
2K5P.pdb,K8A,7,0.5856136261192981,0.17105651,-0.4145571171013538,0.4145571171013538
2K5P.pdb,K8G,7,1.5115693684307607,0.7050638,-0.8065055485455068,0.8065055485455068
2K5P.pdb,K8M,7,0.1461606745002406,0.055984885,-0.09017578999973705,0.09017578999973705
2K5P.pdb,K8L,7,0.2073387694296569,0.09218812,-0.11515064954135124,0.11515064954135124
2K5P.pdb,K8V,7,-0.1492294314894495,0.15469822,0.3039276543650446,0.3039276543650446
2K5P.pdb,K8I,7,-0.0994354801460879,0.07446349,0.17389896681753564,0.17389896681753564
2K5P.pdb,K8W,7,0.2553799782531669,0.3784259,0.12304591791458824,0.12304591791458824
2K5P.pdb,K8Y,7,0.2546991761132808,0.33356738,0.07886820479187057,0.07886820479187057
2K5P.pdb,K8F,7,0.2564723384458598,0.33909187,0.08261952876262102,0.08261952876262102
2K5P.pdb,K8P,7,2.179210742548264,1.7387569,-0.44045384748295646,0.44045384748295646
2K5P.pdb,K8C,7,-0.7873547234718168,-0.015640676,0.7717140474502409,0.7717140474502409
2K5P.pdb,P9Q,8,0.6359051771241464,0.25668254,-0.37922263217747587,0.37922263217747587
2K5P.pdb,P9E,8,0.8064114811656484,0.28176397,-0.5246475103137502,0.5246475103137502
2K5P.pdb,P9N,8,0.8295856250741891,0.36674115,-0.4628444744565896,0.4628444744565896
2K5P.pdb,P9H,8,0.373944823453189,0.264565,-0.10937983245587457,0.10937983245587457
2K5P.pdb,P9D,8,1.0613314298725405,0.45834577,-0.602985659036664,0.602985659036664
2K5P.pdb,P9R,8,0.3727179940831622,0.29586917,-0.07684882246374691,0.07684882246374691
2K5P.pdb,P9K,8,0.3312128622251498,0.16207004,-0.16914282629070154,0.16914282629070154
2K5P.pdb,P9T,8,0.605430042275108,0.2508996,-0.354530429371513,0.354530429371513
2K5P.pdb,P9S,8,0.6878941725785768,0.22345424,-0.46443993559432384,0.46443993559432384
2K5P.pdb,P9A,8,0.424811297665443,-0.01177074,-0.43658203781684835,0.43658203781684835
2K5P.pdb,P9G,8,1.267794038039782,0.35830003,-0.9094940078083062,0.9094940078083062
2K5P.pdb,P9M,8,0.4108206943935695,0.15107426,-0.25974643392031815,0.25974643392031815
2K5P.pdb,P9L,8,0.178197689485827,0.06287596,-0.11532173318890623,0.11532173318890623
2K5P.pdb,P9V,8,0.5723310076124604,0.09765341,-0.4746775962836678,0.4746775962836678
2K5P.pdb,P9I,8,0.5014744572413639,0.11346971,-0.38800474480516467,0.38800474480516467
2K5P.pdb,P9W,8,0.0102384434170734,0.07708213,0.06684368391561397,0.06684368391561397
2K5P.pdb,P9Y,8,0.529242048512796,0.20358038,-0.325661669026712,0.325661669026712
2K5P.pdb,P9F,8,0.4195718630610119,0.20336859,-0.21620327377897608,0.21620327377897608
2K5P.pdb,P9C,8,0.0226103067599607,-0.019952133,-0.04256244005788093,0.04256244005788093
2K5P.pdb,S10Q,9,-0.6814796578914071,-0.061578676,0.6199009817868615,0.6199009817868615
2K5P.pdb,S10E,9,-0.2989937678583825,0.24064592,0.5396396831282342,0.5396396831282342
2K5P.pdb,S10N,9,0.3831435282792279,0.35218254,-0.030960990961951873,0.030960990961951873
2K5P.pdb,S10H,9,-1.1824174255319249,-0.19987689,0.9825405359454762,0.9825405359454762
2K5P.pdb,S10D,9,1.1748663182688537,0.6871004,-0.4877659078074279,0.4877659078074279
2K5P.pdb,S10R,9,-0.809073349850709,-0.044368804,0.7647045463495799,0.7647045463495799
2K5P.pdb,S10K,9,-0.4691671410937035,0.0277915,0.49695864118525623,0.49695864118525623
2K5P.pdb,S10T,9,-1.36412190162702,-0.37521175,0.9889101561264555,0.9889101561264555
2K5P.pdb,S10A,9,-0.7047301089827678,-0.14013942,0.5645906931225917,0.5645906931225917
2K5P.pdb,S10G,9,0.8984601243943393,0.5960357,-0.30242440547649263,0.30242440547649263
2K5P.pdb,S10M,9,-1.7045965930041964,-0.4629266,1.2416699966010745,1.2416699966010745
2K5P.pdb,S10L,9,-1.6874106200540764,-0.44067836,1.2467322619760735,1.2467322619760735
2K5P.pdb,S10V,9,-2.107753041108705,-0.7502785,1.3574745682083145,1.3574745682083145
2K5P.pdb,S10I,9,-2.0637081802215587,-0.8875277,1.176180475982667,1.176180475982667
2K5P.pdb,S10W,9,-1.8075178456972747,-0.54559654,1.261921305723062,1.261921305723062
2K5P.pdb,S10Y,9,-2.015251959261546,-0.65700555,1.358246410784373,1.358246410784373
2K5P.pdb,S10F,9,-2.176710518824297,-0.59831154,1.5783989753596361,1.5783989753596361
2K5P.pdb,S10P,9,2.104083645577982,1.1971499,-0.9069337727981357,0.9069337727981357
2K5P.pdb,S10C,9,-1.5885005730986723,-0.7170662,0.8714343447089323,0.8714343447089323
2K5P.pdb,T11Q,10,0.1149464767269021,0.51420546,0.3992589790531272,0.3992589790531272
2K5P.pdb,T11E,10,1.061348779764575,0.93991244,-0.12143634137193593,0.12143634137193593
2K5P.pdb,T11N,10,0.5799997568029136,0.73086834,0.15086858273566062,0.15086858273566062
2K5P.pdb,T11H,10,-0.7765849325040408,0.5310891,1.307674059567792,1.307674059567792
2K5P.pdb,T11D,10,1.617150475200693,1.2719014,-0.34524910610584447,0.34524910610584447
2K5P.pdb,T11R,10,-1.1641908116210762,0.32692337,1.4911141819824043,1.4911141819824043
2K5P.pdb,T11K,10,-0.4112338328688838,0.3374395,0.7486733401149013,0.7486733401149013
2K5P.pdb,T11S,10,0.4077218114324656,0.50671124,0.09898943315066427,0.09898943315066427
2K5P.pdb,T11A,10,0.6149940857771627,0.7018993,0.08690520430767612,0.08690520430767612
2K5P.pdb,T11G,10,1.2022735184870956,1.1655428,-0.036730677529454026,0.036730677529454026
2K5P.pdb,T11M,10,0.2164527489427348,0.4309679,0.21451514823400775,0.21451514823400775
2K5P.pdb,T11L,10,0.1760766012527503,0.4550135,0.2789369123123132,0.2789369123123132
2K5P.pdb,T11V,10,-0.133224595280351,0.11707148,0.2502960748392957,0.2502960748392957
2K5P.pdb,T11I,10,-0.2242187216099886,0.05914235,0.28336107276050126,0.28336107276050126
2K5P.pdb,T11W,10,-1.3501400776996082,0.49360365,1.8437437244548267,1.8437437244548267
2K5P.pdb,T11Y,10,-1.4276172397145768,0.40359825,1.8312154886731644,1.8312154886731644
2K5P.pdb,T11F,10,-1.1838142505299611,0.3816963,1.5655105641495748,1.5655105641495748
2K5P.pdb,T11P,10,1.0846787141071523,1.7055426,0.6208638502849375,0.6208638502849375
2K5P.pdb,T11C,10,-0.2472756929461841,0.23132977,0.478605461842287,0.478605461842287
2K5P.pdb,V12Q,11,1.8654570312736996,1.8276777,-0.03777930452809408,0.03777930452809408
2K5P.pdb,V12E,11,2.1395110016334606,1.7599401,-0.3795708542335583,0.3795708542335583
2K5P.pdb,V12N,11,2.185727965298786,1.6348097,-0.5509182328616524,0.5509182328616524
2K5P.pdb,V12H,11,1.4947598829852515,1.3883529,-0.10640701204408942,0.10640701204408942
2K5P.pdb,V12D,11,2.125377984789294,1.9285952,-0.19678279950944777,0.19678279950944777
2K5P.pdb,V12R,11,1.834805486567725,1.8474604,0.012654902569543047,0.012654902569543047
2K5P.pdb,V12K,11,2.288260889049893,1.8453505,-0.4429103851283842,0.4429103851283842
2K5P.pdb,V12T,11,1.7360275282327928,1.4486146,-0.2874129309122362,0.2874129309122362
2K5P.pdb,V12S,11,2.166279394955913,1.8618237,-0.30445571693925055,0.30445571693925055
2K5P.pdb,V12A,11,1.9423282865654428,1.4672418,-0.47508652249683925,0.47508652249683925
2K5P.pdb,V12G,11,2.115947743726328,1.9416325,-0.1743152344947605,0.1743152344947605
2K5P.pdb,V12M,11,0.8607856392770183,0.8617627,0.000977063188039029,0.000977063188039029
2K5P.pdb,V12L,11,0.1731514013440098,0.5621123,0.3889608704417263,0.3889608704417263
2K5P.pdb,V12I,11,-0.5390247251107918,-0.2696314,0.26939333930756915,0.26939333930756915
2K5P.pdb,V12W,11,0.3764040616355624,1.0131602,0.6367561670936857,0.6367561670936857
2K5P.pdb,V12Y,11,0.5420817283436616,0.9266975,0.38461576425582567,0.38461576425582567
2K5P.pdb,V12F,11,0.0724540197414866,0.7523884,0.6799343979793081,0.6799343979793081
2K5P.pdb,V12P,11,2.018680556761105,1.8531954,-0.16548512791283843,0.16548512791283843
2K5P.pdb,V12C,11,0.5633680095079452,0.6362243,0.07285631996364295,0.07285631996364295
2K5P.pdb,D13Q,12,-0.4325682359734211,0.0007132292,0.4332814651528034,0.4332814651528034
2K5P.pdb,D13E,12,-0.3067672280921725,-0.073729716,0.23303751185081278,0.23303751185081278
2K5P.pdb,D13N,12,-0.2362260816489874,0.0060495585,0.24227564016930447,0.24227564016930447
2K5P.pdb,D13H,12,-0.8847074450962915,-0.0801657,0.8045417459719553,0.8045417459719553
2K5P.pdb,D13R,12,-0.4472054087226551,0.07858059,0.5257859968249958,0.5257859968249958
2K5P.pdb,D13K,12,-0.5522711878716562,-0.05977064,0.4925005478858564,0.4925005478858564
2K5P.pdb,D13T,12,-0.3744945817345897,-0.13237047,0.242124109780244,0.242124109780244
2K5P.pdb,D13S,12,-0.4254339354227769,-0.09308727,0.3323466645668733,0.3323466645668733
2K5P.pdb,D13A,12,-0.4870294649985869,-0.22153531,0.2654941548493941,0.2654941548493941
2K5P.pdb,D13G,12,0.1695545131091034,0.09204145,-0.07751306535042879,0.07751306535042879
2K5P.pdb,D13M,12,-0.694544337131521,-0.067614965,0.6269293719907014,0.6269293719907014
2K5P.pdb,D13L,12,-0.7949487626331222,-0.16480657,0.6301421880500686,0.6301421880500686
2K5P.pdb,D13V,12,-0.6334995568199986,-0.18614843,0.44735112194260296,0.44735112194260296
2K5P.pdb,D13I,12,-0.6554523455009083,-0.13848399,0.5169683592424015,0.5169683592424015
2K5P.pdb,D13W,12,-1.2812230591806646,-0.25372827,1.027494788649964,1.027494788649964
2K5P.pdb,D13Y,12,-1.3416133480305632,-0.14350264,1.1981107102866133,1.1981107102866133
2K5P.pdb,D13F,12,-1.09803427914018,-0.13248327,0.9655510053955969,0.9655510053955969
2K5P.pdb,D13P,12,-0.4865946363875801,0.024713084,0.5113077204892571,0.5113077204892571
2K5P.pdb,D13C,12,-1.0610466442309177,-0.32889855,0.7321480951510226,0.7321480951510226
2K5P.pdb,G14Q,13,0.8012579145818552,0.72247446,-0.07878345874842019,0.07878345874842019
2K5P.pdb,G14E,13,1.265109705915988,0.83704126,-0.42806844710403724,0.42806844710403724
2K5P.pdb,G14N,13,0.463639991066513,0.36225036,-0.10138963320022576,0.10138963320022576
2K5P.pdb,G14H,13,0.40398110591256,0.59421813,0.19023702896750594,0.19023702896750594
2K5P.pdb,G14D,13,0.9694057812273232,0.5755513,-0.3938545097887246,0.3938545097887246
2K5P.pdb,G14R,13,0.6012747201682684,0.8710636,0.2697888698814752,0.2697888698814752
2K5P.pdb,G14K,13,0.7923650343194608,0.75013846,-0.04222657272964758,0.04222657272964758
2K5P.pdb,G14T,13,0.4379572469718784,0.8780728,0.44011555128022734,0.44011555128022734
2K5P.pdb,G14S,13,0.4865860153090948,0.67078125,0.1841952394592768,0.1841952394592768
2K5P.pdb,G14A,13,0.4272831428740011,0.83605003,0.40876689069533484,0.40876689069533484
2K5P.pdb,G14M,13,0.4463211027646858,0.74392056,0.2975994618868035,0.2975994618868035
2K5P.pdb,G14L,13,0.7098312466728309,0.7279105,0.018079271973409305,0.018079271973409305
2K5P.pdb,G14V,13,0.3913606957181681,1.0440279,0.6526672288194906,0.6526672288194906
2K5P.pdb,G14I,13,0.5392586256392176,1.0200891,0.4808305238358801,0.4808305238358801
2K5P.pdb,G14W,13,-0.5504811469055246,0.72448236,1.2749635044075083,1.2749635044075083
2K5P.pdb,G14Y,13,0.008036163892509,0.652344,0.64430782452607,0.64430782452607
2K5P.pdb,G14F,13,-0.11499785452146,0.5528113,0.6678091791178651,0.6678091791178651
2K5P.pdb,G14P,13,1.5151864458250328,1.4626901,-0.05249633085005723,0.05249633085005723
2K5P.pdb,G14C,13,0.1490368873775742,0.20954001,0.06050312212102199,0.06050312212102199
2K5P.pdb,A15Q,14,0.5411873626305304,0.2725817,-0.2686056661202154,0.2686056661202154
2K5P.pdb,A15E,14,0.8984740223471479,0.61464244,-0.2838315810744123,0.2838315810744123
2K5P.pdb,A15N,14,0.6748760680526216,0.3981985,-0.2766775826781709,0.2766775826781709
2K5P.pdb,A15H,14,-0.227799758834843,-0.13518274,0.09261702053070481,0.09261702053070481
2K5P.pdb,A15D,14,1.156927570598283,0.91812164,-0.23880593468443423,0.23880593468443423
2K5P.pdb,A15R,14,-0.2612501071690571,0.20558801,0.4668381201027882,0.4668381201027882
2K5P.pdb,A15K,14,-0.1435806205704084,0.11526859,0.2588492086365095,0.2588492086365095
2K5P.pdb,A15T,14,0.2153983098878908,0.2774768,0.06207847767924787,0.06207847767924787
2K5P.pdb,A15S,14,0.511010447552743,0.35685524,-0.1541552041083003,0.1541552041083003
2K5P.pdb,A15G,14,0.541987427439464,0.5535641,0.011576644215809395,0.011576644215809395
2K5P.pdb,A15M,14,0.1778335451931711,-0.07527226,-0.2531058072895761,0.2531058072895761
2K5P.pdb,A15L,14,0.3151755388580679,-0.115280986,-0.4304565246902823,0.4304565246902823
2K5P.pdb,A15V,14,-0.6023043586271091,-0.22905484,0.3732495202081485,0.3732495202081485
2K5P.pdb,A15I,14,0.0808396135830298,-0.21251744,-0.2933570539020911,0.2933570539020911
2K5P.pdb,A15W,14,-0.2387948537464828,-0.16853604,0.07025881653983301,0.07025881653983301
2K5P.pdb,A15Y,14,-0.7724629952669977,-0.34443998,0.42802301189907777,0.42802301189907777
2K5P.pdb,A15F,14,-0.628378956982476,-0.20331895,0.4250600034683769,0.4250600034683769
2K5P.pdb,A15P,14,0.3998616725802248,0.988391,0.5885293095708066,0.5885293095708066
2K5P.pdb,A15C,14,-0.3029786554792784,-0.42453748,-0.12155882439819354,0.12155882439819354
2K5P.pdb,E16Q,15,-0.2640883233236906,0.012653723,0.27674204668279856,0.27674204668279856
2K5P.pdb,E16N,15,-0.2017058144988066,0.084139235,0.28584504981651365,0.28584504981651365
2K5P.pdb,E16H,15,-0.2517238227408489,0.062458817,0.3141826396565994,0.3141826396565994
2K5P.pdb,E16D,15,0.0283435473595154,0.038554776,0.010211229100416927,0.010211229100416927
2K5P.pdb,E16R,15,-0.0394901761881016,0.11242676,0.1519169340006016,0.1519169340006016
2K5P.pdb,E16K,15,-0.4209709044250926,-0.027440228,0.39353067685694304,0.39353067685694304
2K5P.pdb,E16T,15,-0.7005483905646721,-0.07949872,0.6210496674153725,0.6210496674153725
2K5P.pdb,E16S,15,-0.4164890033592394,-0.049495757,0.36699324673311023,0.36699324673311023
2K5P.pdb,E16A,15,-0.2354350484871914,-0.09681098,0.13862406685591241,0.13862406685591241
2K5P.pdb,E16G,15,0.0788575628191452,0.1365373,0.057679735740997315,0.057679735740997315
2K5P.pdb,E16M,15,-0.3690667551007878,-0.0076651424,0.36140161268383375,0.36140161268383375
2K5P.pdb,E16L,15,-0.386134214895546,-0.03787355,0.3482606636460419,0.3482606636460419
2K5P.pdb,E16V,15,-0.3898653036196671,0.03892772,0.42879302261666874,0.42879302261666874
2K5P.pdb,E16I,15,-0.3780915495764749,0.03655811,0.4146496598433988,0.4146496598433988
2K5P.pdb,E16W,15,-0.819949366091782,0.013809584,0.833758950172955,0.833758950172955
2K5P.pdb,E16Y,15,-0.5405584631933547,0.06727913,0.6078375934137679,0.6078375934137679
2K5P.pdb,E16F,15,-0.6243525635001972,0.09503153,0.7193840931651905,0.7193840931651905
2K5P.pdb,E16P,15,0.250074832824553,0.49188912,0.2418142863237014,0.2418142863237014
2K5P.pdb,E16C,15,-0.243118501197598,-0.2073193,0.03579919685055974,0.03579919685055974
2K5P.pdb,S17Q,16,0.280505789684391,0.00925827,-0.2712475194207191,0.2712475194207191
2K5P.pdb,S17E,16,0.389116513835499,0.13863914,-0.2504773766866419,0.2504773766866419
2K5P.pdb,S17N,16,0.528590021122556,0.5175312,-0.011058804977994274,0.011058804977994274
2K5P.pdb,S17H,16,0.3806876896851312,0.17405032,-0.20663737347056976,0.20663737347056976
2K5P.pdb,S17D,16,1.2571878855236736,0.69774544,-0.5594424431332317,0.5594424431332317
2K5P.pdb,S17R,16,0.1534713892846029,0.3245756,0.17110421372366735,0.17110421372366735
2K5P.pdb,S17K,16,0.2967159123424014,0.22825691,-0.068459001303049,0.068459001303049
2K5P.pdb,S17T,16,-0.0315775921685155,-0.06481539,-0.03323779496126813,0.03323779496126813
2K5P.pdb,S17A,16,0.479074530753826,0.02530916,-0.45376537040207277,0.45376537040207277
2K5P.pdb,S17G,16,0.5155102810085701,0.61277306,0.09726277979007492,0.09726277979007492
2K5P.pdb,S17M,16,0.2124039091432195,-0.12991269,-0.34231659847141316,0.34231659847141316
2K5P.pdb,S17L,16,0.4472237283755662,0.11598908,-0.3312346468140008,0.3312346468140008
2K5P.pdb,S17V,16,0.1202762716758485,0.026674673,-0.09360159871461346,0.09360159871461346
2K5P.pdb,S17I,16,0.2040756198273889,0.0028337687,-0.2012418511019937,0.2012418511019937
2K5P.pdb,S17W,16,0.0885495404226714,0.09695338,0.008403836704976006,0.008403836704976006
2K5P.pdb,S17Y,16,0.1404157871415976,0.055517167,-0.08489862028864656,0.08489862028864656
2K5P.pdb,S17F,16,-0.1276187305372413,0.029028371,0.15664710151368935,0.15664710151368935
2K5P.pdb,S17P,16,0.6164340349340169,1.5965433,0.980109277138737,0.980109277138737
2K5P.pdb,S17C,16,0.0852363552237633,-0.3158489,-0.4010852421904686,0.4010852421904686
2K5P.pdb,L18Q,17,1.959353106457648,1.8978295,-0.061523573834356915,0.061523573834356915
2K5P.pdb,L18E,17,2.2882499971334878,2.5484173,0.26016733265472025,0.26016733265472025
2K5P.pdb,L18N,17,2.287633170861555,2.08346,-0.2041730783169995,0.2041730783169995
2K5P.pdb,L18H,17,1.9169090071693824,1.6360505,-0.2808585444466041,0.2808585444466041
2K5P.pdb,L18D,17,2.571559000886469,2.6655722,0.09401316555640227,0.09401316555640227
2K5P.pdb,L18R,17,1.34195756444061,1.8851407,0.5431830929843167,0.5431830929843167
2K5P.pdb,L18K,17,1.7207292015383082,1.8685577,0.14782849003578846,0.14782849003578846
2K5P.pdb,L18T,17,1.6415182594537092,1.6021322,-0.03938605825894603,0.03938605825894603
2K5P.pdb,L18S,17,1.8978977463014328,2.0841594,0.18626162793562773,0.18626162793562773
2K5P.pdb,L18A,17,1.8582774765642596,1.4499166,-0.4083608753832293,0.4083608753832293
2K5P.pdb,L18G,17,2.175794500167011,2.1388323,-0.036962169463275796,0.036962169463275796
2K5P.pdb,L18M,17,-0.5022512509707844,-0.09228897,0.40996228002351875,0.40996228002351875
2K5P.pdb,L18V,17,0.97606516738657,0.609198,-0.3668671931815529,0.3668671931815529
2K5P.pdb,L18I,17,0.3813172170543213,0.3204497,-0.06086750716204836,0.06086750716204836
2K5P.pdb,L18W,17,0.8587464082673584,0.7937349,-0.0650115001634155,0.0650115001634155
2K5P.pdb,L18Y,17,0.8241663339047522,0.73518145,-0.08898488306094121,0.08898488306094121
2K5P.pdb,L18F,17,0.6391597010878187,0.45947415,-0.17968555472169934,0.17968555472169934
2K5P.pdb,L18P,17,1.94851940133749,2.7473493,0.7988298609000588,0.7988298609000588
2K5P.pdb,L18C,17,0.2954582533956476,0.27183437,-0.02362387992152648,0.02362387992152648
2K5P.pdb,N19Q,18,1.5983814652668071,1.3641517,-0.23422974903450733,0.23422974903450733
2K5P.pdb,N19E,18,2.1981336500493662,1.2269436,-0.9711900379506724,0.9711900379506724
2K5P.pdb,N19H,18,1.6654557618245365,1.1144054,-0.5510503682240726,0.5510503682240726
2K5P.pdb,N19D,18,1.91091800134671,0.29090118,-1.6200168172646787,1.6200168172646787
2K5P.pdb,N19R,18,1.078530157834257,1.1329764,0.05444625493887534,0.05444625493887534
2K5P.pdb,N19K,18,0.9435625081798436,1.3264439,0.38288140241891133,0.38288140241891133
2K5P.pdb,N19T,18,-1.1863852449537535,-0.30459356,0.8817916818739195,0.8817916818739195
2K5P.pdb,N19S,18,-0.7792700330134297,-0.11129081,0.6679792205210591,0.6679792205210591
2K5P.pdb,N19A,18,1.38255567101691,1.0693126,-0.31324309853766197,0.31324309853766197
2K5P.pdb,N19G,18,1.978631047241548,1.1322906,-0.8463404455112014,0.8463404455112014
2K5P.pdb,N19M,18,1.1791351124963207,1.4206432,0.24150809791475103,0.24150809791475103
2K5P.pdb,N19L,18,0.9275017386086905,1.4275969,0.5000951880804575,0.5000951880804575
2K5P.pdb,N19V,18,1.3849638640556567,1.1692837,-0.21568011638262208,0.21568011638262208
2K5P.pdb,N19I,18,1.6170178762287504,1.4137981,-0.203219782432974,0.203219782432974
2K5P.pdb,N19W,18,1.681235570500188,1.6022916,-0.07894398648529544,0.07894398648529544
2K5P.pdb,N19Y,18,1.0338519004039843,1.4755085,0.44165655105780766,0.44165655105780766
2K5P.pdb,N19F,18,0.8093444203503619,1.5126846,0.7033401633135785,0.7033401633135785
2K5P.pdb,N19P,18,1.7170683732311225,1.6550009,-0.06206744816703558,0.06206744816703558
2K5P.pdb,N19C,18,0.7033680900675263,0.7381401,0.034772016133645556,0.034772016133645556
2K5P.pdb,V20Q,19,2.4071553510972725,2.1339502,-0.27320511763779987,0.27320511763779987
2K5P.pdb,V20E,19,2.426025286721747,2.3212905,-0.10473479371027228,0.10473479371027228
2K5P.pdb,V20N,19,2.449893649831396,2.2462888,-0.20360487343369105,0.20360487343369105
2K5P.pdb,V20H,19,2.2842015780904608,1.7848823,-0.49931927103784846,0.49931927103784846
2K5P.pdb,V20D,19,2.5451567524631598,2.4199638,-0.12519291579323788,0.12519291579323788
2K5P.pdb,V20R,19,2.2318147934756736,2.2624097,0.030594893566562753,0.030594893566562753
2K5P.pdb,V20K,19,3.0819858615736506,2.1025317,-0.9794541900496028,0.9794541900496028
2K5P.pdb,V20T,19,2.3273177883930334,1.6762532,-0.6510645888157018,0.6510645888157018
2K5P.pdb,V20S,19,2.099205072127232,2.0688124,-0.030392701826939206,0.030392701826939206
2K5P.pdb,V20A,19,2.0774628963050668,1.2133138,-0.8641490783271615,0.8641490783271615
2K5P.pdb,V20G,19,2.283537476659373,2.0564678,-0.22706970512922142,0.22706970512922142
2K5P.pdb,V20M,19,0.2558335438682526,0.8672379,0.6114043816612273,0.6114043816612273
2K5P.pdb,V20L,19,0.876642249540071,0.45696294,-0.41967930646298357,0.41967930646298357
2K5P.pdb,V20I,19,-0.2995941636047528,-0.094403744,0.2051904198608563,0.2051904198608563
2K5P.pdb,V20W,19,2.0732374572747667,1.2418728,-0.8313646697991808,0.8313646697991808
2K5P.pdb,V20Y,19,1.9056914759630503,1.1751697,-0.7305217696184458,0.7305217696184458
2K5P.pdb,V20F,19,1.1218995469750803,0.97959894,-0.1423006075562876,0.1423006075562876
2K5P.pdb,V20P,19,2.552865041437513,2.1559937,-0.3968713414100473,0.3968713414100473
2K5P.pdb,V20C,19,1.5453714421507458,0.7023053,-0.843066125225697,0.843066125225697
2K5P.pdb,T21Q,20,0.9201120739004912,0.9100162,-0.01009589481571338,0.01009589481571338
2K5P.pdb,T21E,20,1.457520665923659,1.3674575,-0.09006315688282651,0.09006315688282651
2K5P.pdb,T21N,20,0.1827037544227154,0.76260924,0.579905488970229,0.579905488970229
2K5P.pdb,T21H,20,0.5419708974129012,1.0696356,0.5276647322410295,0.5276647322410295
2K5P.pdb,T21D,20,1.5984288446609698,1.4195522,-0.17887663766786677,0.17887663766786677
2K5P.pdb,T21R,20,0.3618127121249239,0.41385216,0.05203944308366376,0.05203944308366376
2K5P.pdb,T21K,20,0.6932265550853709,0.594596,-0.098630526757429,0.098630526757429
2K5P.pdb,T21S,20,0.3575799310333569,0.40325853,0.04567860125233342,0.04567860125233342
2K5P.pdb,T21A,20,0.6542032180167949,0.70719343,0.05299021622163891,0.05299021622163891
2K5P.pdb,T21G,20,1.3509156658571566,1.3439527,-0.006963010064920283,0.006963010064920283
2K5P.pdb,T21M,20,0.6989294448055383,0.7875888,0.08865933035239015,0.08865933035239015
2K5P.pdb,T21L,20,0.44601753380649,0.8456453,0.39962777468807786,0.39962777468807786
2K5P.pdb,T21V,20,0.8898391727357857,0.6540757,-0.2357634905725472,0.2357634905725472
2K5P.pdb,T21I,20,0.7434148219250218,0.6649588,-0.07845604688153429,0.07845604688153429
2K5P.pdb,T21W,20,-0.6773650638950337,1.3096995,1.9870645992649068,1.9870645992649068
2K5P.pdb,T21Y,20,0.3778854585971158,1.1895714,0.8116859220181185,0.8116859220181185
2K5P.pdb,T21F,20,0.6519377679165856,1.1557776,0.5038398056689246,0.5038398056689246
2K5P.pdb,T21P,20,1.9344897236836835,2.7343013,0.7998116049753741,0.7998116049753741
2K5P.pdb,T21C,20,0.1345819622033968,0.58393633,0.44935437145291424,0.44935437145291424
2K5P.pdb,E22Q,21,-0.3310215233494498,-0.2607783,0.0702432154347159,0.0702432154347159
2K5P.pdb,E22N,21,0.6149069384808303,1.0014511,0.3865441962008713,0.3865441962008713
2K5P.pdb,E22H,21,1.0620549045834171,0.6736123,-0.3884426080021488,0.3884426080021488
2K5P.pdb,E22D,21,0.5326468449799104,0.81041145,0.2777646082671599,0.2777646082671599
2K5P.pdb,E22R,21,0.4185849545544569,0.4511998,0.03261484522162039,0.03261484522162039
2K5P.pdb,E22K,21,0.373621182202732,0.16350955,-0.2101116344923133,0.2101116344923133
2K5P.pdb,E22T,21,0.5896903684878123,0.5045975,-0.0850928834223521,0.0850928834223521
2K5P.pdb,E22S,21,0.5333155361199429,0.48585403,-0.047461506464486325,0.047461506464486325
2K5P.pdb,E22A,21,0.1644508449883162,-0.05377859,-0.21822943376013626,0.21822943376013626
2K5P.pdb,E22G,21,0.4633289112485155,0.8244612,0.3611323104464308,0.3611323104464308
2K5P.pdb,E22M,21,0.1304238534962798,0.085369825,-0.04505402813312062,0.04505402813312062
2K5P.pdb,E22L,21,0.5315259226474267,0.35486245,-0.17666347109408198,0.17666347109408198
2K5P.pdb,E22V,21,1.3453198433664686,0.37253606,-0.9727837801721937,0.9727837801721937
2K5P.pdb,E22I,21,1.390909440619147,0.28817958,-1.1027298642222048,1.1027298642222048
2K5P.pdb,E22W,21,0.9513304072750364,0.8308301,-0.12050031007655004,0.12050031007655004
2K5P.pdb,E22Y,21,1.2171631052874732,0.73656374,-0.48059936312667606,0.48059936312667606
2K5P.pdb,E22F,21,1.1876901050370905,0.6520189,-0.5356712003511164,0.5356712003511164
2K5P.pdb,E22P,21,2.594167568194669,2.3789816,-0.2151859779236731,0.2151859779236731
2K5P.pdb,E22C,21,0.3700520454050977,0.1960657,-0.17398635131139345,0.17398635131139345
2K5P.pdb,L23Q,22,2.5416135284316344,2.4662046,-0.07540888518212263,0.07540888518212263
2K5P.pdb,L23E,22,2.453931740707849,2.5473518,0.09342009645035398,0.09342009645035398
2K5P.pdb,L23N,22,2.4948772187884907,2.407104,-0.08777320343814887,0.08777320343814887
2K5P.pdb,L23H,22,2.51470527038328,2.0488808,-0.4658244548772985,0.4658244548772985
2K5P.pdb,L23D,22,2.4313311960034314,2.4920964,0.06076522809935181,0.06076522809935181
2K5P.pdb,L23R,22,2.5411074564076324,2.3457427,-0.1953647539235015,0.1953647539235015
2K5P.pdb,L23K,22,2.480250249884863,2.3661988,-0.11405147173239705,0.11405147173239705
2K5P.pdb,L23T,22,1.936772368884582,1.9977751,0.06100270893524229,0.06100270893524229
2K5P.pdb,L23S,22,2.458796827225272,2.4282706,-0.030526248840872405,0.030526248840872405
2K5P.pdb,L23A,22,1.9967928071695429,1.8539742,-0.14281858403264103,0.14281858403264103
2K5P.pdb,L23G,22,2.472363478399859,2.3806076,-0.09175587341939018,0.09175587341939018
2K5P.pdb,L23M,22,1.2753742502167962,0.7954721,-0.47990216474087455,0.47990216474087455
2K5P.pdb,L23V,22,1.7375839826908452,1.1159635,-0.6216205236759527,0.6216205236759527
2K5P.pdb,L23I,22,1.636198841384156,0.729421,-0.9067778218300178,0.9067778218300178
2K5P.pdb,L23W,22,2.109359969616984,1.0638319,-1.0455280442248331,1.0455280442248331
2K5P.pdb,L23Y,22,2.5009861195772105,0.98976386,-1.5112222636430674,1.5112222636430674
2K5P.pdb,L23F,22,1.7246361367834404,0.90484893,-0.8197872035635307,0.8197872035635307
2K5P.pdb,L23P,22,2.10632873442741,2.724792,0.6184632692041818,0.6184632692041818
2K5P.pdb,L23C,22,1.5786770781191122,1.1066711,-0.472005983224703,0.472005983224703
2K5P.pdb,L24Q,23,2.528575688619702,2.1206503,-0.4079253971768311,0.4079253971768311
2K5P.pdb,L24E,23,2.3942845065455582,2.9008346,0.5065500538487289,0.5065500538487289
2K5P.pdb,L24N,23,2.559483452782632,2.6442733,0.0847898283147801,0.0847898283147801
2K5P.pdb,L24H,23,2.6725998760112124,2.170877,-0.5017228961833315,0.5017228961833315
2K5P.pdb,L24D,23,2.5956891372815782,3.193946,0.5982567474230116,0.5982567474230116
2K5P.pdb,L24R,23,2.625980014879951,2.1179338,-0.5080462647273629,0.5080462647273629
2K5P.pdb,L24K,23,3.099055149667417,1.9621571,-1.136898019426023,1.136898019426023
2K5P.pdb,L24T,23,2.52285420142317,2.1200802,-0.4027739688029306,0.4027739688029306
2K5P.pdb,L24S,23,2.351046357313451,2.4646957,0.11364933474892691,0.11364933474892691
2K5P.pdb,L24A,23,2.350323226057303,1.963539,-0.38678422173143634,0.38678422173143634
2K5P.pdb,L24G,23,2.939338078379634,2.416579,-0.5227590702772171,0.5227590702772171
2K5P.pdb,L24M,23,0.3709162164049377,0.40201223,0.031096012560821562,0.031096012560821562
2K5P.pdb,L24V,23,1.6131957828601104,1.2739158,-0.3392800151904327,0.3392800151904327
2K5P.pdb,L24I,23,0.4856777726864747,0.7755145,0.28983671076536854,0.28983671076536854
2K5P.pdb,L24W,23,2.189248707750953,1.7476186,-0.441630151728309,0.441630151728309
2K5P.pdb,L24Y,23,2.372277059735711,1.7008982,-0.6713788892645196,0.6713788892645196
2K5P.pdb,L24F,23,1.4335792703786594,1.2663869,-0.16719240380914036,0.16719240380914036
2K5P.pdb,L24P,23,2.625183841579525,2.9372435,0.3120596200293617,0.3120596200293617
2K5P.pdb,L24C,23,1.5281120060832998,1.0402379,-0.4878741024883291,0.4878741024883291
2K5P.pdb,S25Q,24,-0.2673408437659099,-0.15244071,0.11490013191002152,0.11490013191002152
2K5P.pdb,S25E,24,0.2651406157965903,0.17673945,-0.08840116152718114,0.08840116152718114
2K5P.pdb,S25N,24,0.1014517620942934,0.123553604,0.02210184179326459,0.02210184179326459
2K5P.pdb,S25H,24,0.0010903803895012,-0.013817027,-0.01490740760069047,0.01490740760069047
2K5P.pdb,S25D,24,0.3943916697552834,0.36837158,-0.02602009368449787,0.02602009368449787
2K5P.pdb,S25R,24,-0.63689298739558,-0.30239496,0.33449803104525344,0.33449803104525344
2K5P.pdb,S25K,24,-0.6398063110911645,-0.30542913,0.3343771802985467,0.3343771802985467
2K5P.pdb,S25T,24,-0.0089594363053797,-0.043685604,-0.034726167581463026,0.034726167581463026
2K5P.pdb,S25A,24,-0.4454609951218096,-0.26295778,0.18250321356854116,0.18250321356854116
2K5P.pdb,S25G,24,0.6669043358389961,0.40013486,-0.2667694743697273,0.2667694743697273
2K5P.pdb,S25M,24,-0.2577686040724822,-0.3266426,-0.06887399860963145,0.06887399860963145
2K5P.pdb,S25L,24,-0.522284508767616,-0.21719137,0.3050931404261701,0.3050931404261701
2K5P.pdb,S25V,24,-0.5536477721115682,-0.08684161,0.4668061590572927,0.4668061590572927
2K5P.pdb,S25I,24,-0.7646611738384759,-0.32503074,0.4396304297627007,0.4396304297627007
2K5P.pdb,S25W,24,-0.0892890527632808,-0.11360413,-0.024315075597467498,0.024315075597467498
2K5P.pdb,S25Y,24,0.0261863710338112,-0.11321908,-0.13940545338931046,0.13940545338931046
2K5P.pdb,S25F,24,-0.0930707360954858,-0.13631843,-0.04324769420904148,0.04324769420904148
2K5P.pdb,S25P,24,2.6062886391703097,1.8621278,-0.7441608582560031,0.7441608582560031
2K5P.pdb,S25C,24,-0.2631138887188191,-0.35722223,-0.09410834052350575,0.09410834052350575
2K5P.pdb,A26Q,25,0.6401199984124857,0.40045792,-0.23966207976853426,0.23966207976853426
2K5P.pdb,A26E,25,1.2750387004704806,0.9793992,-0.29563949621633023,0.29563949621633023
2K5P.pdb,A26N,25,1.2605083333855291,1.0730976,-0.18741074675375424,0.18741074675375424
2K5P.pdb,A26H,25,0.1531693960924078,0.6919862,0.5388168071012568,0.5388168071012568
2K5P.pdb,A26D,25,2.1673832876936863,1.551628,-0.6157552941100071,0.6157552941100071
2K5P.pdb,A26R,25,-0.2713329715460668,0.10564315,0.3769761247366796,0.3769761247366796
2K5P.pdb,A26K,25,-0.0176325696418166,0.16043633,0.17806890186761615,0.17806890186761615
2K5P.pdb,A26T,25,0.6022840162721259,0.6253805,0.023096499780120183,0.023096499780120183
2K5P.pdb,A26S,25,0.9654673411480243,0.60513663,-0.3603307082287128,0.3603307082287128
2K5P.pdb,A26G,25,1.7519786284358831,1.179389,-0.5725896284969183,0.5725896284969183
2K5P.pdb,A26M,25,-0.1635920520180738,-0.003823042,0.15976901010218025,0.15976901010218025
2K5P.pdb,A26L,25,-0.6437836660577743,0.14836285,0.7921465112401931,0.7921465112401931
2K5P.pdb,A26V,25,-0.2822661483509363,0.3388207,0.6210868442280115,0.6210868442280115
2K5P.pdb,A26I,25,-0.5645889605156444,0.07291728,0.6375062430969738,0.6375062430969738
2K5P.pdb,A26W,25,-0.807747055131153,0.44709086,1.2548379193126715,1.2548379193126715
2K5P.pdb,A26Y,25,-0.8557337720477989,0.36275798,1.2184917528713157,1.2184917528713157
2K5P.pdb,A26F,25,-0.5155602194830031,0.312768,0.8283282317682357,0.8283282317682357
2K5P.pdb,A26P,25,2.778107575005056,2.411882,-0.3662256513295188,0.3662256513295188
2K5P.pdb,A26C,25,-0.0501015356479599,0.024391264,0.07449279937133331,0.07449279937133331
2K5P.pdb,L27Q,26,2.279899917493416,2.0180144,-0.26188548649365995,0.26188548649365995
2K5P.pdb,L27E,26,2.3144163861551563,2.5122783,0.19786193224999504,0.19786193224999504
2K5P.pdb,L27N,26,2.305400385701896,2.2814627,-0.023937716329337277,0.023937716329337277
2K5P.pdb,L27H,26,2.120688303617489,1.8739412,-0.24674712052727887,0.24674712052727887
2K5P.pdb,L27D,26,2.444591776962283,2.7642393,0.3196475342559788,0.3196475342559788
2K5P.pdb,L27K,26,2.93454749765176,2.045143,-0.8894046086289329,0.8894046086289329
2K5P.pdb,L27T,26,2.3504176764599247,1.8876433,-0.46277433921016886,0.46277433921016886
2K5P.pdb,L27S,26,2.498301214935983,2.2528985,-0.2454027602698452,0.2454027602698452
2K5P.pdb,L27A,26,2.5202591432864034,1.8274026,-0.6928565515810812,0.6928565515810812
2K5P.pdb,L27G,26,2.7025047892532275,2.4296117,-0.27289310636138175,0.27289310636138175
2K5P.pdb,L27M,26,0.8339488694767718,0.32983804,-0.5041108319859271,0.5041108319859271
2K5P.pdb,L27V,26,1.9767992798456515,1.1643798,-0.8124194447168673,0.8124194447168673
2K5P.pdb,L27I,26,1.6087381809798451,0.72902113,-0.879717048987505,0.879717048987505
2K5P.pdb,L27W,26,1.4318531182594716,1.0306661,-0.4011870053596913,0.4011870053596913
2K5P.pdb,L27Y,26,1.2348031237190231,1.085206,-0.14959709191970672,0.14959709191970672
2K5P.pdb,L27F,26,0.8660906836188211,0.8383774,-0.027713267484940518,0.027713267484940518
2K5P.pdb,L27P,26,2.7339925253787705,2.8525774,0.11858492251246489,0.11858492251246489
2K5P.pdb,L27C,26,0.623682784658488,0.72663575,0.10295296944994092,0.10295296944994092
2K5P.pdb,K28Q,27,0.4012263204302906,0.1639559,-0.2372704233374714,0.2372704233374714
2K5P.pdb,K28E,27,0.9441802640341296,0.63977826,-0.3044020076178088,0.3044020076178088
2K5P.pdb,K28N,27,0.0762007654884011,0.2379364,0.16173564183925088,0.16173564183925088
2K5P.pdb,K28H,27,0.1724900987496758,0.22524685,0.052756747926197,0.052756747926197
2K5P.pdb,K28D,27,0.8166612619651921,0.75411415,-0.0625471109642155,0.0625471109642155
2K5P.pdb,K28R,27,0.0169601630015678,0.105686724,0.0887265611843758,0.0887265611843758
2K5P.pdb,K28T,27,1.3510462046090952,0.71791923,-0.6331269741479746,0.6331269741479746
2K5P.pdb,K28S,27,0.50207387165988,0.46452814,-0.03754572825396574,0.03754572825396574
2K5P.pdb,K28A,27,0.5210147150252316,0.27843255,-0.2425821669791195,0.2425821669791195
2K5P.pdb,K28G,27,-0.1766470884702986,0.1838862,0.3605332886598891,0.3605332886598891
2K5P.pdb,K28M,27,0.4797755945895603,0.27759337,-0.20218222033724098,0.20218222033724098
2K5P.pdb,K28L,27,0.8327674418477897,0.34661606,-0.48615138230608745,0.48615138230608745
2K5P.pdb,K28V,27,1.3367020324681995,0.6787083,-0.6579937175725696,0.6579937175725696
2K5P.pdb,K28I,27,1.361639915599043,0.7262851,-0.6353548156158277,0.6353548156158277
2K5P.pdb,K28W,27,1.1700930319210718,0.6208041,-0.5492889604946802,0.5492889604946802
2K5P.pdb,K28Y,27,0.9295451169921818,0.55766445,-0.3718806630088749,0.3718806630088749
2K5P.pdb,K28F,27,0.8496804414898511,0.5533229,-0.2963575302273389,0.2963575302273389
2K5P.pdb,K28P,27,2.070933951001268,1.8304082,-0.24052573547850198,0.24052573547850198
2K5P.pdb,K28C,27,-0.4725404478141977,-0.04201621,0.4305242396423532,0.4305242396423532
2K5P.pdb,V29Q,28,1.815993145450847,1.5455865,-0.2704066786616013,0.2704066786616013
2K5P.pdb,V29E,28,1.8119879238259728,1.6708179,-0.14117007180570917,0.14117007180570917
2K5P.pdb,V29N,28,1.9611376306387336,2.1415484,0.18041076451812676,0.18041076451812676
2K5P.pdb,V29H,28,1.6027045108606752,1.783599,0.18089450818992292,0.18089450818992292
2K5P.pdb,V29D,28,2.140188669426762,2.2978356,0.15764691902843841,0.15764691902843841
2K5P.pdb,V29R,28,2.050740685915078,1.8786055,-0.17213520095261448,0.17213520095261448
2K5P.pdb,V29K,28,1.973023225396799,1.8431957,-0.1298275485932101,0.1298275485932101
2K5P.pdb,V29T,28,1.5705300399655,1.2300014,-0.34052859038053906,0.34052859038053906
2K5P.pdb,V29S,28,1.824004185897416,1.6505094,-0.1734948284450235,0.1734948284450235
2K5P.pdb,V29A,28,1.6801373591194246,1.1103867,-0.5697506298790072,0.5697506298790072
2K5P.pdb,V29G,28,1.5314683134717169,2.1235938,0.5921254937487421,0.5921254937487421
2K5P.pdb,V29M,28,0.7924075236131365,0.9587357,0.16632818080886058,0.16632818080886058
2K5P.pdb,V29L,28,0.5646088421237083,0.9136474,0.34903857113007586,0.34903857113007586
2K5P.pdb,V29I,28,-0.1683208571791259,0.018124342,0.18644519914384758,0.18644519914384758
2K5P.pdb,V29W,28,0.6881665802880703,1.2981532,0.6099865817144932,0.6099865817144932
2K5P.pdb,V29Y,28,1.058126483520882,1.2335862,0.17545970861016058,0.17545970861016058
2K5P.pdb,V29F,28,0.8003792651910242,1.0585619,0.25818265592866574,0.25818265592866574
2K5P.pdb,V29P,28,1.4958909702751826,2.3657594,0.869868402435999,0.869868402435999
2K5P.pdb,V29C,28,0.0100777121739135,0.73817456,0.7280968455119385,0.7280968455119385
2K5P.pdb,A30Q,29,0.1277307466898993,0.116296306,-0.011434440437419757,0.011434440437419757
2K5P.pdb,A30E,29,0.0559124778024666,0.19562909,0.13971661226825788,0.13971661226825788
2K5P.pdb,A30N,29,0.2277093232584546,0.24723881,0.01952949157232542,0.01952949157232542
2K5P.pdb,A30H,29,-0.0538063191442708,0.18515506,0.23896138301183978,0.23896138301183978
2K5P.pdb,A30D,29,0.0952119039372432,0.32410145,0.22888954412183882,0.22888954412183882
2K5P.pdb,A30R,29,0.069161776141307,0.19569553,0.12653375820718085,0.12653375820718085
2K5P.pdb,A30K,29,0.1341503155237871,0.053804457,-0.0803458583361345,0.0803458583361345
2K5P.pdb,A30T,29,0.1177367129482593,0.2704229,0.15268619273525816,0.15268619273525816
2K5P.pdb,A30S,29,0.1020051116151306,0.18784696,0.08584184702210695,0.08584184702210695
2K5P.pdb,A30G,29,0.3813002557626346,0.27566996,-0.10563029359489473,0.10563029359489473
2K5P.pdb,A30M,29,0.1803962423992042,0.16589585,-0.014500392932880357,0.014500392932880357
2K5P.pdb,A30L,29,0.1136852942948838,0.12793174,0.014246449565360947,0.014246449565360947
2K5P.pdb,A30V,29,0.2017687053563319,0.15871002,-0.043058687556000785,0.043058687556000785
2K5P.pdb,A30I,29,0.1557313415877956,0.14709195,-0.008639386641277669,0.008639386641277669
2K5P.pdb,A30W,29,-0.4524274360462041,0.12453538,0.57696281784018,0.57696281784018
2K5P.pdb,A30Y,29,-0.2228861374051529,0.20368923,0.42657536987375794,0.42657536987375794
2K5P.pdb,A30F,29,-0.1736838337192949,0.20050561,0.3741894479999956,0.3741894479999956
2K5P.pdb,A30P,29,-0.4699002571960333,0.00028046966,0.4701807268520239,0.4701807268520239
2K5P.pdb,Q31E,30,0.2574812327940639,0.17376457,-0.08371666124655563,0.08371666124655563
2K5P.pdb,Q31N,30,-0.6850418099317324,-0.0757397,0.6093021133098375,0.6093021133098375
2K5P.pdb,Q31H,30,-0.7878404176625544,-0.08837628,0.6994641340169245,0.6994641340169245
2K5P.pdb,Q31D,30,-0.283159547597867,0.10302946,0.3861890073127565,0.3861890073127565
2K5P.pdb,Q31R,30,-0.1418725285615045,0.19169113,0.3335636589612085,0.3335636589612085
2K5P.pdb,Q31K,30,0.1701456691800507,0.09867529,-0.07147038092006763,0.07147038092006763
2K5P.pdb,Q31T,30,0.662191960127108,0.46315813,-0.19903382948135606,0.19903382948135606
2K5P.pdb,Q31S,30,0.0878865972233349,0.1900491,0.10216249971861303,0.10216249971861303
2K5P.pdb,Q31A,30,-0.0510604176186721,0.019261211,0.0703216287755172,0.0703216287755172
2K5P.pdb,Q31G,30,-0.3459876327300701,0.07790034,0.42388797537333106,0.42388797537333106
2K5P.pdb,Q31M,30,-0.4719344537541143,0.020906523,0.4928409766241781,0.4928409766241781
2K5P.pdb,Q31L,30,-0.3053497822561448,0.07124834,0.376598119882602,0.376598119882602
2K5P.pdb,Q31V,30,0.609211599467476,0.38381696,-0.22539464199372117,0.22539464199372117
2K5P.pdb,Q31I,30,0.279047845643209,0.2686196,-0.010428248685048602,0.010428248685048602
2K5P.pdb,Q31W,30,-0.7916536470997881,0.009102061,0.8007557084906649,0.8007557084906649
2K5P.pdb,Q31Y,30,-0.6401536303668127,0.025296435,0.6654500651269064,0.6654500651269064
2K5P.pdb,Q31F,30,-0.7159570908230011,0.013705954,0.7296630447786514,0.7296630447786514
2K5P.pdb,Q31P,30,0.5470833198837728,0.98768353,0.4406002147384196,0.4406002147384196
2K5P.pdb,A32Q,31,0.2415637743274397,0.21968389,-0.021879888753098875,0.021879888753098875
2K5P.pdb,A32E,31,0.7821099687177866,0.4993472,-0.2827627587873667,0.2827627587873667
2K5P.pdb,A32N,31,0.4718294350978365,0.63007104,0.1582416088703642,0.1582416088703642
2K5P.pdb,A32H,31,0.200719072765513,0.4607192,0.2600001252229971,0.2600001252229971
2K5P.pdb,A32D,31,0.5429621603724992,0.87842023,0.33545807335400224,0.33545807335400224
2K5P.pdb,A32R,31,0.284843234749967,0.20595282,-0.07889041158788812,0.07889041158788812
2K5P.pdb,A32K,31,0.3514696883492219,0.04445395,-0.3070157396130311,0.3070157396130311
2K5P.pdb,A32T,31,0.0752964730815368,0.43790546,0.3626089875145478,0.3626089875145478
2K5P.pdb,A32S,31,0.1156294468417118,0.2713641,0.15573464598513148,0.15573464598513148
2K5P.pdb,A32G,31,0.565167730552572,0.45504874,-0.11011899064244624,0.11011899064244624
2K5P.pdb,A32M,31,0.1367991259240488,0.2690851,0.1322859833098074,0.1322859833098074
2K5P.pdb,A32L,31,0.1106782250515512,0.22657782,0.11589959334215608,0.11589959334215608
2K5P.pdb,A32V,31,0.0380801342432013,0.30702132,0.26894118562297914,0.26894118562297914
2K5P.pdb,A32I,31,-0.1665223936680622,0.28261328,0.44913567110336494,0.44913567110336494
2K5P.pdb,A32W,31,-0.3099314278823621,0.47504568,0.784977108882118,0.784977108882118
2K5P.pdb,A32Y,31,0.356426045450199,0.517615,0.16118897482491695,0.16118897482491695
2K5P.pdb,A32F,31,0.3070334849989522,0.5265469,0.21951341050504558,0.21951341050504558
2K5P.pdb,A32P,31,-0.1917981813890441,0.12878434,0.3205825249893172,0.3205825249893172
2K5P.pdb,A32C,31,-0.3777923817331663,0.16788106,0.5456734383995405,0.5456734383995405
2K5P.pdb,E33Q,32,0.0152710225926511,0.28010958,0.26483856173886133,0.26483856173886133
2K5P.pdb,E33N,32,0.329786694226319,0.5508123,0.22102560979360897,0.22102560979360897
2K5P.pdb,E33H,32,0.2920548259703333,0.5097209,0.21766609554608518,0.21766609554608518
2K5P.pdb,E33D,32,0.176562904530984,0.23373425,0.05717134553768055,0.05717134553768055
2K5P.pdb,E33R,32,0.575816543178296,0.6029388,0.027122228069567766,0.027122228069567766
2K5P.pdb,E33K,32,0.3350979908374221,0.44423544,0.1091374532314866,0.1091374532314866
2K5P.pdb,E33T,32,0.6119925781400084,0.7066674,0.09467484510828261,0.09467484510828261
2K5P.pdb,E33S,32,0.2782079522277478,0.49370152,0.2154935653541919,0.2154935653541919
2K5P.pdb,E33A,32,0.0305933898167412,0.22772503,0.19713163917495802,0.19713163917495802
2K5P.pdb,E33G,32,0.3961593648323784,0.42502204,0.02886267100479506,0.02886267100479506
2K5P.pdb,E33M,32,0.1198257017662909,0.41296753,0.29314183110686276,0.29314183110686276
2K5P.pdb,E33L,32,0.253479609083977,0.35887495,0.10539533774867987,0.10539533774867987
2K5P.pdb,E33V,32,0.7243233014334094,0.7032045,-0.021118788837279023,0.021118788837279023
2K5P.pdb,E33I,32,0.6331560218509815,0.7027291,0.06957308409842033,0.06957308409842033
2K5P.pdb,E33W,32,-0.1814392053988647,0.53911996,0.7205591642764282,0.7205591642764282
2K5P.pdb,E33Y,32,0.4072245937073786,0.5842066,0.17698198740834403,0.17698198740834403
2K5P.pdb,E33F,32,0.2183405097254054,0.62305754,0.4047170345060094,0.4047170345060094
2K5P.pdb,E33P,32,0.505015623982902,1.185266,0.6802503939309164,0.6802503939309164
2K5P.pdb,E33C,32,-0.5904044775395034,0.2473684,0.8377728728680252,0.8377728728680252
2K5P.pdb,Y34Q,33,0.573463456074041,0.2678717,-0.30559174839619985,0.30559174839619985
2K5P.pdb,Y34E,33,0.7717775932510735,0.5533153,-0.21846231138309258,0.21846231138309258
2K5P.pdb,Y34N,33,0.4925638165431789,0.42070854,-0.07185527944143327,0.07185527944143327
2K5P.pdb,Y34H,33,0.2202280111070793,0.14929157,-0.07093643615209272,0.07093643615209272
2K5P.pdb,Y34D,33,0.727573214267818,0.7957535,0.06818026473608829,0.06818026473608829
2K5P.pdb,Y34R,33,0.2990317828708537,0.33141577,0.032383989567195626,0.032383989567195626
2K5P.pdb,Y34K,33,0.5792258169523836,0.23810041,-0.34112540744463216,0.34112540744463216
2K5P.pdb,Y34T,33,0.3840210314745058,0.25916284,-0.1248581882471193,0.1248581882471193
2K5P.pdb,Y34S,33,0.4653233034519504,0.40653998,-0.05878332685511811,0.05878332685511811
2K5P.pdb,Y34A,33,0.7580650645043887,0.40903232,-0.34903274948859586,0.34903274948859586
2K5P.pdb,Y34G,33,0.6985453900440592,0.83147544,0.13293004664341024,0.13293004664341024
2K5P.pdb,Y34M,33,0.3136307662566562,0.064667016,-0.2489637499888797,0.2489637499888797
2K5P.pdb,Y34L,33,-0.104485242990389,0.19168776,0.29617300572766314,0.29617300572766314
2K5P.pdb,Y34V,33,0.1822132054600711,0.19327098,0.011057775851726986,0.011057775851726986
2K5P.pdb,Y34I,33,-0.0492043589024597,0.0678812,0.11708555563974912,0.11708555563974912
2K5P.pdb,Y34W,33,-0.1796720962313998,0.05379112,0.23346321687978389,0.23346321687978389
2K5P.pdb,Y34F,33,-0.1189191205161863,-0.034933925,0.08398519584119851,0.08398519584119851
2K5P.pdb,Y34P,33,1.6694506002343898,1.828279,0.15882841816770976,0.15882841816770976
2K5P.pdb,Y34C,33,-0.4827668242820531,-0.17372516,0.3090416663059026,0.3090416663059026
2K5P.pdb,V35Q,34,1.5800850253088354,2.119071,0.5389859814660669,0.5389859814660669
2K5P.pdb,V35E,34,1.9439036742899631,2.119975,0.17607141573689233,0.17607141573689233
2K5P.pdb,V35N,34,1.885840007214376,2.3131056,0.427265575976542,0.427265575976542
2K5P.pdb,V35H,34,1.7140165740390385,2.0676584,0.3536418503384029,0.3536418503384029
2K5P.pdb,V35D,34,1.6906582625160511,2.5243263,0.8336680619468395,0.8336680619468395
2K5P.pdb,V35R,34,1.8813419248553185,2.372354,0.4910121057538124,0.4910121057538124
2K5P.pdb,V35K,34,2.016732160685049,2.3168943,0.3001621321463719,0.3001621321463719
2K5P.pdb,V35T,34,1.3668852966920926,1.4893521,0.12246681035594209,0.12246681035594209
2K5P.pdb,V35S,34,1.7616883670065993,2.0499828,0.2882944191719896,0.2882944191719896
2K5P.pdb,V35A,34,1.419940447485872,1.4201133,0.00017287763314666194,0.00017287763314666194
2K5P.pdb,V35G,34,2.087416069355547,2.136865,0.04944883123344246,0.04944883123344246
2K5P.pdb,V35M,34,0.3746229167338719,1.3611724,0.9865495209339747,0.9865495209339747
2K5P.pdb,V35L,34,0.026127046691923,0.99608046,0.9699534114722921,0.9699534114722921
2K5P.pdb,V35I,34,0.2391109198681444,0.4081297,0.16901877220949232,0.16901877220949232
2K5P.pdb,V35W,34,0.80080995610109,1.8120437,1.0112337107385097,1.0112337107385097
2K5P.pdb,V35Y,34,0.8128731944237249,1.6783631,0.865489890369366,0.865489890369366
2K5P.pdb,V35F,34,0.5036321577658573,1.6110765,1.107444316423901,1.107444316423901
2K5P.pdb,V35P,34,1.8151714230372764,2.5224164,0.7072449301884316,0.7072449301884316
2K5P.pdb,V35C,34,0.532608046471508,0.94703084,0.4144227958327218,0.4144227958327218
2K5P.pdb,T36Q,35,0.2948577153891021,0.268879,-0.025978719016879204,0.025978719016879204
2K5P.pdb,T36E,35,1.1290470141000897,0.6680887,-0.4609583395548016,0.4609583395548016
2K5P.pdb,T36N,35,0.9487946718893068,0.7272035,-0.22159118353939222,0.22159118353939222
2K5P.pdb,T36H,35,0.5097213092377348,0.4603949,-0.04932642012144761,0.04932642012144761
2K5P.pdb,T36D,35,1.244439316679884,1.0313883,-0.21305103390400504,0.21305103390400504
2K5P.pdb,T36R,35,0.1633452410311231,0.24555176,0.08220652393393427,0.08220652393393427
2K5P.pdb,T36K,35,0.490719467688657,0.21745934,-0.2732601317654621,0.2732601317654621
2K5P.pdb,T36S,35,0.6005846022251613,0.4692273,-0.13135728822979997,0.13135728822979997
2K5P.pdb,T36A,35,0.814199183210087,0.52751064,-0.2866885402047159,0.2866885402047159
2K5P.pdb,T36G,35,1.1230787845280696,1.0214952,-0.10158356148272052,0.10158356148272052
2K5P.pdb,T36M,35,0.1252176415302459,0.17698677,0.051769127311497576,0.051769127311497576
2K5P.pdb,T36L,35,0.140722273256495,0.19419937,0.053477095101163385,0.053477095101163385
2K5P.pdb,T36V,35,-0.1252621157001527,0.037626415,0.16288853119125682,0.16288853119125682
2K5P.pdb,T36I,35,-0.5438886480248586,-0.15190879,0.391979862920107,0.391979862920107
2K5P.pdb,T36W,35,0.3460382302230584,0.28053504,-0.06550318793713922,0.06550318793713922
2K5P.pdb,T36Y,35,0.517672688547576,0.2267354,-0.29093729037424376,0.29093729037424376
2K5P.pdb,T36F,35,0.4621887416223242,0.19018884,-0.27199990159070037,0.27199990159070037
2K5P.pdb,T36P,35,2.2418947092545416,1.9037342,-0.3381605021012213,0.3381605021012213
2K5P.pdb,T36C,35,-0.060707897866294,0.09649068,0.15719857903771123,0.15719857903771123
2K5P.pdb,V37Q,36,2.56591048841672,2.5482244,-0.01768603925900525,0.01768603925900525
2K5P.pdb,V37E,36,2.46163607695991,2.4470527,-0.014583359751047631,0.014583359751047631
2K5P.pdb,V37N,36,2.343665584142455,2.34511,0.0014443554327403518,0.0014443554327403518
2K5P.pdb,V37H,36,2.464563917099017,2.0490346,-0.41552932160951483,0.41552932160951483
2K5P.pdb,V37D,36,2.494475958723905,2.6306875,0.13621151648056262,0.13621151648056262
2K5P.pdb,V37R,36,2.6436359710885333,2.5034938,-0.14014218523037902,0.14014218523037902
2K5P.pdb,V37K,36,2.3034137824408014,2.4324658,0.1290520092614691,0.1290520092614691
2K5P.pdb,V37T,36,2.347310088853375,1.9281981,-0.41911198971702257,0.41911198971702257
2K5P.pdb,V37S,36,2.2986425828384696,2.4284885,0.12984591012722868,0.12984591012722868
2K5P.pdb,V37A,36,2.0542167831792377,1.763356,-0.2908608127965473,0.2908608127965473
2K5P.pdb,V37G,36,1.9843130416415755,2.2814026,0.2970895462490495,0.2970895462490495
2K5P.pdb,V37M,36,1.6178234090349932,1.3231199,-0.2947035302660723,0.2947035302660723
2K5P.pdb,V37L,36,1.088343525440871,0.86033976,-0.22800376466053662,0.22800376466053662
2K5P.pdb,V37I,36,0.6902757726992843,0.047241807,-0.6430339657153366,0.6430339657153366
2K5P.pdb,V37W,36,2.1969311141750323,1.6958712,-0.5010598802349078,0.5010598802349078
2K5P.pdb,V37Y,36,2.064257433820742,1.515712,-0.5485454110393699,0.5485454110393699
2K5P.pdb,V37F,36,1.0663587698623886,1.3355166,0.26915780213620755,0.26915780213620755
2K5P.pdb,V37P,36,2.3007183428859697,2.3490367,0.04831835068702839,0.04831835068702839
2K5P.pdb,V37C,36,1.5875847358919364,1.0185938,-0.5689909477449637,0.5689909477449637
2K5P.pdb,E38Q,37,-0.7839099036626695,-0.5171588,0.2667510973386644,0.2667510973386644
2K5P.pdb,E38N,37,-0.362846721748749,-0.0045479536,0.35829876814309713,0.35829876814309713
2K5P.pdb,E38H,37,-0.766949971444657,-0.50531816,0.2616318066192176,0.2616318066192176
2K5P.pdb,E38D,37,1.4496939257162138,0.7829832,-0.666710741855435,0.666710741855435
2K5P.pdb,E38R,37,-2.1359232434543767,-0.8762703,1.2596529492649235,1.2596529492649235
2K5P.pdb,E38T,37,-1.5993216913153638,-0.85048926,0.7488324325491895,0.7488324325491895
2K5P.pdb,E38S,37,-1.0857026467071975,-0.34533593,0.7403667161213363,0.7403667161213363
2K5P.pdb,E38A,37,-0.921897347413036,-0.32325298,0.5986443714723316,0.5986443714723316
2K5P.pdb,E38G,37,0.8698038256701621,0.5045321,-0.3652717269000205,0.3652717269000205
2K5P.pdb,E38M,37,-1.994708498833205,-0.9013455,1.0933630074239031,1.0933630074239031
2K5P.pdb,E38L,37,-1.9808282770871672,-0.8485484,1.1322798647641692,1.1322798647641692
2K5P.pdb,E38W,37,-2.090335412055227,-0.8491184,1.2412170005142418,1.2412170005142418
2K5P.pdb,E38Y,37,-1.66834917412287,-0.8749985,0.7933506642389894,0.7933506642389894
2K5P.pdb,E38F,37,-1.5832983148768784,-0.8775522,0.705746103592241,0.705746103592241
2K5P.pdb,E38P,37,2.370569125444786,0.86108196,-1.5094871676277082,1.5094871676277082
2K5P.pdb,E38C,37,-1.890977101817088,-1.0567076,0.8342694811963605,0.8342694811963605
2K5P.pdb,L39Q,38,2.366591603435771,2.0043492,-0.3622423717158001,0.3622423717158001
2K5P.pdb,L39E,38,2.4511374718901773,2.5298746,0.07873709132698581,0.07873709132698581
2K5P.pdb,L39N,38,2.7441074110721244,2.257842,-0.4862653471683158,0.4862653471683158
2K5P.pdb,L39H,38,1.831602043393974,1.6691238,-0.1624782745875164,0.1624782745875164
2K5P.pdb,L39D,38,2.4782726981925194,2.6468306,0.16855786058433608,0.16855786058433608
2K5P.pdb,L39R,38,2.33413145320471,2.1035652,-0.2305662371402568,0.2305662371402568
2K5P.pdb,L39K,38,2.1012033580332825,1.775724,-0.325479304650409,0.325479304650409
2K5P.pdb,L39T,38,2.5761866221814262,2.0263216,-0.5498649726300346,0.5498649726300346
2K5P.pdb,L39S,38,2.202209190921052,2.4020505,0.19984130422665292,0.19984130422665292
2K5P.pdb,L39A,38,2.2681894988134848,1.7066929,-0.5614965647772299,0.5614965647772299
2K5P.pdb,L39G,38,2.4116558555566354,2.1333525,-0.2783033374749704,0.2783033374749704
2K5P.pdb,L39M,38,1.7653202037968765,0.98302734,-0.7822928648152481,0.7822928648152481
2K5P.pdb,L39V,38,0.9947017791562124,0.87774354,-0.11695823696184593,0.11695823696184593
2K5P.pdb,L39I,38,0.5857753913852553,0.62184656,0.03607116527825793,0.03607116527825793
2K5P.pdb,L39W,38,1.6691508966881727,1.3576478,-0.311503120084474,0.311503120084474
2K5P.pdb,L39Y,38,1.6172969774162085,1.3563066,-0.2609904245292456,0.2609904245292456
2K5P.pdb,L39F,38,1.5115706270479856,1.2395285,-0.2720420902514158,0.2720420902514158
2K5P.pdb,L39P,38,2.6288533120558943,2.0803335,-0.5485198407576766,0.5485198407576766
2K5P.pdb,L39C,38,1.7224396423352517,0.94074875,-0.781690891171769,0.781690891171769
2K5P.pdb,N40Q,39,2.264558979441196,0.83537495,-1.4291840280785864,1.4291840280785864
2K5P.pdb,N40E,39,2.299691646262699,1.0188471,-1.280844538375431,1.280844538375431
2K5P.pdb,N40H,39,2.1645932140823554,0.72558844,-1.4390047731872748,1.4390047731872748
2K5P.pdb,N40D,39,2.2499742282975914,0.98474795,-1.2652262820352318,1.2652262820352318
2K5P.pdb,N40R,39,2.0419922585031007,0.485251,-1.5567412490388368,1.5567412490388368
2K5P.pdb,N40K,39,2.1737431042487576,0.745404,-1.4283390991980984,1.4283390991980984
2K5P.pdb,N40T,39,2.1578488272071654,1.2407281,-0.9171206873298461,0.9171206873298461
2K5P.pdb,N40S,39,2.195290797823916,0.9631236,-1.2321671782674888,1.2321671782674888
2K5P.pdb,N40A,39,2.1965776149439744,1.1866245,-1.0099530879664353,1.0099530879664353
2K5P.pdb,N40G,39,2.199522657420843,1.3812305,-0.8182921839024715,0.8182921839024715
2K5P.pdb,N40M,39,2.057554461769453,0.7335223,-1.3240321658176097,1.3240321658176097
2K5P.pdb,N40L,39,2.2766931635030745,0.90906316,-1.3676300030836104,1.3676300030836104
2K5P.pdb,N40V,39,2.1002155938670044,1.0341349,-1.0660807290598755,1.0660807290598755
2K5P.pdb,N40I,39,1.818632331595511,1.0221817,-0.796450582251639,0.796450582251639
2K5P.pdb,N40W,39,1.9592344589061803,1.2119863,-0.7472481555767125,0.7472481555767125
2K5P.pdb,N40Y,39,2.126884539792129,1.2174371,-0.909447391697952,0.909447391697952
2K5P.pdb,N40F,39,2.0907971562621555,1.0838124,-1.0069848002669772,1.0069848002669772
2K5P.pdb,N40P,39,2.5495427197535165,2.3844705,-0.16507225695444427,0.16507225695444427
2K5P.pdb,N40C,39,1.6010683954771867,0.4511096,-1.149958807330977,1.149958807330977
2K5P.pdb,G41Q,40,1.8432459056206203,0.9187442,-0.9245016991920925,0.9245016991920925
2K5P.pdb,G41E,40,2.1319211220729644,1.1845288,-0.947392294405728,0.947392294405728
2K5P.pdb,G41N,40,1.5801444690280095,0.6814563,-0.898688141589655,0.898688141589655
2K5P.pdb,G41H,40,1.5321130512786836,0.801594,-0.7305190323425264,0.7305190323425264
2K5P.pdb,G41D,40,1.8567524720654376,0.9951727,-0.8615797926411517,0.8615797926411517
2K5P.pdb,G41R,40,1.6178277898302675,0.9900646,-0.6277631688585878,0.6277631688585878
2K5P.pdb,G41K,40,1.629881483100974,0.89866585,-0.7312156377068395,0.7312156377068395
2K5P.pdb,G41T,40,2.0304311356101428,1.0315,-0.9989311537299548,0.9989311537299548
2K5P.pdb,G41S,40,1.645854425601273,0.8647943,-0.7810601116936498,0.7810601116936498
2K5P.pdb,G41A,40,1.93808219097958,1.0869244,-0.8511577572713891,0.8511577572713891
2K5P.pdb,G41M,40,1.8514799465292424,0.9075228,-0.9439571489447087,0.9439571489447087
2K5P.pdb,G41L,40,1.8188756142819944,0.90287906,-0.9159965549672666,0.9159965549672666
2K5P.pdb,G41V,40,2.072824225506447,1.2521764,-0.8206478215071185,0.8206478215071185
2K5P.pdb,G41I,40,1.8080613264617749,1.2473947,-0.5606666454849072,0.5606666454849072
2K5P.pdb,G41W,40,1.7665838993154803,0.9427954,-0.8237885034643451,0.8237885034643451
2K5P.pdb,G41Y,40,1.7875124565334424,0.83588254,-0.9516299120159253,0.9516299120159253
2K5P.pdb,G41F,40,1.6370824930686911,0.69815636,-0.9389261362571677,0.9389261362571677
2K5P.pdb,G41P,40,1.7567511083838827,1.6487,-0.10805110952829189,0.10805110952829189
2K5P.pdb,G41C,40,1.0548937002002592,0.42190182,-0.6329918781101103,0.6329918781101103
2K5P.pdb,E42Q,41,-0.3192700928226681,-0.16585512,0.15341496822988704,0.15341496822988704
2K5P.pdb,E42N,41,0.01815457888955,0.18205848,0.16390390447264788,0.16390390447264788
2K5P.pdb,E42H,41,-0.2780271391593247,-0.052319355,0.22570778385031515,0.22570778385031515
2K5P.pdb,E42D,41,0.7131118933275455,0.41305143,-0.3000604669168705,0.3000604669168705
2K5P.pdb,E42R,41,-0.4833419732814161,-0.029189432,0.4541525412415592,0.4541525412415592
2K5P.pdb,E42K,41,-0.4971773956657013,-0.044581786,0.4525956098676285,0.4525956098676285
2K5P.pdb,E42T,41,-0.2235229384999351,-0.1654794,0.058043531785495706,0.058043531785495706
2K5P.pdb,E42S,41,0.1703708880038452,0.1345447,-0.035826187619705185,0.035826187619705185
2K5P.pdb,E42A,41,0.1151932539354638,0.08817139,-0.02702186125624932,0.02702186125624932
2K5P.pdb,E42G,41,1.233642687053227,0.5564607,-0.677182008475804,0.677182008475804
2K5P.pdb,E42M,41,-0.4414159392130354,-0.18758622,0.2538297210943678,0.2538297210943678
2K5P.pdb,E42L,41,-0.3199561610505479,-0.120661505,0.19929465648387845,0.19929465648387845
2K5P.pdb,E42V,41,-0.898917912188578,-0.399401,0.4995169031057838,0.4995169031057838
2K5P.pdb,E42I,41,-0.7255974338725859,-0.46811888,0.25747855765379013,0.25747855765379013
2K5P.pdb,E42W,41,0.3049292204577281,-0.111684285,-0.41661350556200283,0.41661350556200283
2K5P.pdb,E42Y,41,0.1237776239665828,-0.1592235,-0.28300112088049273,0.28300112088049273
2K5P.pdb,E42F,41,-0.050475830409427,-0.16288422,-0.11240839007149189,0.11240839007149189
2K5P.pdb,E42P,41,2.28529696734804,1.456674,-0.8286229875888238,0.8286229875888238
2K5P.pdb,E42C,41,-0.2521840358086127,-0.34031,-0.08812597152514279,0.08812597152514279
2K5P.pdb,V43Q,42,0.6022926535208792,0.65093696,0.04864430765313199,0.04864430765313199
2K5P.pdb,V43E,42,1.1305097607837906,0.9341557,-0.19635405819284824,0.19635405819284824
2K5P.pdb,V43N,42,1.5285595567818668,1.2351562,-0.29340337830744057,0.29340337830744057
2K5P.pdb,V43H,42,0.7659262624362062,0.8196684,0.05374214977235092,0.05374214977235092
2K5P.pdb,V43D,42,1.9346682318135129,1.4873607,-0.447307515947424,0.447307515947424
2K5P.pdb,V43R,42,-0.1380926992271547,0.6724678,0.8105605270240908,0.8105605270240908
2K5P.pdb,V43K,42,0.1129858280227038,0.62252414,0.509538314242616,0.509538314242616
2K5P.pdb,V43T,42,0.409879957159692,0.48511618,0.07523622659808998,0.07523622659808998
2K5P.pdb,V43S,42,1.051588987299426,0.98437643,-0.06721255678795135,0.06721255678795135
2K5P.pdb,V43A,42,0.7390658256450182,0.81725156,0.07818573742718637,0.07818573742718637
2K5P.pdb,V43G,42,1.5270016099821575,1.4262397,-0.1007618810545452,0.1007618810545452
2K5P.pdb,V43M,42,0.3149571857216635,0.39547363,0.08051644351455783,0.08051644351455783
2K5P.pdb,V43L,42,0.0485403122917214,0.21540794,0.16686762547340006,0.16686762547340006
2K5P.pdb,V43I,42,-0.128664824935262,-0.16449177,-0.03582694771641037,0.03582694771641037
2K5P.pdb,V43W,42,0.8331102744731793,0.37678158,-0.4563286916408429,0.4563286916408429
2K5P.pdb,V43Y,42,0.7518409935834316,0.4064421,-0.3453988878133205,0.3453988878133205
2K5P.pdb,V43F,42,0.7243743270882801,0.35478902,-0.36958530845729864,0.36958530845729864
2K5P.pdb,V43P,42,0.6043694525024681,1.552122,0.9477525443771095,0.9477525443771095
2K5P.pdb,V43C,42,0.3738575168786293,0.29481888,-0.07903863870480116,0.07903863870480116
2K5P.pdb,L44Q,43,2.139516364467889,2.2220764,0.08256005154773582,0.08256005154773582
2K5P.pdb,L44E,43,2.3559481440269345,2.584221,0.22827274220353422,0.22827274220353422
2K5P.pdb,L44N,43,2.719582495020598,2.4397397,-0.2798427908885177,0.2798427908885177
2K5P.pdb,L44H,43,2.1622004706637674,2.0575018,-0.10469867775605257,0.10469867775605257
2K5P.pdb,L44D,43,2.392765638745596,2.6839442,0.2911785865656835,0.2911785865656835
2K5P.pdb,L44R,43,2.244365928388614,2.172347,-0.07201885960199306,0.07201885960199306
2K5P.pdb,L44K,43,1.8508274168912089,2.115746,0.26491860437954307,0.26491860437954307
2K5P.pdb,L44T,43,1.34138067797312,1.9705963,0.6292156355034424,0.6292156355034424
2K5P.pdb,L44S,43,2.334035907526742,2.387199,0.05316301749156871,0.05316301749156871
2K5P.pdb,L44A,43,2.030241737012177,1.9873247,-0.042917022351532275,0.042917022351532275
2K5P.pdb,L44G,43,2.2089846728835725,2.4461415,0.23715680851596366,0.23715680851596366
2K5P.pdb,L44M,43,1.6270637074253584,0.8460653,-0.7809984246037032,0.7809984246037032
2K5P.pdb,L44V,43,-0.8988471066016039,0.74295115,1.6417982613104662,1.6417982613104662
2K5P.pdb,L44I,43,-1.0189935623716044,0.047387958,1.0663815199445414,1.0663815199445414
2K5P.pdb,L44W,43,1.9137370424382567,1.7324384,-0.18129859734700915,0.18129859734700915
2K5P.pdb,L44Y,43,1.533538553278175,1.7613873,0.22784879489687393,0.22784879489687393
2K5P.pdb,L44F,43,1.5039219149474077,1.3936726,-0.11024932946004196,0.11024932946004196
2K5P.pdb,L44P,43,2.385747032310926,2.4493363,0.06358925804857085,0.06358925804857085
2K5P.pdb,L44C,43,1.104558538187551,1.3208683,0.21630971552033484,0.21630971552033484
2K5P.pdb,E45Q,44,-0.07912331929976,0.041778147,0.12090146652037158,0.12090146652037158
2K5P.pdb,E45N,44,-0.0133551343453515,0.19356309,0.20691822312003258,0.20691822312003258
2K5P.pdb,E45H,44,-0.0490515645651266,0.15361185,0.20266341828388423,0.20266341828388423
2K5P.pdb,E45D,44,-0.1184156810048961,0.20352566,0.32194134342707625,0.32194134342707625
2K5P.pdb,E45R,44,-0.1768796455521482,0.122854725,0.2997343700785535,0.2997343700785535
2K5P.pdb,E45K,44,-0.2553456997813601,-0.037852645,0.217493054861011,0.217493054861011
2K5P.pdb,E45T,44,0.2242115977563448,0.042491578,-0.1817200201906748,0.1817200201906748
2K5P.pdb,E45S,44,-0.224894694570414,-0.059895173,0.16499952185522693,0.16499952185522693
2K5P.pdb,E45A,44,-0.3311189411814546,-0.1820902,0.1490287481482362,0.1490287481482362
2K5P.pdb,E45G,44,0.3535448969679784,0.09456286,-0.258982038624854,0.258982038624854
2K5P.pdb,E45M,44,-0.075116218402305,0.13014746,0.2052636755251077,0.2052636755251077
2K5P.pdb,E45L,44,-0.1756180855017142,0.035211504,0.210829589007421,0.210829589007421
2K5P.pdb,E45V,44,0.3294450609088737,0.06615581,-0.2632892472744781,0.2632892472744781
2K5P.pdb,E45I,44,0.4366185082361826,0.1479976,-0.28862090541578617,0.28862090541578617
2K5P.pdb,E45W,44,0.7188446473920085,0.1861407,-0.5327039462172725,0.5327039462172725
2K5P.pdb,E45Y,44,0.411403855753639,0.23679233,-0.17461152978012828,0.17461152978012828
2K5P.pdb,E45F,44,0.2654771063433019,0.30595636,0.04047925733467661,0.04047925733467661
2K5P.pdb,E45P,44,-0.1955069463743148,-0.13762884,0.05787810795440054,0.05787810795440054
2K5P.pdb,E45C,44,-0.3817475334787366,-0.101462364,0.28028516928195923,0.28028516928195923
2K5P.pdb,R46Q,45,0.988876995551292,0.32996884,-0.6589081556674877,0.6589081556674877
2K5P.pdb,R46E,45,1.5143816771105298,0.7054483,-0.8089333476618299,0.8089333476618299
2K5P.pdb,R46N,45,1.1648948751827464,0.93556005,-0.229334827556251,0.229334827556251
2K5P.pdb,R46H,45,0.8495158428351981,0.68503785,-0.16447799150157993,0.16447799150157993
2K5P.pdb,R46D,45,2.15652686404432,1.3581592,-0.7983676795884485,0.7983676795884485
2K5P.pdb,R46K,45,0.7164419662615633,-0.05873704,-0.7751790058276034,0.7751790058276034
2K5P.pdb,R46T,45,1.367030521644147,0.7867701,-0.5802604162822085,0.5802604162822085
2K5P.pdb,R46S,45,1.18193478347118,0.5494989,-0.6324358677988777,0.6324358677988777
2K5P.pdb,R46A,45,1.1386626516814828,0.14049643,-0.9981662189002634,0.9981662189002634
2K5P.pdb,R46G,45,1.6655163451361463,0.77925247,-0.886263875596504,0.886263875596504
2K5P.pdb,R46M,45,1.2312671314233672,0.6052956,-0.6259715329164397,0.6259715329164397
2K5P.pdb,R46L,45,1.2032689398659575,0.5440567,-0.6592122262848723,0.6592122262848723
2K5P.pdb,R46V,45,1.290785930095553,0.5213788,-0.7694071149214503,0.7694071149214503
2K5P.pdb,R46I,45,1.3449085562196663,0.5748925,-0.7700160353151253,0.7700160353151253
2K5P.pdb,R46W,45,0.9161806622014436,0.6668768,-0.24930386929372872,0.24930386929372872
2K5P.pdb,R46Y,45,0.8922105890827678,0.6747414,-0.2174692017155193,0.2174692017155193
2K5P.pdb,R46F,45,0.8733244185684965,0.7553348,-0.11798962404716473,0.11798962404716473
2K5P.pdb,R46P,45,0.6674908774720467,0.36811137,-0.29937950547802816,0.29937950547802816
2K5P.pdb,R46C,45,0.753480260799708,0.52362275,-0.22985750956374607,0.22985750956374607
2K5P.pdb,E47Q,46,0.2423420057297329,0.060236573,-0.1821054325104336,0.1821054325104336
2K5P.pdb,E47N,46,-0.0164264349489511,0.14555863,0.16198506040862212,0.16198506040862212
2K5P.pdb,E47H,46,-0.001600621918413,0.030843772,0.032444393912526924,0.032444393912526924
2K5P.pdb,E47D,46,-0.0705392285357771,0.18096957,0.25150879464257336,0.25150879464257336
2K5P.pdb,E47R,46,0.2830365878361895,0.14591825,-0.13711833775226617,0.13711833775226617
2K5P.pdb,E47K,46,0.236418778602891,0.015070051,-0.22134872764807229,0.22134872764807229
2K5P.pdb,E47T,46,0.0093130300695749,0.112910226,0.10359719591785949,0.10359719591785949
2K5P.pdb,E47S,46,-0.302813266958652,-0.006789878,0.2960233889479022,0.2960233889479022
2K5P.pdb,E47A,46,-0.1586406106306706,-0.115550056,0.043090554530778924,0.043090554530778924
2K5P.pdb,E47G,46,0.1974341682544116,-0.0102895275,-0.2077236957302455,0.2077236957302455
2K5P.pdb,E47M,46,0.4915262754478049,0.10800056,-0.38352571385284184,0.38352571385284184
2K5P.pdb,E47L,46,0.63207774166063,0.061383948,-0.5706937939305656,0.5706937939305656
2K5P.pdb,E47V,46,0.5325586438548005,0.15598589,-0.3765727520358002,0.3765727520358002
2K5P.pdb,E47I,46,0.4122040773166668,0.215525,-0.19667907602920648,0.19667907602920648
2K5P.pdb,E47W,46,-0.4014764287186763,0.03983275,0.44130917719136686,0.44130917719136686
2K5P.pdb,E47Y,46,0.2391722425130389,0.10935807,-0.1298141702321551,0.1298141702321551
2K5P.pdb,E47F,46,0.3718158678313799,0.17290935,-0.19890651862827013,0.19890651862827013
2K5P.pdb,E47P,46,1.0153977784703598,0.30121857,-0.7141792091916428,0.7141792091916428
2K5P.pdb,E47C,46,-0.1330071013205609,-0.16665207,-0.03364496717518953,0.03364496717518953
2K5P.pdb,A48Q,47,0.0145183669369499,-0.23466545,-0.2491838203709404,0.2491838203709404
2K5P.pdb,A48E,47,0.5585352336346747,0.20175892,-0.3567763124882819,0.3567763124882819
2K5P.pdb,A48N,47,-0.0076017193325297,0.36119956,0.36880127711374916,0.36880127711374916
2K5P.pdb,A48H,47,0.1839609176749768,0.17614126,-0.007819655620533439,0.007819655620533439
2K5P.pdb,A48D,47,0.3306980698681823,0.45983043,0.129132363262082,0.129132363262082
2K5P.pdb,A48R,47,0.0930364470972864,0.08414298,-0.008893464137539081,0.008893464137539081
2K5P.pdb,A48K,47,-0.0003094236614069,-0.08241084,-0.08210141851884517,0.08210141851884517
2K5P.pdb,A48T,47,0.4930434411402635,0.37363517,-0.11940826829633039,0.11940826829633039
2K5P.pdb,A48S,47,0.1864908631792632,0.35343826,0.16694739499181835,0.16694739499181835
2K5P.pdb,A48G,47,1.1193512895186062,0.7200141,-0.3993371942122097,0.3993371942122097
2K5P.pdb,A48M,47,-0.1504000246082317,-0.16923854,-0.018838512941740826,0.018838512941740826
2K5P.pdb,A48L,47,-0.0552638465748813,0.058189303,0.11345314925775789,0.11345314925775789
2K5P.pdb,A48V,47,0.3022045240016218,0.2950325,-0.007172022780918663,0.007172022780918663
2K5P.pdb,A48I,47,0.7593837615866517,0.015077621,-0.7443061408419465,0.7443061408419465
2K5P.pdb,A48W,47,0.341108447278915,0.3133145,-0.02779394980805927,0.02779394980805927
2K5P.pdb,A48Y,47,0.1597948278191552,0.31624925,0.15645442354650643,0.15645442354650643
2K5P.pdb,A48F,47,0.0573408620695437,0.1587286,0.10138773747879615,0.10138773747879615
2K5P.pdb,A48P,47,2.256764892838609,2.0451474,-0.21161747386277874,0.21161747386277874
2K5P.pdb,A48C,47,-0.0552711189014782,-0.15114367,-0.09587255118061408,0.09587255118061408
2K5P.pdb,F49Q,48,1.8895616396032788,2.281599,0.39203740519652586,0.39203740519652586
2K5P.pdb,F49E,48,2.5894747783384164,2.1491315,-0.4403432418546518,0.4403432418546518
2K5P.pdb,F49N,48,2.2742542739810534,1.8030467,-0.47120757064243035,0.47120757064243035
2K5P.pdb,F49H,48,0.3240675763264993,1.883853,1.5597853823527,1.5597853823527
2K5P.pdb,F49D,48,2.3293791942863225,1.765547,-0.5638321571616887,0.5638321571616887
2K5P.pdb,F49R,48,2.186995613989218,2.1235485,-0.06344710629878847,0.06344710629878847
2K5P.pdb,F49K,48,2.494508874042773,2.5303912,0.03588234223530318,0.03588234223530318
2K5P.pdb,F49T,48,2.419143366092745,2.281209,-0.13793437408835052,0.13793437408835052
2K5P.pdb,F49S,48,1.811811351926148,2.1123059,0.30049452766674745,0.30049452766674745
2K5P.pdb,F49A,48,2.0845355784861628,1.9656062,-0.11892936587019598,0.11892936587019598
2K5P.pdb,F49G,48,1.8070381564282263,2.3245373,0.5174991207934534,0.5174991207934534
2K5P.pdb,F49M,48,1.6259571649589248,1.4543897,-0.1715674736060806,0.1715674736060806
2K5P.pdb,F49L,48,1.61620686282805,1.3675637,-0.24864313831022766,0.24864313831022766
2K5P.pdb,F49V,48,2.157839999044461,2.0710123,-0.08682774051479791,0.08682774051479791
2K5P.pdb,F49I,48,2.247653255099471,1.6939651,-0.5536881776992635,0.5536881776992635
2K5P.pdb,F49W,48,-1.5127689791697776,-0.14084005,1.371928925611428,1.371928925611428
2K5P.pdb,F49Y,48,-0.0127131289639756,0.21689427,0.2296073979535386,0.2296073979535386
2K5P.pdb,F49P,48,2.296449664598496,2.2713473,-0.025102380281479597,0.025102380281479597
2K5P.pdb,F49C,48,1.7735307815969774,1.3103819,-0.4631488922537157,0.4631488922537157
2K5P.pdb,D50Q,49,0.6003734237334344,-0.036737718,-0.637111141421518,0.637111141421518
2K5P.pdb,D50E,49,0.2496935585885777,-0.0677115,-0.31740506090219156,0.31740506090219156
2K5P.pdb,D50N,49,0.2021260832981544,0.08692599,-0.11520009241861873,0.11520009241861873
2K5P.pdb,D50H,49,0.554760981242808,0.02196236,-0.532798621695193,0.532798621695193
2K5P.pdb,D50R,49,1.0027018582542255,0.08872654,-0.9139753153641537,0.9139753153641537
2K5P.pdb,D50K,49,0.8259348101239934,-0.10143436,-0.9273691675883069,0.9273691675883069
2K5P.pdb,D50T,49,0.3744162084723119,-0.007348083,-0.38176429143196383,0.38176429143196383
2K5P.pdb,D50S,49,0.0265900362378186,-0.09492997,-0.12152000703869521,0.12152000703869521
2K5P.pdb,D50A,49,0.3100280615028383,-0.2641969,-0.5742249640163424,0.5742249640163424
2K5P.pdb,D50G,49,0.2404378663848789,-0.11439001,-0.3548278745364101,0.3548278745364101
2K5P.pdb,D50M,49,0.6513078911018497,0.03263198,-0.6186759127092487,0.6186759127092487
2K5P.pdb,D50L,49,0.643017721827877,-0.06747445,-0.7104921690186385,0.7104921690186385
2K5P.pdb,D50V,49,0.8805857865587936,0.028111413,-0.8524743734375702,0.8524743734375702
2K5P.pdb,D50I,49,0.9447930759482772,0.10117272,-0.8436203530722053,0.8436203530722053
2K5P.pdb,D50W,49,0.5305111948092709,0.02201172,-0.5084994751652012,0.5084994751652012
2K5P.pdb,D50Y,49,0.8206939590581446,0.09445355,-0.7262404081829577,0.7262404081829577
2K5P.pdb,D50F,49,0.809548863703919,0.1318163,-0.6777325659343725,0.6777325659343725
2K5P.pdb,D50P,49,0.7130492625711271,-0.065467075,-0.7785163370845625,0.7785163370845625
2K5P.pdb,D50C,49,0.5028743751368507,-0.20965326,-0.7125276334605202,0.7125276334605202
2K5P.pdb,A51Q,50,-0.0787366808919873,-0.13211998,-0.05338330254268982,0.05338330254268982
2K5P.pdb,A51E,50,0.2292006578931595,0.078844346,-0.1503563117871071,0.1503563117871071
2K5P.pdb,A51N,50,-0.1736259737403624,-0.063047044,0.11057892976119446,0.11057892976119446
2K5P.pdb,A51H,50,-0.4613341373939441,-0.119900376,0.34143376178931456,0.34143376178931456
2K5P.pdb,A51D,50,0.2043435773866377,0.16481155,-0.03953202581574536,0.03953202581574536
2K5P.pdb,A51R,50,-0.5493387276222901,-0.07376163,0.47557710054423374,0.47557710054423374
2K5P.pdb,A51K,50,-0.363350858634198,-0.16723335,0.1961175107414368,0.1961175107414368
2K5P.pdb,A51T,50,-0.8098314101637687,-0.24913892,0.5606924886645164,0.5606924886645164
2K5P.pdb,A51S,50,-0.4426249848626278,-0.07566567,0.366959317209544,0.366959317209544
2K5P.pdb,A51G,50,0.3648606417922817,0.31955686,-0.04530377967642174,0.04530377967642174
2K5P.pdb,A51M,50,-0.1709744746159569,-0.18913671,-0.018162239127252927,0.018162239127252927
2K5P.pdb,A51L,50,-0.1988633630204082,-0.17978498,0.01907837962387804,0.01907837962387804
2K5P.pdb,A51V,50,-0.347022851127531,-0.16220522,0.18481763185873218,0.18481763185873218
2K5P.pdb,A51I,50,-0.4639859881464652,-0.30779967,0.15618632102648533,0.15618632102648533
2K5P.pdb,A51W,50,-0.5533825495952662,-0.12213234,0.43125021101179684,0.43125021101179684
2K5P.pdb,A51Y,50,-0.7168486348074161,-0.12672034,0.5901282957475864,0.5901282957475864
2K5P.pdb,A51F,50,-0.6491388505825162,-0.14217642,0.5069624310859799,0.5069624310859799
2K5P.pdb,A51P,50,2.128877999905549,1.1152147,-1.013663294438325,1.013663294438325
2K5P.pdb,A51C,50,-0.2567239037754354,-0.35315233,-0.09642843091465858,0.09642843091465858
2K5P.pdb,T52Q,51,1.2253074581942196,0.54898286,-0.6763245995363827,0.6763245995363827
2K5P.pdb,T52E,51,1.85734865833105,0.8341187,-1.0232299344617262,1.0232299344617262
2K5P.pdb,T52N,51,1.820012363697414,1.0227634,-0.7972489922298236,0.7972489922298236
2K5P.pdb,T52H,51,1.2099390953839788,0.5751377,-0.6348014205754766,0.6348014205754766
2K5P.pdb,T52D,51,2.309176659320959,1.3795785,-0.9295981881371822,0.9295981881371822
2K5P.pdb,T52R,51,0.8765341086092406,0.6438916,-0.23264253565697013,0.23264253565697013
2K5P.pdb,T52K,51,1.2015945535862036,0.67671573,-0.524878821965415,0.524878821965415
2K5P.pdb,T52S,51,1.3860029641854104,0.5393088,-0.8466941777931984,0.8466941777931984
2K5P.pdb,T52A,51,1.0651389120085035,0.5522162,-0.5129227397901808,0.5129227397901808
2K5P.pdb,T52G,51,2.2866741249910305,1.4319986,-0.8546755144945095,0.8546755144945095
2K5P.pdb,T52M,51,1.06784448716556,0.21410087,-0.853743619655718,0.853743619655718
2K5P.pdb,T52L,51,1.2653215967442812,0.34799564,-0.9173259578969302,0.9173259578969302
2K5P.pdb,T52V,51,0.2659766939742383,0.02279675,-0.24317994390557374,0.24317994390557374
2K5P.pdb,T52I,51,0.1011106305803353,-0.02139917,-0.12250980074062888,0.12250980074062888
2K5P.pdb,T52W,51,1.2786074095510849,0.11487606,-1.1637313478731521,1.1637313478731521
2K5P.pdb,T52Y,51,0.9568666258831388,0.11105427,-0.8458123544235593,0.8458123544235593
2K5P.pdb,T52F,51,1.096655008549675,0.11256686,-0.9840881500196303,0.9840881500196303
2K5P.pdb,T52P,51,2.273238989809335,1.993329,-0.27990994165259675,0.27990994165259675
2K5P.pdb,T52C,51,1.2020784256753876,-0.03491482,-1.2369932470617249,1.2369932470617249
2K5P.pdb,T53Q,52,-0.1774575576891601,0.32825464,0.5057121977915466,0.5057121977915466
2K5P.pdb,T53E,52,0.3738610944124638,0.58843195,0.2145708599713863,0.2145708599713863
2K5P.pdb,T53N,52,0.3615965608038434,0.9714166,0.609820031794118,0.609820031794118
2K5P.pdb,T53H,52,0.1149020085496728,0.44461897,0.32971696160604314,0.32971696160604314
2K5P.pdb,T53D,52,0.8023644274567696,1.1348124,0.3324479275847343,0.3324479275847343
2K5P.pdb,T53R,52,-0.3017912285641539,0.54111993,0.8429111616925109,0.8429111616925109
2K5P.pdb,T53K,52,0.1188198086370828,0.4415555,0.3227356913934348,0.3227356913934348
2K5P.pdb,T53S,52,0.4898182179948822,0.6253042,0.13548600411205142,0.13548600411205142
2K5P.pdb,T53A,52,0.5024204484433357,0.47210667,-0.030313783070487155,0.030313783070487155
2K5P.pdb,T53G,52,1.1858329567469954,1.2483574,0.06252445845228438,0.06252445845228438
2K5P.pdb,T53M,52,-0.488535346481056,-0.04420781,0.4443275351254652,0.4443275351254652
2K5P.pdb,T53L,52,-0.541718107056341,-0.18355569,0.35816241462203013,0.35816241462203013
2K5P.pdb,T53V,52,-0.2593863522942117,-0.373855,-0.11446864247965305,0.11446864247965305
2K5P.pdb,T53I,52,-0.6458656244919863,-0.57705545,0.06881017023783587,0.06881017023783587
2K5P.pdb,T53W,52,-0.9334481780837764,-0.1875757,0.7458724801849117,0.7458724801849117
2K5P.pdb,T53Y,52,-1.1322077618526998,-0.059243977,1.072963784782845,1.072963784782845
2K5P.pdb,T53F,52,-0.9972622444883807,-0.11855227,0.8787099769369586,0.8787099769369586
2K5P.pdb,T53P,52,0.5887102927180747,1.6243572,1.0356469307926675,1.0356469307926675
2K5P.pdb,T53C,52,-0.4678945691193679,-0.1478967,0.319997862061415,0.319997862061415
2K5P.pdb,V54Q,53,2.177792444261613,2.3035955,0.12580309864610184,0.12580309864610184
2K5P.pdb,V54E,53,2.6945409179185646,2.0993454,-0.5951954722856301,0.5951954722856301
2K5P.pdb,V54N,53,2.283467477908368,2.1651464,-0.1183211270477722,0.1183211270477722
2K5P.pdb,V54H,53,2.3526408178607983,2.0276918,-0.32494897673531,0.32494897673531
2K5P.pdb,V54D,53,2.6449563070954136,2.4039133,-0.24104304758918804,0.24104304758918804
2K5P.pdb,V54R,53,2.4388856929807905,2.4361372,-0.0027484935789350295,0.0027484935789350295
2K5P.pdb,V54K,53,2.3078614094202874,2.38867,0.0808085582310798,0.0808085582310798
2K5P.pdb,V54T,53,2.1070384918242038,1.6962712,-0.4107673107176364,0.4107673107176364
2K5P.pdb,V54S,53,2.0178489390992853,2.2071528,0.1893039043760565,0.1893039043760565
2K5P.pdb,V54A,53,2.038302696889424,1.7280099,-0.3102927576956982,0.3102927576956982
2K5P.pdb,V54G,53,2.2995907379566813,2.1372082,-0.16238251461378583,0.16238251461378583
2K5P.pdb,V54M,53,1.6833486410658602,1.4080442,-0.27530442204883143,0.27530442204883143
2K5P.pdb,V54L,53,0.2686606852185713,1.0280528,0.7593921216356767,0.7593921216356767
2K5P.pdb,V54I,53,0.2427317693881341,0.25484824,0.012116472417896179,0.012116472417896179
2K5P.pdb,V54W,53,2.0655721077828244,1.9067891,-0.15878304337547577,0.15878304337547577
2K5P.pdb,V54Y,53,2.198174065384488,1.7177315,-0.48044258955440977,0.48044258955440977
2K5P.pdb,V54F,53,1.6333366775123834,1.5611026,-0.07223404880449769,0.07223404880449769
2K5P.pdb,V54P,53,2.245296353261044,2.275004,0.029707556803653112,0.029707556803653112
2K5P.pdb,V54C,53,1.6348515974016449,1.0265619,-0.6082897411318084,0.6082897411318084
2K5P.pdb,K55Q,54,0.4903306607654358,0.37109345,-0.11923720878865968,0.11923720878865968
2K5P.pdb,K55E,54,1.2975817998788473,0.7876141,-0.5099676927468892,0.5099676927468892
2K5P.pdb,K55N,54,0.5106201901708212,0.28081447,-0.22980572131019494,0.22980572131019494
2K5P.pdb,K55H,54,0.0886520815867788,-0.023675784,-0.11232786605542962,0.11232786605542962
2K5P.pdb,K55D,54,1.9640441049801944,1.2747424,-0.6893017400967716,0.6893017400967716
2K5P.pdb,K55R,54,0.0064388210304962,-0.074028686,-0.08046750671946867,0.08046750671946867
2K5P.pdb,K55T,54,0.6629489568062432,0.0051531047,-0.657795852143348,0.657795852143348
2K5P.pdb,K55S,54,0.699473871557732,0.38648093,-0.3129929440903858,0.3129929440903858
2K5P.pdb,K55A,54,1.0707829201653327,0.42449194,-0.6462909782364692,0.6462909782364692
2K5P.pdb,K55G,54,1.234695216719892,0.798579,-0.43611623913505304,0.43611623913505304
2K5P.pdb,K55M,54,0.5989062733461428,0.109405205,-0.48950106869240284,0.48950106869240284
2K5P.pdb,K55L,54,0.9963448103965636,-0.040568992,-1.0369138028921006,1.0369138028921006
2K5P.pdb,K55V,54,0.400753392649408,-0.16813226,-0.5688856530911881,0.5688856530911881
2K5P.pdb,K55I,54,0.8264212417144621,0.034582287,-0.7918389546413267,0.7918389546413267
2K5P.pdb,K55W,54,0.7445990282718535,0.14971209,-0.5948869425479766,0.5948869425479766
2K5P.pdb,K55Y,54,0.1400680021717857,-0.04046552,-0.18053352100399242,0.18053352100399242
2K5P.pdb,K55F,54,0.4488311574839079,0.14305314,-0.3057780132673704,0.3057780132673704
2K5P.pdb,K55P,54,2.24145307689721,2.040689,-0.200764085350579,0.200764085350579
2K5P.pdb,K55C,54,0.5938593721203524,-0.30278158,-0.8966409539990146,0.8966409539990146
2K5P.pdb,D56Q,55,0.8206835959836074,0.9766388,0.1559551979617051,0.1559551979617051
2K5P.pdb,D56E,55,0.3935910758338234,0.5518272,0.15823611647269514,0.15823611647269514
2K5P.pdb,D56N,55,0.1560162830252114,0.5928639,0.4368476343255576,0.4368476343255576
2K5P.pdb,D56H,55,0.8321288806291631,1.139009,0.3068801182416865,0.3068801182416865
2K5P.pdb,D56R,55,1.4049698306534726,1.1286736,-0.2762962771866757,0.2762962771866757
2K5P.pdb,D56K,55,1.4811102776815113,0.99529064,-0.4858196406652149,0.4858196406652149
2K5P.pdb,D56T,55,0.2816339761879973,0.54461634,0.26298236540288406,0.26298236540288406
2K5P.pdb,D56S,55,0.0814430653263231,0.34952146,0.2680783928226332,0.2680783928226332
2K5P.pdb,D56A,55,0.4382882463757629,0.3063203,-0.13196793673678586,0.13196793673678586
2K5P.pdb,D56G,55,0.8337893313625107,0.6459658,-0.18782351677205655,0.18782351677205655
2K5P.pdb,D56M,55,1.1784701984001829,1.2576063,0.07913606952889429,0.07913606952889429
2K5P.pdb,D56L,55,1.697367632468324,0.967505,-0.7298626542883924,0.7298626542883924
2K5P.pdb,D56V,55,1.5292895674660556,0.8026015,-0.72668805121926,0.72668805121926
2K5P.pdb,D56I,55,1.5412905130473906,1.0068069,-0.534483662614041,0.534483662614041
2K5P.pdb,D56W,55,1.119188103690277,1.3831015,0.263913359627594,0.263913359627594
2K5P.pdb,D56Y,55,1.294664119490834,1.3842918,0.08962764858320171,0.08962764858320171
2K5P.pdb,D56F,55,1.4609621918744888,1.4253961,-0.03556610708902741,0.03556610708902741
2K5P.pdb,D56P,55,0.7797438764269851,0.8968921,0.11714819434327861,0.11714819434327861
2K5P.pdb,D56C,55,1.162712494574382,0.79470223,-0.3680102626903794,0.3680102626903794
2K5P.pdb,G57Q,56,1.7270061687224754,1.3744345,-0.35257169759210427,0.35257169759210427
2K5P.pdb,G57E,56,1.9952094171059247,1.6713533,-0.3238560769569989,0.3238560769569989
2K5P.pdb,G57N,56,1.377268733816784,1.0342674,-0.34300130827967457,0.34300130827967457
2K5P.pdb,G57H,56,1.485256006734846,1.1871927,-0.29806332828330784,0.29806332828330784
2K5P.pdb,G57D,56,1.6603203602855063,1.4447935,-0.21552689753221044,0.21552689753221044
2K5P.pdb,G57R,56,1.538770251318141,1.3526996,-0.18607061390511603,0.18607061390511603
2K5P.pdb,G57K,56,1.5033455135445963,1.2768261,-0.22651937027982583,0.22651937027982583
2K5P.pdb,G57T,56,1.67174791857063,1.3424188,-0.3293291287070437,0.3293291287070437
2K5P.pdb,G57S,56,1.8211574567188495,1.1794952,-0.641662241302895,0.641662241302895
2K5P.pdb,G57A,56,1.644801727597125,1.4082397,-0.23656200534523286,0.23656200534523286
2K5P.pdb,G57M,56,1.5876286979810137,1.1706928,-0.4169358965054888,0.4169358965054888
2K5P.pdb,G57L,56,1.8908516782418952,1.1300018,-0.7608498948709235,0.7608498948709235
2K5P.pdb,G57V,56,2.2030922164351145,1.6269336,-0.5761586417586009,0.5761586417586009
2K5P.pdb,G57I,56,2.251166984249733,1.6103321,-0.6408348528639296,0.6408348528639296
2K5P.pdb,G57W,56,1.8349195349764216,1.3690956,-0.46582397108787177,0.46582397108787177
2K5P.pdb,G57Y,56,1.767719882956015,1.2360833,-0.5316366138367523,0.5316366138367523
2K5P.pdb,G57F,56,1.9006558495523116,0.9876158,-0.913040025806584,0.913040025806584
2K5P.pdb,G57P,56,2.226084865362864,2.269175,0.04309018727995806,0.04309018727995806
2K5P.pdb,G57C,56,1.3246596673299278,0.6834691,-0.6411905506421531,0.6411905506421531
2K5P.pdb,D58Q,57,2.2571593790175366,1.6077521,-0.6494072942854809,0.6494072942854809
2K5P.pdb,D58E,57,1.849721638363804,1.503746,-0.34597560564896024,0.34597560564896024
2K5P.pdb,D58N,57,2.178063570390277,1.275801,-0.9022626270156433,0.9022626270156433
2K5P.pdb,D58H,57,1.9166619516890817,1.8586879,-0.057974074034052414,0.057974074034052414
2K5P.pdb,D58R,57,2.622715118977188,2.352835,-0.26988017902052297,0.26988017902052297
2K5P.pdb,D58K,57,2.39987380078722,2.2663178,-0.13355595639635087,0.13355595639635087
2K5P.pdb,D58T,57,1.9971860912437187,1.6989022,-0.29828384190747603,0.29828384190747603
2K5P.pdb,D58S,57,1.6405100900149878,1.4612443,-0.1792657453036841,0.1792657453036841
2K5P.pdb,D58A,57,1.6437599078176257,1.4870312,-0.1567286864278552,0.1567286864278552
2K5P.pdb,D58G,57,2.309270601256056,1.8724113,-0.436859350187941,0.436859350187941
2K5P.pdb,D58M,57,1.5068152543055433,1.6508771,0.14406186380511343,0.14406186380511343
2K5P.pdb,D58L,57,1.975179622021877,1.659648,-0.31553168043252144,0.31553168043252144
2K5P.pdb,D58I,57,1.976546496786516,1.8261455,-0.15040096703950678,0.15040096703950678
2K5P.pdb,D58W,57,1.89665029624748,1.9362489,0.0395986022586845,0.0395986022586845
2K5P.pdb,D58Y,57,1.728417893047084,1.8315767,0.10315881193185894,0.10315881193185894
2K5P.pdb,D58F,57,1.7724538687810023,1.7263485,-0.04610534945574596,0.04610534945574596
2K5P.pdb,D58P,57,2.283030848444763,2.651827,0.3687962484943239,0.3687962484943239
2K5P.pdb,D58C,57,1.3843930684673909,1.3882049,0.003811863745438737,0.003811863745438737
2K5P.pdb,A59Q,58,-0.1554612649737001,-0.17122185,-0.01576058732885116,0.01576058732885116
2K5P.pdb,A59E,58,-0.0125685425373101,0.21478584,0.2273543866249108,0.2273543866249108
2K5P.pdb,A59N,58,-0.1021170126444079,0.1686807,0.2707977103239275,0.2707977103239275
2K5P.pdb,A59H,58,-0.3637738125718841,-0.066736445,0.29703736774098966,0.29703736774098966
2K5P.pdb,A59D,58,0.613392230215976,0.69246584,0.07907361155419612,0.07907361155419612
2K5P.pdb,A59R,58,-0.6229954256247869,-0.35417414,0.2688212885093084,0.2688212885093084
2K5P.pdb,A59K,58,-0.489032773457855,-0.29560232,0.19343045183309915,0.19343045183309915
2K5P.pdb,A59T,58,-0.4578491744440605,-0.37385845,0.08399072260079876,0.08399072260079876
2K5P.pdb,A59S,58,-0.3905711382192809,-0.016710497,0.3738606407803733,0.3738606407803733
2K5P.pdb,A59G,58,1.1325332340555478,0.60868305,-0.5238501843767454,0.5238501843767454
2K5P.pdb,A59M,58,0.1571070406246768,-0.2981083,-0.45521535013204684,0.45521535013204684
2K5P.pdb,A59L,58,0.321312503944291,-0.2736282,-0.5949407090052499,0.5949407090052499
2K5P.pdb,A59V,58,-0.9509847800932948,-0.49638662,0.4545981626711909,0.4545981626711909
2K5P.pdb,A59I,58,-0.7962333379818234,-0.6654642,0.13076911555064052,0.13076911555064052
2K5P.pdb,A59W,58,-0.2582175748872637,-0.1412019,0.1170156764316439,0.1170156764316439
2K5P.pdb,A59Y,58,-0.28765141944044,-0.20260298,0.08504843691938285,0.08504843691938285
2K5P.pdb,A59F,58,-0.2874811109449875,-0.24812892,0.03935219015145419,0.03935219015145419
2K5P.pdb,A59P,58,2.219423748320623,1.1610248,-1.0583989394369562,1.0583989394369562
2K5P.pdb,A59C,58,-0.4092862370245735,-0.40406424,0.005221998953131857,0.005221998953131857
2K5P.pdb,V60Q,59,2.068118997810636,2.5498583,0.48173933386966183,0.48173933386966183
2K5P.pdb,V60E,59,2.299761128218152,2.414649,0.11488788148643803,0.11488788148643803
2K5P.pdb,V60N,59,2.1950088373040253,2.2663016,0.07129279462346494,0.07129279462346494
2K5P.pdb,V60H,59,2.0894292904462386,2.0061915,-0.08323779836555012,0.08323779836555012
2K5P.pdb,V60D,59,1.9261507307356869,2.5802236,0.6540728295975651,0.6540728295975651
2K5P.pdb,V60R,59,2.2318383465094365,2.54126,0.30942165753414264,0.30942165753414264
2K5P.pdb,V60K,59,2.2449713112844094,2.5354671,0.290495836542739,0.290495836542739
2K5P.pdb,V60T,59,2.0420505809249403,2.042044,-6.656593275256029e-06,6.656593275256029e-06
2K5P.pdb,V60S,59,2.1370109122790395,2.394794,0.2577830749951304,0.2577830749951304
2K5P.pdb,V60A,59,2.1302213995440478,1.7182194,-0.4120020000918383,0.4120020000918383
2K5P.pdb,V60G,59,2.306061477138075,2.2316644,-0.07439705796388063,0.07439705796388063
2K5P.pdb,V60M,59,1.3912365508943716,1.1927326,-0.1985039783388296,0.1985039783388296
2K5P.pdb,V60L,59,-0.0223389608261657,0.74164116,0.7639801246521545,0.7639801246521545
2K5P.pdb,V60I,59,-0.259038404609945,-0.0115863085,0.2474520961306359,0.2474520961306359
2K5P.pdb,V60W,59,1.7590622421543711,1.7598215,0.0007592920024281913,0.0007592920024281913
2K5P.pdb,V60Y,59,1.6278244141436973,1.5548866,-0.07293783463014747,0.07293783463014747
2K5P.pdb,V60F,59,0.4509528967023435,1.3586841,0.9077311662554202,0.9077311662554202
2K5P.pdb,V60P,59,1.7788690644739622,2.5588825,0.7800134104253298,0.7800134104253298
2K5P.pdb,V60C,59,1.351879914194415,0.971326,-0.3805539206565123,0.3805539206565123
2K5P.pdb,E61Q,60,-0.144637897359845,-0.3435182,-0.1988803001766235,0.1988803001766235
2K5P.pdb,E61N,60,-1.19805655230327,-0.0173302,1.1807263528232133,1.1807263528232133
2K5P.pdb,E61H,60,0.0478042458422196,-0.23349464,-0.2812988852388871,0.2812988852388871
2K5P.pdb,E61D,60,-0.0123262460612965,0.56565887,0.5779851134204579,0.5779851134204579
2K5P.pdb,E61R,60,-1.1718733951644302,-0.6249056,0.5469678089217545,0.5469678089217545
2K5P.pdb,E61K,60,-0.7866972381416923,-0.53723764,0.2494595939461357,0.2494595939461357
2K5P.pdb,E61T,60,-0.4955083816834351,-0.52240014,-0.026891759078894018,0.026891759078894018
2K5P.pdb,E61S,60,-0.1313417811026447,-0.047777146,0.08356463500164676,0.08356463500164676
2K5P.pdb,E61A,60,0.167480265269257,-0.18604106,-0.35352132237908973,0.35352132237908973
2K5P.pdb,E61G,60,0.8963690951314311,0.66990346,-0.22646563796666674,0.22646563796666674
2K5P.pdb,E61M,60,-0.1725205178818361,-0.5242539,-0.35173338693765244,0.35173338693765244
2K5P.pdb,E61L,60,-0.1193378713781005,-0.57092524,-0.45158736437019054,0.45158736437019054
2K5P.pdb,E61V,60,-0.7418528935274358,-0.75254476,-0.010691867176604752,0.010691867176604752
2K5P.pdb,E61I,60,-0.412225768427223,-0.8289898,-0.4167640353638231,0.4167640353638231
2K5P.pdb,E61W,60,-1.43973914367675,-0.4527467,0.9869924543571393,0.9869924543571393
2K5P.pdb,E61Y,60,-0.6163363217664362,-0.4374745,0.17886183255440002,0.17886183255440002
2K5P.pdb,E61F,60,-0.3572774338974493,-0.4332289,-0.07595147607188052,0.07595147607188052
2K5P.pdb,E61P,60,2.966123006156784,1.387924,-1.5781990502394256,1.5781990502394256
2K5P.pdb,E61C,60,-0.6737391431865638,-0.6515597,0.022179432683939293,0.022179432683939293
2K5P.pdb,F62Q,61,2.184808376470741,2.3627028,0.1778944700563585,0.1778944700563585
2K5P.pdb,F62E,61,2.3644895724762285,2.4133515,0.048861963320890656,0.048861963320890656
2K5P.pdb,F62N,61,2.2443888479203484,2.14741,-0.09697893199627616,0.09697893199627616
2K5P.pdb,F62H,61,2.054811672448749,2.1466138,0.09180216383970308,0.09180216383970308
2K5P.pdb,F62D,61,2.0984527487012645,2.3156216,0.21716886575491223,0.21716886575491223
2K5P.pdb,F62R,61,2.2137194308996127,2.3088074,0.09508794214726235,0.09508794214726235
2K5P.pdb,F62K,61,2.1062314238687088,2.2690923,0.16286089752716526,0.16286089752716526
2K5P.pdb,F62T,61,1.786086504087469,1.5784278,-0.20765871249200996,0.20765871249200996
2K5P.pdb,F62S,61,2.044121096147618,2.0875351,0.043414046750941626,0.043414046750941626
2K5P.pdb,F62A,61,2.0974129880328083,1.8852607,-0.2121522868533039,0.2121522868533039
2K5P.pdb,F62G,61,2.3683589308853046,2.1443768,-0.2239821761245624,0.2239821761245624
2K5P.pdb,F62M,61,1.1186234359704157,0.5163121,-0.602311313625445,0.602311313625445
2K5P.pdb,F62L,61,-0.1300561575656718,0.49252594,0.6225820927387065,0.6225820927387065
2K5P.pdb,F62V,61,0.1271070803786718,0.8843269,0.7572197948311366,0.7572197948311366
2K5P.pdb,F62I,61,-0.9347928274617728,0.28376722,1.218560050819927,1.218560050819927
2K5P.pdb,F62W,61,0.520747091593317,0.9355167,0.41476962345642665,0.41476962345642665
2K5P.pdb,F62Y,61,0.8415593048089001,0.88949966,0.04794035949774056,0.04794035949774056
2K5P.pdb,F62P,61,1.8986002998013287,2.4067025,0.508102218661806,0.508102218661806
2K5P.pdb,F62C,61,1.1946126996201447,0.8779365,-0.3166762171906403,0.3166762171906403
2K5P.pdb,L63Q,62,0.1027852160204183,0.5282641,0.4254788892995585,0.4254788892995585
2K5P.pdb,L63E,62,0.4834061845245112,0.9689886,0.4855824128685247,0.4855824128685247
2K5P.pdb,L63N,62,0.1575367268258758,0.5974802,0.43994345105345767,0.43994345105345767
2K5P.pdb,L63H,62,-0.5958592794639115,0.31677124,0.9126305185061936,0.9126305185061936
2K5P.pdb,L63D,62,0.7713955857732786,1.232681,0.4612854502222048,0.4612854502222048
2K5P.pdb,L63R,62,-0.463131633320164,0.2862242,0.7493558197406047,0.7493558197406047
2K5P.pdb,L63K,62,-0.4196007055484907,0.30927998,0.7288806838237898,0.7288806838237898
2K5P.pdb,L63T,62,-0.6980674510578941,0.25420654,0.9522739892582726,0.9522739892582726
2K5P.pdb,L63S,62,-0.5665012346025415,0.5583089,1.12481013400516,1.12481013400516
2K5P.pdb,L63A,62,0.1030287958510638,0.6686404,0.5656115792862653,0.5656115792862653
2K5P.pdb,L63G,62,0.0467594887584219,1.0671943,1.0204348538547983,1.0204348538547983
2K5P.pdb,L63M,62,0.0397665601023518,0.22134224,0.18157567570125233,0.18157567570125233
2K5P.pdb,L63V,62,-0.1960736625083998,0.07661477,0.27268842982140334,0.27268842982140334
2K5P.pdb,L63I,62,-0.5325843048661612,-0.18932891,0.34325539594587307,0.34325539594587307
2K5P.pdb,L63W,62,-1.5778546243401976,0.2969538,1.8748084216805907,1.8748084216805907
2K5P.pdb,L63Y,62,-1.347876708058414,0.21171002,1.5595867289581866,1.5595867289581866
2K5P.pdb,L63F,62,-0.6963144988646515,0.24670248,0.9430169762005813,0.9430169762005813
2K5P.pdb,L63P,62,1.641233671211647,1.5175581,-0.12367557337229163,0.12367557337229163
2K5P.pdb,L63C,62,-0.5704518972851758,0.083349854,0.6538017510392193,0.6538017510392193
2K5P.pdb,Y64Q,63,0.8308397542067474,1.5078427,0.677002905743509,0.677002905743509
2K5P.pdb,Y64E,63,0.8537118003003017,1.497896,0.644184155739127,0.644184155739127
2K5P.pdb,Y64N,63,0.616700811708915,1.5582411,0.9415403172125938,0.9415403172125938
2K5P.pdb,Y64H,63,0.4941961625005096,0.86741185,0.373215689382425,0.373215689382425
2K5P.pdb,Y64D,63,0.7564349649115618,1.6467252,0.8902902128533308,0.8902902128533308
2K5P.pdb,Y64R,63,0.985529937171648,1.4433323,0.4578023773196239,0.4578023773196239
2K5P.pdb,Y64K,63,1.136395081166652,1.5066156,0.37022055756625805,0.37022055756625805
2K5P.pdb,Y64T,63,0.6271194599937113,1.3213141,0.6941946364570943,0.6941946364570943
2K5P.pdb,Y64S,63,0.650136583966862,1.4669905,0.8168538869193684,0.8168538869193684
2K5P.pdb,Y64A,63,0.8507959196076824,1.439204,0.5884080579771565,0.5884080579771565
2K5P.pdb,Y64G,63,0.9307704552958432,1.8408829,0.9101124420811709,0.9101124420811709
2K5P.pdb,Y64M,63,0.599786235620364,1.19909,0.5993037683469211,0.5993037683469211
2K5P.pdb,Y64L,63,0.5899397740331984,1.1329951,0.5430553545983934,0.5430553545983934
2K5P.pdb,Y64V,63,0.3992807113143635,1.1043249,0.7050442255523968,0.7050442255523968
2K5P.pdb,Y64I,63,0.413293127851595,1.098688,0.685394878549467,0.685394878549467
2K5P.pdb,Y64W,63,-0.0642059512548001,0.32072467,0.38493061737342193,0.38493061737342193
2K5P.pdb,Y64F,63,0.2606620460350175,0.5387606,0.2780985564391951,0.2780985564391951
2K5P.pdb,Y64P,63,0.7365042611320107,2.0550654,1.3185611323158652,1.3185611323158652
2K5P.pdb,Y64C,63,0.0355958545232617,0.8300096,0.7944137251352466,0.7944137251352466
2K9D.pdb,S1Q,0,-0.2574789627514282,0.11285033,0.3703292935214439,0.3703292935214439
2K9D.pdb,S1E,0,-1.051816132759232,0.08415343,1.1359695614329761,1.1359695614329761
2K9D.pdb,S1N,0,-0.2381083336775602,0.060225226,0.29833355966261044,0.29833355966261044
2K9D.pdb,S1H,0,-0.0796555671682002,0.113285564,0.19294113105436583,0.19294113105436583
2K9D.pdb,S1D,0,-0.7496182998829624,0.05645807,0.8060763707571765,0.8060763707571765
2K9D.pdb,S1R,0,0.020178248674747,0.16600737,0.14582912108195162,0.14582912108195162
2K9D.pdb,S1K,0,0.0585391169329039,0.062209204,0.003670086906398161,0.003670086906398161
2K9D.pdb,S1T,0,0.111787050918044,0.11428465,0.0024975985732661188,0.0024975985732661188
2K9D.pdb,S1A,0,-0.5071856166009954,-0.061856166,0.44532945107269795,0.44532945107269795
2K9D.pdb,S1G,0,0.1958683256607956,0.11515809,-0.0807102371555275,0.0807102371555275
2K9D.pdb,S1M,0,-0.0714246382660519,0.10394256,0.17536719643541682,0.17536719643541682
2K9D.pdb,S1L,0,-0.0017882536449849,0.075057104,0.07684535787491197,0.07684535787491197
2K9D.pdb,S1V,0,0.2219752050372347,0.13251856,-0.08945664534294454,0.08945664534294454
2K9D.pdb,S1I,0,0.1574091297194151,0.14238925,-0.01501987693754711,0.01501987693754711
2K9D.pdb,S1W,0,0.8016694919677478,0.04207582,-0.7595936717005474,0.7595936717005474
2K9D.pdb,S1Y,0,0.8898730769661611,0.1511587,-0.7387143716124243,0.7387143716124243
2K9D.pdb,S1F,0,0.7402259288654318,0.20566875,-0.5345571814403525,0.5345571814403525
2K9D.pdb,S1P,0,1.2335264750114172,0.26140028,-0.9721261926284521,0.9721261926284521
2K9D.pdb,S1C,0,0.2316273294417681,-0.10537343,-0.33700075671361107,0.33700075671361107
2K9D.pdb,V2Q,1,-0.0013854342762535,0.35682893,0.3582143622700279,0.3582143622700279
2K9D.pdb,V2E,1,-0.0145396790910288,0.39446235,0.40900202612166847,0.40900202612166847
2K9D.pdb,V2N,1,0.3658986594344844,0.45238423,0.08648557404024704,0.08648557404024704
2K9D.pdb,V2H,1,-0.4468614932052674,0.21787468,0.6647361691944185,0.6647361691944185
2K9D.pdb,V2D,1,0.3429790747969332,0.5672445,0.2242654549271879,0.2242654549271879
2K9D.pdb,V2R,1,-0.101659766981784,0.3771754,0.47883515770215146,0.47883515770215146
2K9D.pdb,V2K,1,-0.1711650012713641,0.33616316,0.5073281644564838,0.5073281644564838
2K9D.pdb,V2T,1,-0.0624107547369487,0.30705673,0.3694674797621257,0.3694674797621257
2K9D.pdb,V2S,1,0.2444210921605201,0.41850358,0.17408249031704948,0.17408249031704948
2K9D.pdb,V2A,1,-0.1637794697925652,0.23603716,0.3998166347190941,0.3998166347190941
2K9D.pdb,V2G,1,0.5191273693249729,0.5270807,0.007953345377633259,0.007953345377633259
2K9D.pdb,V2M,1,-0.3227140616186177,0.17322877,0.49594283211307877,0.49594283211307877
2K9D.pdb,V2L,1,-0.4342976981899178,0.0859541,0.5202517980834878,0.5202517980834878
2K9D.pdb,V2I,1,-0.384472767457193,-0.006833181,0.37763958667201386,0.37763958667201386
2K9D.pdb,V2W,1,-0.4004747388204355,-0.027255386,0.373219352706315,0.373219352706315
2K9D.pdb,V2Y,1,-0.5143716702037939,-0.020104378,0.49426729174195616,0.49426729174195616
2K9D.pdb,V2F,1,-0.3552340018056434,0.061114132,0.4163481342099708,0.4163481342099708
2K9D.pdb,V2P,1,1.055088777726488,0.73376715,-0.32132162589390734,0.32132162589390734
2K9D.pdb,V2C,1,-0.1452870632103833,-0.048015714,0.09727134951867186,0.09727134951867186
2K9D.pdb,I3Q,2,1.4409145801522034,1.1788992,-0.26201541118400273,0.26201541118400273
2K9D.pdb,I3E,2,0.7097694294604797,1.334896,0.6251265389767151,0.6251265389767151
2K9D.pdb,I3N,2,2.130311800711537,1.4883857,-0.6419261233738904,0.6419261233738904
2K9D.pdb,I3H,2,1.1177823559662463,1.0085633,-0.10921907586065549,0.10921907586065549
2K9D.pdb,I3D,2,1.360902284411075,1.5505242,0.18962195036065355,0.18962195036065355
2K9D.pdb,I3R,2,2.031978913548929,1.4280962,-0.6038827383551424,0.6038827383551424
2K9D.pdb,I3K,2,2.201819048785727,1.3466592,-0.8551598652835297,0.8551598652835297
2K9D.pdb,I3T,2,1.2537698120371492,1.0020505,-0.2517192930475862,0.2517192930475862
2K9D.pdb,I3S,2,1.783843812986643,1.2943017,-0.4895420647108861,0.4895420647108861
2K9D.pdb,I3A,2,0.99795027942069,0.9221934,-0.0757568714082999,0.0757568714082999
2K9D.pdb,I3G,2,2.149148298625265,1.5736709,-0.5754774345200402,0.5754774345200402
2K9D.pdb,I3M,2,0.5175039310052152,0.5483345,0.030830548326755025,0.030830548326755025
2K9D.pdb,I3L,2,-0.3554103995543936,0.1378429,0.49325329315485744,0.49325329315485744
2K9D.pdb,I3V,2,0.4628492099076329,0.30191988,-0.1609293323784886,0.1609293323784886
2K9D.pdb,I3W,2,1.254785094934785,0.3070178,-0.9477672917426463,0.9477672917426463
2K9D.pdb,I3Y,2,0.7518758591679799,0.4282391,-0.32363675203602194,0.32363675203602194
2K9D.pdb,I3F,2,1.177676230318848,0.50245416,-0.675222068674866,0.675222068674866
2K9D.pdb,I3P,2,2.0032536433423687,1.1949306,-0.8083230899060894,0.8083230899060894
2K9D.pdb,I3C,2,0.221386975775812,0.41944006,0.19805308507814612,0.19805308507814612
2K9D.pdb,R4Q,3,0.3746561142035571,0.34592426,-0.0287318559714404,0.0287318559714404
2K9D.pdb,R4E,3,0.486559226141166,0.61886847,0.1323092440507896,0.1323092440507896
2K9D.pdb,R4N,3,1.166245460548205,0.780166,-0.38607949022273513,0.38607949022273513
2K9D.pdb,R4H,3,0.7930973195297328,0.36016417,-0.43293315403290666,0.43293315403290666
2K9D.pdb,R4D,3,1.6721001053817504,1.1319816,-0.5401184941299193,0.5401184941299193
2K9D.pdb,R4K,3,0.0229211713631638,0.14468686,0.12176569146318356,0.12176569146318356
2K9D.pdb,R4T,3,0.6930789713240819,0.39857736,-0.29450160902511646,0.29450160902511646
2K9D.pdb,R4S,3,0.7287436978929511,0.5087775,-0.21996619869403755,0.21996619869403755
2K9D.pdb,R4A,3,-0.0396869314392938,0.18044946,0.22013638741578,0.22013638741578
2K9D.pdb,R4G,3,1.0269842233240127,0.98904157,-0.03794265647525785,0.03794265647525785
2K9D.pdb,R4M,3,0.3432652622332792,0.10197468,-0.24129058121349617,0.24129058121349617
2K9D.pdb,R4L,3,0.3958311387900397,-0.033225477,-0.4290566155318305,0.4290566155318305
2K9D.pdb,R4V,3,0.0717519055882909,0.1433784,0.07162650117478588,0.07162650117478588
2K9D.pdb,R4I,3,-0.3208497831420671,-0.05521372,0.26563606353566754,0.26563606353566754
2K9D.pdb,R4W,3,1.544196417426734,-0.08151233,-1.6257087493893194,1.6257087493893194
2K9D.pdb,R4Y,3,1.075046992063577,-0.07492709,-1.1499740836620878,1.1499740836620878
2K9D.pdb,R4F,3,1.466625203004956,0.043975532,-1.422649670950055,1.422649670950055
2K9D.pdb,R4P,3,2.054083710851249,1.6576927,-0.3963910400291053,0.3963910400291053
2K9D.pdb,R4C,3,0.3971682631275093,0.0637106,-0.33345766298979873,0.33345766298979873
2K9D.pdb,S5Q,4,-0.6586739106088575,-0.14418715,0.5144867582231458,0.5144867582231458
2K9D.pdb,S5E,4,-0.9422232761897892,-0.015127614,0.9270956620492786,0.9270956620492786
2K9D.pdb,S5N,4,-0.5888934427104595,0.01689909,0.6057925329707268,0.6057925329707268
2K9D.pdb,S5H,4,-0.510772929450725,-0.0666668,0.44410613264725063,0.44410613264725063
2K9D.pdb,S5D,4,-0.6754224692623549,0.15514742,0.8305698876421386,0.8305698876421386
2K9D.pdb,S5R,4,-0.2109846775952011,-0.12419796,0.08678671769529875,0.08678671769529875
2K9D.pdb,S5K,4,-0.1473933742552633,-0.13887306,0.008520318677985167,0.008520318677985167
2K9D.pdb,S5T,4,-0.026595982843284,0.038007524,0.06460350670779168,0.06460350670779168
2K9D.pdb,S5A,4,-0.5537937161824664,-0.12641403,0.42737968539213744,0.42737968539213744
2K9D.pdb,S5G,4,-0.2173953017009759,0.26304486,0.48044016564026115,0.48044016564026115
2K9D.pdb,S5M,4,-0.1426345066126448,-0.18502882,-0.0423943146172899,0.0423943146172899
2K9D.pdb,S5L,4,-0.104873132837981,-0.14425294,-0.03937980817440151,0.03937980817440151
2K9D.pdb,S5V,4,0.3176946700251175,0.004225578,-0.3134690918660236,0.3134690918660236
2K9D.pdb,S5I,4,0.0612445024741838,-0.15590973,-0.2171542344583223,0.2171542344583223
2K9D.pdb,S5W,4,-0.0702912641632615,-0.095827475,-0.025536211026901165,0.025536211026901165
2K9D.pdb,S5Y,4,0.3912676737989455,-0.06376037,-0.4550280438150435,0.4550280438150435
2K9D.pdb,S5F,4,0.4216815153205195,-0.041758183,-0.4634396987104216,0.4634396987104216
2K9D.pdb,S5P,4,2.1570528169890952,1.2102606,-0.9467921873351646,0.9467921873351646
2K9D.pdb,S5C,4,-0.0129744886100611,-0.27391434,-0.260939848548142,0.260939848548142
2K9D.pdb,I6Q,5,0.7378092938216074,1.0043826,0.2665733164994375,0.2665733164994375
2K9D.pdb,I6E,5,0.1938486915767288,1.4102769,1.2164281982242966,1.2164281982242966
2K9D.pdb,I6N,5,1.6649251932226767,1.4875966,-0.17732856217256687,0.17732856217256687
2K9D.pdb,I6H,5,1.0560481847757934,0.9985986,-0.057449609183752415,0.057449609183752415
2K9D.pdb,I6D,5,0.3306602117561894,1.6639475,1.333287251279394,1.333287251279394
2K9D.pdb,I6R,5,0.9836683685030598,1.1083634,0.12469502146581224,0.12469502146581224
2K9D.pdb,I6K,5,0.7112524024212479,1.1505225,0.4392700680529953,0.4392700680529953
2K9D.pdb,I6T,5,0.8064081005914678,1.0929154,0.28650731517238714,0.28650731517238714
2K9D.pdb,I6S,5,1.2413646722192828,1.3575052,0.11614053007411318,0.11614053007411318
2K9D.pdb,I6A,5,0.6872639255741069,0.96178156,0.27451763580055744,0.27451763580055744
2K9D.pdb,I6G,5,1.9352751252762872,1.72527,-0.21000509239359677,0.21000509239359677
2K9D.pdb,I6M,5,-0.5129363733346959,0.3863067,0.8992430764253636,0.8992430764253636
2K9D.pdb,I6L,5,-0.5124076706257497,0.1649912,0.677398870595995,0.677398870595995
2K9D.pdb,I6V,5,0.4745101710518695,0.45863298,-0.015877195235142805,0.015877195235142805
2K9D.pdb,I6W,5,0.2371632595658637,0.43112165,0.19395838779207697,0.19395838779207697
2K9D.pdb,I6Y,5,0.6952698299895057,0.46646535,-0.22880447602374643,0.22880447602374643
2K9D.pdb,I6F,5,0.2305874075930627,0.44511914,0.21453173493928593,0.21453173493928593
2K9D.pdb,I6P,5,2.503370527195921,2.3664043,-0.13696623222826965,0.13696623222826965
2K9D.pdb,I6C,5,0.5544639528606599,0.40104014,-0.15342381604654243,0.15342381604654243
2K9D.pdb,I7Q,6,2.2705606687356337,2.3531053,0.08254463788973254,0.08254463788973254
2K9D.pdb,I7E,6,2.4797944836914576,2.5251002,0.04530574747919669,0.04530574747919669
2K9D.pdb,I7N,6,2.369135128010108,2.4394073,0.07027222062270466,0.07027222062270466
2K9D.pdb,I7H,6,2.548637627972222,2.313598,-0.23503971041545935,0.23503971041545935
2K9D.pdb,I7D,6,2.587787694626189,2.5061543,-0.08163339584384044,0.08163339584384044
2K9D.pdb,I7R,6,2.3290241008521173,2.4109068,0.08188269083489441,0.08188269083489441
2K9D.pdb,I7K,6,2.3946338870415333,2.523738,0.12910402036813462,0.12910402036813462
2K9D.pdb,I7T,6,2.314125397295697,2.1207185,-0.19340691813920285,0.19340691813920285
2K9D.pdb,I7S,6,2.322262927701586,2.3446636,0.022400692293531144,0.022400692293531144
2K9D.pdb,I7A,6,2.3143719446034967,1.8508365,-0.46353542917686097,0.46353542917686097
2K9D.pdb,I7G,6,2.453139434769747,2.5141428,0.061003316923978534,0.061003316923978534
2K9D.pdb,I7M,6,1.958723308950193,1.3412335,-0.61748981705261,0.61748981705261
2K9D.pdb,I7L,6,0.9356715442337652,0.964535,0.02886345370629828,0.02886345370629828
2K9D.pdb,I7V,6,1.1993859852803932,0.84942436,-0.349961623097776,0.349961623097776
2K9D.pdb,I7W,6,2.6816030712122947,1.7543555,-0.9272475213999778,0.9272475213999778
2K9D.pdb,I7Y,6,3.064721857798033,1.815534,-1.2491878621696761,1.2491878621696761
2K9D.pdb,I7F,6,2.544498145446149,1.2911658,-1.2533323167413148,1.2533323167413148
2K9D.pdb,I7P,6,2.459867267308765,2.4615204,0.0016531661171383938,0.0016531661171383938
2K9D.pdb,K8Q,7,-0.7433712560153523,0.012195751,0.7555670070863285,0.7555670070863285
2K9D.pdb,K8E,7,-0.6507025711675483,0.1700078,0.820710366262992,0.820710366262992
2K9D.pdb,K8N,7,-0.2764689941951235,0.35058257,0.6270515640326937,0.6270515640326937
2K9D.pdb,K8H,7,0.0783804109368748,0.15729034,0.07890992853303487,0.07890992853303487
2K9D.pdb,K8D,7,0.2061161174729351,0.6000857,0.393969558243465,0.393969558243465
2K9D.pdb,K8R,7,-0.3004695812040423,-0.03033574,0.27013384194909085,0.27013384194909085
2K9D.pdb,K8T,7,-0.2756870537356835,0.28709075,0.5627778022841912,0.5627778022841912
2K9D.pdb,K8S,7,-0.3000690455457966,0.34868485,0.6487538929006855,0.6487538929006855
2K9D.pdb,K8A,7,-0.5886574725652447,0.1313203,0.7199777702832928,0.7199777702832928
2K9D.pdb,K8G,7,0.4335348718752505,0.75929475,0.3257598764310239,0.3257598764310239
2K9D.pdb,K8M,7,-0.8992040489389832,-0.12186505,0.7773389999344285,0.7773389999344285
2K9D.pdb,K8L,7,-0.6429159379535085,-0.15108095,0.49183498685888116,0.49183498685888116
2K9D.pdb,K8V,7,-0.272601623002211,0.16195774,0.43455936378590243,0.43455936378590243
2K9D.pdb,K8I,7,-0.65202995517634,-0.020207599,0.6318223563709124,0.6318223563709124
2K9D.pdb,K8W,7,0.90965157764461,0.10004574,-0.8096058370402094,0.8096058370402094
2K9D.pdb,K8Y,7,0.8656512489629375,0.09672195,-0.7689293017697918,0.7689293017697918
2K9D.pdb,K8F,7,0.8287377324014278,0.18534626,-0.6433914717345806,0.6433914717345806
2K9D.pdb,K8P,7,2.3548809151934784,2.0323906,-0.32249032071105654,0.32249032071105654
2K9D.pdb,K8C,7,-0.0009571196918409,-0.09147231,-0.09051519311619591,0.09051519311619591
2K9D.pdb,S9Q,8,-0.2364448910688779,-0.03948541,0.1969594812130353,0.1969594812130353
2K9D.pdb,S9E,8,-0.2576632801039111,0.1841366,0.44179987940620297,0.44179987940620297
2K9D.pdb,S9N,8,-0.7659468349211624,0.0068841428,0.7728309776776245,0.7728309776776245
2K9D.pdb,S9H,8,-0.3095262350314285,0.010312811,0.3198390455716278,0.3198390455716278
2K9D.pdb,S9D,8,-0.1063562986977628,0.33055326,0.43690956212358983,0.43690956212358983
2K9D.pdb,S9R,8,-0.2245608298963257,-0.107695416,0.11686541428029024,0.11686541428029024
2K9D.pdb,S9K,8,-0.1470872605440139,-0.10272461,0.044362648784828096,0.044362648784828096
2K9D.pdb,S9T,8,-0.0620921597961818,0.26916337,0.3312555299286281,0.3312555299286281
2K9D.pdb,S9A,8,-0.4011086878417198,-0.09728621,0.30382247837764664,0.30382247837764664
2K9D.pdb,S9G,8,-0.147352365518361,0.16912371,0.31647607472017375,0.31647607472017375
2K9D.pdb,S9M,8,-0.1138305655047449,-0.021741942,0.09208862393350924,0.09208862393350924
2K9D.pdb,S9L,8,-0.0596204902271808,0.09774936,0.15736985013290056,0.15736985013290056
2K9D.pdb,S9V,8,0.5726496165804353,0.3170321,-0.25561751781029374,0.25561751781029374
2K9D.pdb,S9I,8,0.5476432912906151,0.2169463,-0.33069698744616316,0.33069698744616316
2K9D.pdb,S9W,8,0.2355233863549153,0.19664308,-0.03888030206727186,0.03888030206727186
2K9D.pdb,S9Y,8,0.1534085380324397,0.22305048,0.06964193708810473,0.06964193708810473
2K9D.pdb,S9F,8,0.2587031371371524,0.26277846,0.0040753238423092975,0.0040753238423092975
2K9D.pdb,S9P,8,2.435096375544584,1.2251834,-1.209913007815397,1.209913007815397
2K9D.pdb,S9C,8,-0.0584547115157976,-0.19351344,-0.1350587265897856,0.1350587265897856
2K9D.pdb,S10Q,9,1.5770940978535437,0.9239504,-0.6531437237271094,0.6531437237271094
2K9D.pdb,S10E,9,1.8277996778006864,1.0590849,-0.7687147855277372,0.7687147855277372
2K9D.pdb,S10N,9,1.7182800793362287,1.0022808,-0.7159992479992536,0.7159992479992536
2K9D.pdb,S10H,9,1.50514053968624,0.90385413,-0.6012864079876317,0.6012864079876317
2K9D.pdb,S10D,9,1.9001821355321669,1.1682866,-0.7318955735662245,0.7318955735662245
2K9D.pdb,S10R,9,1.846260703009735,1.0191122,-0.8271484736625061,0.8271484736625061
2K9D.pdb,S10K,9,1.7742916494557583,1.0454347,-0.7288569360921109,0.7288569360921109
2K9D.pdb,S10T,9,0.99167907221541,0.1455422,-0.8461368678353746,0.8461368678353746
2K9D.pdb,S10A,9,0.2773412345205779,0.52478063,0.24743939654479075,0.24743939654479075
2K9D.pdb,S10G,9,1.3974710457745825,0.9726566,-0.4248144381467138,0.4248144381467138
2K9D.pdb,S10M,9,-0.0845010833314838,0.5894798,0.6739808873704852,0.6739808873704852
2K9D.pdb,S10L,9,-0.1856710454426919,0.9044226,1.0900936266385233,1.0900936266385233
2K9D.pdb,S10V,9,1.2648712141225291,0.74887455,-0.515996669025178,0.515996669025178
2K9D.pdb,S10I,9,0.7437820814599911,0.8640678,0.12028571143246491,0.12028571143246491
2K9D.pdb,S10W,9,1.0765978733552115,0.8587886,-0.2178092638505118,0.2178092638505118
2K9D.pdb,S10Y,9,1.8161518531938856,0.7681921,-1.0479597407480543,1.0479597407480543
2K9D.pdb,S10F,9,1.4355489916092234,0.84246975,-0.5930792397743541,0.5930792397743541
2K9D.pdb,S10P,9,2.0035901714330824,0.8920548,-1.1115353752142103,1.1115353752142103
2K9D.pdb,S10C,9,0.5992327529644408,0.26927385,-0.3299589056229033,0.3299589056229033
2K9D.pdb,R11Q,10,-0.3412988116315048,0.018788785,0.3600875963738601,0.3600875963738601
2K9D.pdb,R11E,10,-0.042253180195436,0.116288714,0.1585418943062873,0.1585418943062873
2K9D.pdb,R11N,10,-0.8508483440439831,-0.12696323,0.7238851160566937,0.7238851160566937
2K9D.pdb,R11H,10,-0.6185752451868001,-0.010569371,0.6080058739037457,0.6080058739037457
2K9D.pdb,R11D,10,-0.4041660768328508,0.03539825,0.43956432541592916,0.43956432541592916
2K9D.pdb,R11K,10,-0.4525991549698145,-0.11236763,0.3402315249649317,0.3402315249649317
2K9D.pdb,R11T,10,-0.305484771268985,0.05991765,0.365402422385833,0.365402422385833
2K9D.pdb,R11S,10,-0.5320132401789643,-0.10377687,0.4282363680209138,0.4282363680209138
2K9D.pdb,R11A,10,-0.4549811006157109,-0.052682474,0.40229862636014907,0.40229862636014907
2K9D.pdb,R11G,10,-0.4306872832395814,-0.053726196,0.3769610869505189,0.3769610869505189
2K9D.pdb,R11M,10,-0.3472844123527321,0.12075949,0.4680438995048317,0.4680438995048317
2K9D.pdb,R11L,10,-0.2496134076711338,0.06355508,0.3131684843894642,0.3131684843894642
2K9D.pdb,R11V,10,0.0846626170923667,0.24689038,0.1622277638862176,0.1622277638862176
2K9D.pdb,R11I,10,0.01918864421543,0.25044197,0.2312533242255795,0.2312533242255795
2K9D.pdb,R11W,10,-0.4376491074663771,0.10487686,0.5425259684425963,0.5425259684425963
2K9D.pdb,R11Y,10,-0.118183225446276,0.14004521,0.2582284361653846,0.2582284361653846
2K9D.pdb,R11F,10,-0.2548455962229257,0.21539289,0.47023848381524136,0.47023848381524136
2K9D.pdb,R11P,10,-0.2585071819379805,0.09115203,0.34965920918731674,0.34965920918731674
2K9D.pdb,R11C,10,-0.0734265869601302,-0.16496186,-0.09153527262372448,0.09153527262372448
2K9D.pdb,L12Q,11,1.980666295977901,1.705998,-0.27466835209972706,0.27466835209972706
2K9D.pdb,L12E,11,2.100198256990593,1.7618532,-0.33834503891197976,0.33834503891197976
2K9D.pdb,L12N,11,2.133459160486014,2.34184,0.20838086827680335,0.20838086827680335
2K9D.pdb,L12H,11,2.141639775812145,2.021338,-0.12030178981971318,0.12030178981971318
2K9D.pdb,L12D,11,2.2475514838261423,2.066151,-0.1814005801243601,0.1814005801243601
2K9D.pdb,L12R,11,2.207364689398712,2.323111,0.11574636788278214,0.11574636788278214
2K9D.pdb,L12K,11,2.251666820473841,2.0683236,-0.18334320826070627,0.18334320826070627
2K9D.pdb,L12T,11,1.894718077769552,1.9425267,0.04780862034293576,0.04780862034293576
2K9D.pdb,L12S,11,2.116550041538374,2.0768905,-0.039659572940961674,0.039659572940961674
2K9D.pdb,L12A,11,1.9536405703628612,1.7374873,-0.2161532542312694,0.2161532542312694
2K9D.pdb,L12G,11,2.181527938553244,2.1710763,-0.01045164079323424,0.01045164079323424
2K9D.pdb,L12M,11,0.2099802488220681,0.7020148,0.49203455506434546,0.49203455506434546
2K9D.pdb,L12V,11,1.183440076075713,1.4737056,0.2902655733002024,0.2902655733002024
2K9D.pdb,L12I,11,0.1942410692224401,0.85422283,0.6599817648878199,0.6599817648878199
2K9D.pdb,L12W,11,1.0413855670308494,1.5374708,0.4960852505350686,0.4960852505350686
2K9D.pdb,L12Y,11,1.6723311012243918,1.6754702,0.0031391317391702422,0.0031391317391702422
2K9D.pdb,L12F,11,0.5984256444806868,1.3334867,0.7350610317354387,0.7350610317354387
2K9D.pdb,L12P,11,2.486469608908396,2.1523943,-0.33407531416962666,0.33407531416962666
2K9D.pdb,E13Q,12,-0.079776700797705,0.21973494,0.29951163775029593,0.29951163775029593
2K9D.pdb,E13N,12,-0.4824359858009512,0.3326944,0.8151303970787223,0.8151303970787223
2K9D.pdb,E13H,12,-0.3867042319564411,0.33874243,0.7254466669349262,0.7254466669349262
2K9D.pdb,E13D,12,-0.6348038638312175,0.12552014,0.7603240037638499,0.7603240037638499
2K9D.pdb,E13R,12,-0.2050426529690923,0.43099272,0.6360353754803838,0.6360353754803838
2K9D.pdb,E13K,12,-0.045162581537852,0.2935717,0.33873429212439987,0.33873429212439987
2K9D.pdb,E13T,12,-0.718392636106088,0.20623478,0.9246274190402768,0.9246274190402768
2K9D.pdb,E13S,12,-0.9323993421222236,-0.0098282695,0.9225710726405647,0.9225710726405647
2K9D.pdb,E13A,12,-0.3849915478030037,0.12223947,0.5072310182848763,0.5072310182848763
2K9D.pdb,E13G,12,-0.324593711136941,0.22088265,0.5454763653270045,0.5454763653270045
2K9D.pdb,E13M,12,0.3279348301638012,0.45630518,0.12837034585586737,0.12837034585586737
2K9D.pdb,E13L,12,0.343531812242722,0.3647126,0.02118078369691423,0.02118078369691423
2K9D.pdb,E13V,12,0.5520159256029058,0.37343672,-0.17857920642375236,0.17857920642375236
2K9D.pdb,E13I,12,0.6933603116873654,0.5762667,-0.1170936056975278,0.1170936056975278
2K9D.pdb,E13W,12,0.6068990889349748,0.5044088,-0.10249031217487348,0.10249031217487348
2K9D.pdb,E13Y,12,0.8693687090368534,0.5057908,-0.36357787937834507,0.36357787937834507
2K9D.pdb,E13F,12,0.8033794680205744,0.632846,-0.1705334702102106,0.1705334702102106
2K9D.pdb,E13P,12,-1.1700648699415548,-0.3201188,0.8499460552347524,0.8499460552347524
2K9D.pdb,E13C,12,-0.1546247534042222,0.15382504,0.3084497980361802,0.3084497980361802
2K9D.pdb,E14Q,13,0.403514212838425,0.17885315,-0.2246610586559909,0.2246610586559909
2K9D.pdb,E14N,13,0.3982755851251758,0.4299987,0.03172311072519651,0.03172311072519651
2K9D.pdb,E14H,13,0.5538283084030513,0.34880012,-0.20502818566516678,0.20502818566516678
2K9D.pdb,E14D,13,-0.0665199355821495,0.26221943,0.3287393645982628,0.3287393645982628
2K9D.pdb,E14R,13,0.6408924693817069,0.3653465,-0.27554597804488434,0.27554597804488434
2K9D.pdb,E14K,13,0.5276131236097386,0.24264723,-0.28496589298458597,0.28496589298458597
2K9D.pdb,E14T,13,0.5479480787007631,0.35772285,-0.19022523004696978,0.19022523004696978
2K9D.pdb,E14S,13,0.406096223671609,0.24093847,-0.16515775390403853,0.16515775390403853
2K9D.pdb,E14A,13,0.1220291250361693,0.093087524,-0.028941600860525385,0.028941600860525385
2K9D.pdb,E14G,13,0.6813483336078359,0.36604065,-0.31530768657795916,0.31530768657795916
2K9D.pdb,E14M,13,0.5169517690310319,0.3180849,-0.19886687342022258,0.19886687342022258
2K9D.pdb,E14L,13,0.5013416187746409,0.17490861,-0.326433010576475,0.326433010576475
2K9D.pdb,E14V,13,0.5627631442836036,0.26981133,-0.2929518120578041,0.2929518120578041
2K9D.pdb,E14I,13,0.4983289288129895,0.31453383,-0.18379509912396363,0.18379509912396363
2K9D.pdb,E14W,13,0.6221215017981918,0.28647205,-0.3356494494624527,0.3356494494624527
2K9D.pdb,E14Y,13,0.5199886928242354,0.4150322,-0.1049564848583846,0.1049564848583846
2K9D.pdb,E14F,13,0.717905446979656,0.46432877,-0.25357668111051535,0.25357668111051535
2K9D.pdb,E14P,13,-0.1713888854398217,0.062398,0.2337868869914498,0.2337868869914498
2K9D.pdb,D15Q,14,0.0382282151076904,0.084444225,0.04621600972675174,0.04621600972675174
2K9D.pdb,D15E,14,-0.3168025245951109,0.02500625,0.3418087741421156,0.3418087741421156
2K9D.pdb,D15N,14,-0.0987962891351936,0.039961435,0.13875772403595427,0.13875772403595427
2K9D.pdb,D15H,14,-0.2363198656535079,0.08471926,0.3210391286706855,0.3210391286706855
2K9D.pdb,D15R,14,-0.0077843927312772,0.112814635,0.12059902776965306,0.12059902776965306
2K9D.pdb,D15K,14,-0.0363665815100131,0.042998314,0.07936489541382169,0.07936489541382169
2K9D.pdb,D15T,14,-0.1787846579127601,0.15801767,0.3368023230605415,0.3368023230605415
2K9D.pdb,D15S,14,-0.4399558965790606,0.02076611,0.46072200580719475,0.46072200580719475
2K9D.pdb,D15A,14,-0.2504395783343489,-0.006067574,0.24437200431014844,0.24437200431014844
2K9D.pdb,D15G,14,-0.1958224501220602,0.1815935,0.3774159427492041,0.3774159427492041
2K9D.pdb,D15M,14,0.2294298709360438,0.21144609,-0.01798377940333659,0.01798377940333659
2K9D.pdb,D15L,14,0.4860584345001295,0.1583238,-0.3277346398967817,0.3277346398967817
2K9D.pdb,D15V,14,0.1307421306663463,0.2729631,0.14222097596588637,0.14222097596588637
2K9D.pdb,D15I,14,0.4054605898218075,0.26449478,-0.14096581309603845,0.14096581309603845
2K9D.pdb,D15W,14,-0.9403398025762412,-0.0008777827,0.9394620198737952,0.9394620198737952
2K9D.pdb,D15Y,14,-0.2014276604133651,0.14338589,0.3448135475593612,0.3448135475593612
2K9D.pdb,D15F,14,-0.1486305034071064,0.19113347,0.3397639727502918,0.3397639727502918
2K9D.pdb,D15P,14,0.0453002908939708,0.36771375,0.3224134585147511,0.3224134585147511
2K9D.pdb,D15C,14,0.0175599674475388,-0.055922374,-0.07348234157683414,0.07348234157683414
2K9D.pdb,R16Q,15,-0.9257906287199638,0.070959255,0.9967498838192603,0.9967498838192603
2K9D.pdb,R16E,15,-0.7094875352086709,0.4162659,1.1257534401120828,1.1257534401120828
2K9D.pdb,R16N,15,0.4990571113090589,0.5719292,0.07287210507582881,0.07287210507582881
2K9D.pdb,R16H,15,-0.4595184042672833,0.31319216,0.7727105632047375,0.7727105632047375
2K9D.pdb,R16D,15,-0.0772246900790278,0.8253745,0.9025991741412226,0.9025991741412226
2K9D.pdb,R16K,15,-0.4503391077497922,-0.0038990527,0.4464400550106488,0.4464400550106488
2K9D.pdb,R16T,15,-1.065465384430929,0.21800819,1.2834735748243769,1.2834735748243769
2K9D.pdb,R16S,15,-0.0227592675873262,0.42074025,0.44349951436009233,0.44349951436009233
2K9D.pdb,R16A,15,-0.4396943194287845,0.07245002,0.5121443388479778,0.5121443388479778
2K9D.pdb,R16G,15,1.0113175960987235,0.8737122,-0.1376054140537406,0.1376054140537406
2K9D.pdb,R16I,15,-0.9848015983811496,-0.24839827,0.7364033241978762,0.7364033241978762
2K9D.pdb,R16P,15,1.697377436459464,1.4679537,-0.22942375451366326,0.22942375451366326
2K9D.pdb,K17Q,16,0.6802113878017901,0.48377955,-0.1964318382030963,0.1964318382030963
2K9D.pdb,K17E,16,1.521559940155257,1.650943,0.12938310069252124,0.12938310069252124
2K9D.pdb,K17N,16,2.2849453957490526,1.7081727,-0.5767727168016039,0.5767727168016039
2K9D.pdb,K17H,16,1.992372064171652,1.2828116,-0.7095604224785368,0.7095604224785368
2K9D.pdb,K17D,16,2.692453143159592,2.457097,-0.23535608963176013,0.23535608963176013
2K9D.pdb,K17R,16,0.8846856708659692,0.20528626,-0.6793994064464135,0.6793994064464135
2K9D.pdb,K17T,16,1.7116353621439315,1.4966108,-0.2150246014551498,0.2150246014551498
2K9D.pdb,K17S,16,1.9886323426913464,1.4371969,-0.551435491914674,0.551435491914674
2K9D.pdb,K17A,16,1.4033637877662497,1.0667914,-0.33657237255171113,0.33657237255171113
2K9D.pdb,K17G,16,2.3751495497589583,1.6334474,-0.7417021410828109,0.7417021410828109
2K9D.pdb,K17M,16,0.8679394621076661,0.87702405,0.009084592419616566,0.009084592419616566
2K9D.pdb,K17L,16,1.116503791164135,0.729175,-0.3873288195836295,0.3873288195836295
2K9D.pdb,K17V,16,0.835680030348255,0.968611,0.1329309716201288,0.1329309716201288
2K9D.pdb,K17I,16,0.527376111261733,0.7824754,0.25509930063020425,0.25509930063020425
2K9D.pdb,K17W,16,1.2446413855445186,1.5807457,0.33610431147696573,0.33610431147696573
2K9D.pdb,K17Y,16,1.308160697493432,1.4781582,0.16999753805649487,0.16999753805649487
2K9D.pdb,K17F,16,1.3968562798570994,1.3594744,-0.03738185930961402,0.03738185930961402
2K9D.pdb,K17P,16,2.9475245415862905,1.8516092,-1.0959153115447866,1.0959153115447866
2K9D.pdb,K17C,16,0.7569101833190488,0.97880185,0.22189166318516262,0.22189166318516262
2K9D.pdb,R18Q,17,-0.2081335056881275,0.15803555,0.3661690522293415,0.3661690522293415
2K9D.pdb,R18E,17,0.087307012170068,0.38197392,0.29466691008258705,0.29466691008258705
2K9D.pdb,R18N,17,0.089231934872775,0.38077247,0.29154053655514245,0.29154053655514245
2K9D.pdb,R18H,17,0.0688384874998719,0.31439853,0.24556003964551384,0.24556003964551384
2K9D.pdb,R18D,17,0.5962545236871377,0.6151258,0.018871251650081522,0.018871251650081522
2K9D.pdb,R18K,17,-0.230001692754223,0.049112767,0.2791144597353479,0.2791144597353479
2K9D.pdb,R18T,17,0.0367990227235464,0.39745456,0.36065553707946263,0.36065553707946263
2K9D.pdb,R18S,17,0.2886046308537948,0.39548782,0.10688318428788307,0.10688318428788307
2K9D.pdb,R18A,17,-0.2092600411638714,0.15182427,0.3610843068823315,0.3610843068823315
2K9D.pdb,R18G,17,0.9348475678168232,0.69312525,-0.24172231986150094,0.24172231986150094
2K9D.pdb,R18M,17,-0.0946106513801106,0.08044976,0.17506041134028516,0.17506041134028516
2K9D.pdb,R18L,17,-0.233380803366042,0.07294682,0.30632762004885755,0.30632762004885755
2K9D.pdb,R18V,17,-0.1364843550015209,0.33427286,0.4707572164822338,0.4707572164822338
2K9D.pdb,R18I,17,-0.2460652897514759,0.096875995,0.34294128514904365,0.34294128514904365
2K9D.pdb,R18W,17,0.3271210309117629,0.24041016,-0.0867108669131591,0.0867108669131591
2K9D.pdb,R18Y,17,0.2472835023441502,0.27273518,0.025451676126461376,0.025451676126461376
2K9D.pdb,R18F,17,0.1956537181121898,0.29071298,0.09505926430396316,0.09505926430396316
2K9D.pdb,R18P,17,2.611206535395853,1.6674776,-0.9437289276688023,0.9437289276688023
2K9D.pdb,R18C,17,0.5835395448272487,0.09478119,-0.48875835467031203,0.48875835467031203
2K9D.pdb,Y19Q,18,0.1944769503185757,0.6288762,0.4343992589404575,0.4343992589404575
2K9D.pdb,Y19E,18,0.020776242132007,0.733385,0.7126087843229185,0.7126087843229185
2K9D.pdb,Y19N,18,0.9885871232378158,0.9737881,-0.014799040638175942,0.014799040638175942
2K9D.pdb,Y19H,18,0.3433352154775329,0.49494234,0.15160712179701852,0.15160712179701852
2K9D.pdb,Y19D,18,0.743092064989022,1.1688697,0.4257776688214028,0.4257776688214028
2K9D.pdb,Y19R,18,0.6579337523119388,0.5690186,-0.08891514994072303,0.08891514994072303
2K9D.pdb,Y19K,18,0.6671573641529496,0.62590885,-0.041248512529414416,0.041248512529414416
2K9D.pdb,Y19T,18,0.6606994814615161,0.7794065,0.11870700648022581,0.11870700648022581
2K9D.pdb,Y19S,18,0.831763932314955,0.8282249,-0.003539034930311491,0.003539034930311491
2K9D.pdb,Y19A,18,0.3989690935662935,0.53626823,0.13729914068663618,0.13729914068663618
2K9D.pdb,Y19G,18,1.413987026984283,1.1504114,-0.2635756595679011,0.2635756595679011
2K9D.pdb,Y19M,18,0.1286852149546167,0.24661222,0.11792700604796202,0.11792700604796202
2K9D.pdb,Y19L,18,0.1407271392510254,0.3467281,0.20600094722053222,0.20600094722053222
2K9D.pdb,Y19V,18,0.4586941965298741,0.5109534,0.0522592298312099,0.0522592298312099
2K9D.pdb,Y19I,18,0.3703377562350187,0.34150606,-0.02883169229687782,0.02883169229687782
2K9D.pdb,Y19W,18,-0.225415564141663,0.07571256,0.3011281257490238,0.3011281257490238
2K9D.pdb,Y19F,18,-0.127429760002935,0.07341266,0.2008424167869926,0.2008424167869926
2K9D.pdb,Y19P,18,2.9812331524476576,2.2423277,-0.7389054623231459,0.7389054623231459
2K9D.pdb,Y19C,18,0.5824658341033349,0.14297631,-0.43948952027391286,0.43948952027391286
2K9D.pdb,L20Q,19,2.995508986776948,1.5670258,-1.4284832060991528,1.4284832060991528
2K9D.pdb,L20E,19,3.623487266443172,1.5741278,-2.049359473131099,2.049359473131099
2K9D.pdb,L20N,19,3.084239407088491,1.9925224,-1.091717048194143,1.091717048194143
2K9D.pdb,L20H,19,2.602478852975897,1.2567239,-1.3457549722080748,1.3457549722080748
2K9D.pdb,L20D,19,3.676317400303656,2.1271763,-1.549141115513617,1.549141115513617
2K9D.pdb,L20R,19,3.118809524785167,1.7318108,-1.3869987166034043,1.3869987166034043
2K9D.pdb,L20K,19,3.027880057134543,1.9003371,-1.1275429571055513,1.1275429571055513
2K9D.pdb,L20T,19,2.7175622537936586,1.5124583,-1.2051039293612855,1.2051039293612855
2K9D.pdb,L20S,19,2.960193384686544,1.705065,-1.2551283727083944,1.2551283727083944
2K9D.pdb,L20A,19,2.1176906672641644,1.3524773,-0.7652133551761517,0.7652133551761517
2K9D.pdb,L20G,19,3.108678916344921,2.019992,-1.0886868032315178,1.0886868032315178
2K9D.pdb,L20M,19,0.9104433503216876,0.37082076,-0.5396225895947588,0.5396225895947588
2K9D.pdb,L20V,19,1.746560648583089,0.86882234,-0.8777383123861895,0.8777383123861895
2K9D.pdb,L20I,19,1.1611909104277198,0.42730832,-0.7338825894285743,0.7338825894285743
2K9D.pdb,L20W,19,0.416407105901404,-0.04204142,-0.4584485268379885,0.4584485268379885
2K9D.pdb,L20Y,19,-0.0028200192934018,-0.12232447,-0.11950444741192047,0.11950444741192047
2K9D.pdb,L20F,19,0.033841567939195,0.10174888,0.06790731578501764,0.06790731578501764
2K9D.pdb,L20P,19,3.4323902663919155,2.3273745,-1.1050158080789272,1.1050158080789272
2K9D.pdb,L20C,19,1.2308451068384767,0.5524951,-0.6783499848826051,0.6783499848826051
2K9D.pdb,M21Q,20,1.0001622076179002,0.9151626,-0.08499958468928082,0.08499958468928082
2K9D.pdb,M21E,20,0.7130178426738398,0.97297645,0.25995860347789357,0.25995860347789357
2K9D.pdb,M21N,20,0.7400539459281705,1.6496999,0.9096459804481722,0.9096459804481722
2K9D.pdb,M21H,20,1.1119566777912633,1.2294617,0.11750499213061172,0.11750499213061172
2K9D.pdb,M21D,20,1.8675517862854056,1.5705419,-0.29700992761230993,0.29700992761230993
2K9D.pdb,M21R,20,1.4867606439299237,1.1959968,-0.2907638826079022,0.2907638826079022
2K9D.pdb,M21K,20,1.9185846506753648,1.1191872,-0.7993974148431504,0.7993974148431504
2K9D.pdb,M21T,20,0.9949671699851989,0.817783,-0.17718417190017688,0.17718417190017688
2K9D.pdb,M21S,20,1.2346440996761945,1.1948447,-0.03979937692839175,0.03979937692839175
2K9D.pdb,M21A,20,1.3158971501225127,1.0001594,-0.31573776730238334,0.31573776730238334
2K9D.pdb,M21G,20,1.8291043326591565,1.779546,-0.049558310243995374,0.049558310243995374
2K9D.pdb,M21L,20,-0.9035734953753204,-0.19158822,0.7119852723948211,0.7119852723948211
2K9D.pdb,M21V,20,0.8455960897827155,0.5881063,-0.25748981517791814,0.25748981517791814
2K9D.pdb,M21I,20,-0.0523254842936737,0.088205755,0.1405312390506012,0.1405312390506012
2K9D.pdb,M21W,20,0.9843105979347916,0.46995157,-0.5143590279007645,0.5143590279007645
2K9D.pdb,M21Y,20,-0.2584592124320344,0.59116864,0.8496278544761018,0.8496278544761018
2K9D.pdb,M21F,20,0.1572085703750256,0.4384598,0.2812512432197925,0.2812512432197925
2K9D.pdb,M21P,20,3.881728682132209,2.4699142,-1.4118144842104559,1.4118144842104559
2K9D.pdb,M21C,20,0.5851729323936072,0.42929712,-0.15587581301456366,0.15587581301456366
2K9D.pdb,T22Q,21,-0.5137600301143004,-0.12915123,0.3846088050242735,0.3846088050242735
2K9D.pdb,T22E,21,-0.237163769334169,0.08271012,0.3198738864358383,0.3198738864358383
2K9D.pdb,T22N,21,-0.2842594337400173,0.12619753,0.41045696555936084,0.41045696555936084
2K9D.pdb,T22H,21,-0.1941619562928802,0.03901741,0.2331793653791076,0.2331793653791076
2K9D.pdb,T22D,21,-0.1107101962056211,0.24189031,0.352600507446771,0.352600507446771
2K9D.pdb,T22R,21,-0.462251399976592,-0.12599134,0.3362600555246877,0.3362600555246877
2K9D.pdb,T22K,21,-0.6101769863449005,-0.16829076,0.4418862222515014,0.4418862222515014
2K9D.pdb,T22S,21,-0.5119137043363335,0.04828736,0.5602010661966088,0.5602010661966088
2K9D.pdb,T22A,21,-0.6299984547683875,-0.09331285,0.5366856026837508,0.5366856026837508
2K9D.pdb,T22G,21,-0.217087939223012,0.31598267,0.5330706088149157,0.5330706088149157
2K9D.pdb,T22M,21,-0.5142979527693563,-0.17065021,0.3436477388125234,0.3436477388125234
2K9D.pdb,T22L,21,-0.3347562047112933,-0.09602245,0.23873375527748975,0.23873375527748975
2K9D.pdb,T22V,21,0.1161085477646413,0.06918797,-0.04692057879529621,0.04692057879529621
2K9D.pdb,T22I,21,-0.0602328565275009,-0.10124896,-0.041016100689238756,0.041016100689238756
2K9D.pdb,T22W,21,-0.071812011913305,-0.012197129,0.05961488248491831,0.05961488248491831
2K9D.pdb,T22Y,21,0.0403280060756183,-0.00024639815,-0.04057440422653917,0.04057440422653917
2K9D.pdb,T22F,21,-0.1765724480226591,0.024934037,0.20150648467987325,0.20150648467987325
2K9D.pdb,T22P,21,2.82667002860944,1.3964468,-1.4302232045356487,1.4302232045356487
2K9D.pdb,T22C,21,-0.4160860307892382,-0.22298428,0.19310174662671686,0.19310174662671686
2K9D.pdb,L23Q,22,0.618840819197962,0.51258135,-0.10625947077877251,0.10625947077877251
2K9D.pdb,L23E,22,1.37010792978576,0.8420694,-0.5280385423498468,0.5280385423498468
2K9D.pdb,L23N,22,2.224407836448494,1.0860627,-1.1383451666944655,1.1383451666944655
2K9D.pdb,L23H,22,1.6461899904834008,0.6506636,-0.9955263762103295,0.9955263762103295
2K9D.pdb,L23D,22,2.703650534054816,1.3674242,-1.3362262844057682,1.3362262844057682
2K9D.pdb,L23R,22,0.9836943248879328,0.55214864,-0.4315456847321406,0.4315456847321406
2K9D.pdb,L23K,22,0.924192310710756,0.6215291,-0.3026632083853166,0.3026632083853166
2K9D.pdb,L23T,22,1.3074063759462478,0.64105606,-0.6663503151552321,0.6663503151552321
2K9D.pdb,L23S,22,1.628151814825716,0.86083204,-0.7673197792841815,0.7673197792841815
2K9D.pdb,L23A,22,0.8427254984588539,0.5658192,-0.27690629460524674,0.27690629460524674
2K9D.pdb,L23G,22,2.2829414072925007,1.2229851,-1.0599562588626301,1.0599562588626301
2K9D.pdb,L23M,22,0.0430080180395067,0.12848005,0.08547202894802687,0.08547202894802687
2K9D.pdb,L23V,22,0.3447661232224654,0.2622777,-0.08248843066608419,0.08248843066608419
2K9D.pdb,L23I,22,-0.0116303838031752,0.0037554502,0.015385834051893461,0.015385834051893461
2K9D.pdb,L23W,22,0.3980811792367027,0.30196542,-0.09611576375895003,0.09611576375895003
2K9D.pdb,L23Y,22,1.085794713011524,0.2622743,-0.8235204179198949,0.8235204179198949
2K9D.pdb,L23F,22,0.927343842879115,0.32377478,-0.6035690580757245,0.6035690580757245
2K9D.pdb,L23P,22,3.550833940688197,1.8891735,-1.6616604329977673,1.6616604329977673
2K9D.pdb,L23C,22,0.6992447559443575,0.10995293,-0.5892918293086153,0.5892918293086153
2K9D.pdb,L24Q,23,2.661241040931944,1.8324537,-0.828787313209776,0.828787313209776
2K9D.pdb,L24E,23,2.972448365690181,1.8380053,-1.134443061353633,1.134443061353633
2K9D.pdb,L24N,23,2.9025103994470705,1.8653042,-1.0372061678033937,1.0372061678033937
2K9D.pdb,L24H,23,2.397313945285876,1.395371,-1.0019429850502801,1.0019429850502801
2K9D.pdb,L24D,23,3.2099198151598305,1.8691031,-1.340816741086039,1.340816741086039
2K9D.pdb,L24R,23,3.344567963577554,1.925219,-1.4193489045870753,1.4193489045870753
2K9D.pdb,L24K,23,2.9996065345227434,1.9353335,-1.0642730441510393,1.0642730441510393
2K9D.pdb,L24T,23,2.050212016249435,1.7149271,-0.33528493895603884,0.33528493895603884
2K9D.pdb,L24S,23,2.3459887142993896,1.9151764,-0.4308123226978271,0.4308123226978271
2K9D.pdb,L24A,23,1.591823743431488,1.4772106,-0.11461310252420032,0.11461310252420032
2K9D.pdb,L24G,23,2.748683549954079,1.7488815,-0.9998020907179339,0.9998020907179339
2K9D.pdb,L24M,23,1.0241940985499456,0.86933213,-0.15486196382628226,0.15486196382628226
2K9D.pdb,L24V,23,0.8623726628687143,1.0447675,0.18239483610131746,0.18239483610131746
2K9D.pdb,L24I,23,0.8499966498851608,0.7255977,-0.12439897027014002,0.12439897027014002
2K9D.pdb,L24W,23,1.2881655556364673,0.6418283,-0.6463372570677417,0.6463372570677417
2K9D.pdb,L24Y,23,1.523261532686409,0.5204236,-1.0028379415494766,1.0028379415494766
2K9D.pdb,L24F,23,1.1490792155585487,0.7476351,-0.40144408944465715,0.40144408944465715
2K9D.pdb,L24P,23,2.98786097424923,1.9827045,-1.0051564540237052,1.0051564540237052
2K9D.pdb,L24C,23,1.4738075528692502,0.82297826,-0.6508292947363157,0.6508292947363157
2K9D.pdb,D25Q,24,0.2047573637121438,0.08071715,-0.12404021731550682,0.12404021731550682
2K9D.pdb,D25E,24,-0.1000189143846168,0.11148077,0.21149968687988657,0.21149968687988657
2K9D.pdb,D25N,24,-0.049042436868961,0.18005472,0.2290971610854222,0.2290971610854222
2K9D.pdb,D25H,24,0.5125301161848186,0.24715644,-0.26537367497311815,0.26537367497311815
2K9D.pdb,D25R,24,0.3524066303350985,0.16869274,-0.18371389251733422,0.18371389251733422
2K9D.pdb,D25K,24,0.2845019471044541,0.1308283,-0.15367364102554326,0.15367364102554326
2K9D.pdb,D25T,24,0.557607591635858,0.32642388,-0.2311837081977477,0.2311837081977477
2K9D.pdb,D25S,24,0.2879452915590907,0.113308296,-0.17463699595152388,0.17463699595152388
2K9D.pdb,D25A,24,0.0859701028681008,-0.03532031,-0.12129041465284507,0.12129041465284507
2K9D.pdb,D25G,24,0.4034841688154431,0.3522585,-0.05122566537840084,0.05122566537840084
2K9D.pdb,D25M,24,0.1127274642413218,0.08948463,-0.023242832226093524,0.023242832226093524
2K9D.pdb,D25L,24,0.1798656021312488,0.19561815,0.0157525504871594,0.0157525504871594
2K9D.pdb,D25V,24,0.5908169452870471,0.60221064,0.011393695620240507,0.011393695620240507
2K9D.pdb,D25I,24,0.5765898565834364,0.40683538,-0.1697544793670973,0.1697544793670973
2K9D.pdb,D25W,24,0.961549197044135,0.23009658,-0.7314526184461125,0.7314526184461125
2K9D.pdb,D25Y,24,0.7343820454975556,0.28781995,-0.44656209372486577,0.44656209372486577
2K9D.pdb,D25F,24,0.6959768088986151,0.34593916,-0.3500376495053046,0.3500376495053046
2K9D.pdb,D25P,24,1.6773600012199554,1.5092611,-0.16809886993333434,0.16809886993333434
2K9D.pdb,D25C,24,0.5159671245207638,-0.041451484,-0.5574186084856838,0.5574186084856838
2K9D.pdb,D26Q,25,-0.6663598482672435,-0.33449596,0.3318638866011363,0.3318638866011363
2K9D.pdb,D26E,25,-0.4185348779925717,-0.103554904,0.31497997353166474,0.31497997353166474
2K9D.pdb,D26N,25,-0.5645571466775112,-0.1509988,0.4135583456845455,0.4135583456845455
2K9D.pdb,D26H,25,-0.3298614420014778,-0.21606044,0.11380099728883897,0.11380099728883897
2K9D.pdb,D26R,25,-0.2729517369654313,-0.23911439,0.033837348141922075,0.033837348141922075
2K9D.pdb,D26K,25,-0.5438627013027078,-0.32044506,0.22341764057272728,0.22341764057272728
2K9D.pdb,D26T,25,-0.580578983442162,-0.091518894,0.4890600896042332,0.4890600896042332
2K9D.pdb,D26S,25,-0.5961007274317605,-0.17942718,0.416673550717817,0.416673550717817
2K9D.pdb,D26A,25,-0.5800931708278347,-0.2119863,0.36810686749836696,0.36810686749836696
2K9D.pdb,D26G,25,-0.4842990094158499,-0.06062145,0.423677557829365,0.423677557829365
2K9D.pdb,D26M,25,-0.5203153305037342,-0.2809617,0.2393536381705128,0.2393536381705128
2K9D.pdb,D26L,25,-0.4013982318049591,-0.1791695,0.22222872597037963,0.22222872597037963
2K9D.pdb,D26V,25,0.0902565699420039,0.13539316,0.045136587659352606,0.045136587659352606
2K9D.pdb,D26I,25,0.1537609391410637,0.016712874,-0.13704806496694566,0.13704806496694566
2K9D.pdb,D26W,25,-0.251190186027745,-0.0694595,0.18173068809912563,0.18173068809912563
2K9D.pdb,D26Y,25,0.0155143703757558,-0.06993607,-0.08545043724167682,0.08545043724167682
2K9D.pdb,D26F,25,0.0531574482441468,-0.051612776,-0.10477022401695679,0.10477022401695679
2K9D.pdb,D26P,25,1.508932090860254,1.2602959,-0.24863622294033205,0.24863622294033205
2K9D.pdb,D26C,25,0.2639350093220121,-0.47922713,-0.7431621349666959,0.7431621349666959
2K9D.pdb,I27Q,26,1.1167286770643248,1.5500591,0.4333304030595766,0.4333304030595766
2K9D.pdb,I27E,26,1.737132435371318,1.9790592,0.24192678398903356,0.24192678398903356
2K9D.pdb,I27N,26,1.608945724976389,1.9969647,0.388018968093069,0.388018968093069
2K9D.pdb,I27H,26,1.4526786996785956,1.596803,0.14412425022679987,0.14412425022679987
2K9D.pdb,I27D,26,1.885946871387416,2.187918,0.30197107638174914,0.30197107638174914
2K9D.pdb,I27R,26,1.722272350007851,1.5993745,-0.12289781730826599,0.12289781730826599
2K9D.pdb,I27K,26,1.6123186536612448,1.5804336,-0.0318850465598044,0.0318850465598044
2K9D.pdb,I27T,26,0.7203141949337204,1.3350412,0.6147269704181473,0.6147269704181473
2K9D.pdb,I27S,26,1.3794203912492833,1.7890939,0.40967346079386857,0.40967346079386857
2K9D.pdb,I27A,26,0.7415296878871689,1.5165529,0.7750232372226944,0.7750232372226944
2K9D.pdb,I27G,26,1.6886459482847838,2.054012,0.3653661118806215,0.3653661118806215
2K9D.pdb,I27M,26,0.4124958721578231,0.80447745,0.39198158107398845,0.39198158107398845
2K9D.pdb,I27L,26,0.1248138576153072,0.35465968,0.22984581893651165,0.22984581893651165
2K9D.pdb,I27V,26,0.0426591941982832,0.5288778,0.48621860054430105,0.48621860054430105
2K9D.pdb,I27W,26,0.9799463452464456,1.1205134,0.14056709393202116,0.14056709393202116
2K9D.pdb,I27Y,26,0.927804154875838,1.1227006,0.19489641713801698,0.19489641713801698
2K9D.pdb,I27F,26,0.9102860851070068,0.9834602,0.07317410280498049,0.07317410280498049
2K9D.pdb,I27P,26,1.527049795616212,2.0660362,0.5389864287490225,0.5389864287490225
2K9D.pdb,I27C,26,0.2982088947819945,0.9554316,0.6572226857615235,0.6572226857615235
2K9D.pdb,K28Q,27,-0.1187385606438922,0.054188073,0.1729266333253192,0.1729266333253192
2K9D.pdb,K28E,27,0.016482545738663,0.37339485,0.35691230117753575,0.35691230117753575
2K9D.pdb,K28N,27,0.1832627587397302,0.18968958,0.006426817886093783,0.006426817886093783
2K9D.pdb,K28H,27,-0.111852672312851,0.194399,0.3062516715270234,0.3062516715270234
2K9D.pdb,K28D,27,0.2744123014004063,0.48320013,0.208787831446426,0.208787831446426
2K9D.pdb,K28R,27,-0.1359211859079359,0.036976814,0.17289800017795542,0.17289800017795542
2K9D.pdb,K28T,27,-0.1851062826368879,0.23864183,0.4237481109354566,0.4237481109354566
2K9D.pdb,K28S,27,0.0041482669205072,0.29100424,0.2868559735923407,0.2868559735923407
2K9D.pdb,K28A,27,0.2046920853563767,0.35125422,0.14656213942084498,0.14656213942084498
2K9D.pdb,K28G,27,0.5745030234403568,0.54983217,-0.024670858199115298,0.024670858199115298
2K9D.pdb,K28M,27,0.1092588693101261,0.23416531,0.12490644154955408,0.12490644154955408
2K9D.pdb,K28L,27,0.1786801995597349,0.27177376,0.09309355599064961,0.09309355599064961
2K9D.pdb,K28V,27,-0.3028565042212805,0.18907844,0.4919349395230612,0.4919349395230612
2K9D.pdb,K28I,27,-0.1397442032532221,0.11023,0.24997420208020268,0.24997420208020268
2K9D.pdb,K28W,27,0.332725827337422,0.4306457,0.09791987693198717,0.09791987693198717
2K9D.pdb,K28Y,27,0.2826294658556829,0.36699903,0.08436956425753733,0.08436956425753733
2K9D.pdb,K28F,27,0.1652502827814435,0.405007,0.2397567219564105,0.2397567219564105
2K9D.pdb,K28P,27,1.2687628798816668,0.9854506,-0.2833122544620501,0.2833122544620501
2K9D.pdb,G29Q,28,0.1618954732283697,0.58901983,0.42712436176690005,0.42712436176690005
2K9D.pdb,G29E,28,-0.3686343634519029,0.6031552,0.9717895591649461,0.9717895591649461
2K9D.pdb,G29N,28,-0.8812516429797035,0.31462815,1.1958797970190864,1.1958797970190864
2K9D.pdb,G29H,28,-0.1678322705620951,0.5117727,0.6796049627656169,0.6796049627656169
2K9D.pdb,G29D,28,-0.9151504845534552,0.23525155,1.1504020304595222,1.1504020304595222
2K9D.pdb,G29R,28,0.5180959494296897,0.7429873,0.22489132569390646,0.22489132569390646
2K9D.pdb,G29K,28,0.2954064558066749,0.6329385,0.33753204841238027,0.33753204841238027
2K9D.pdb,G29T,28,-0.9913486634131607,0.33268195,1.3240306173201737,1.3240306173201737
2K9D.pdb,G29S,28,-0.7899898956288882,0.35533667,1.145326561736066,1.145326561736066
2K9D.pdb,G29A,28,0.1049341543104662,0.6387509,0.533816756448506,0.533816756448506
2K9D.pdb,G29M,28,0.245445142336806,0.6776133,0.43216817562965515,0.43216817562965515
2K9D.pdb,G29L,28,-0.0255001640539496,0.5773032,0.6028033352117865,0.6028033352117865
2K9D.pdb,G29V,28,0.3334599157890952,0.6692936,0.33583366665032743,0.33583366665032743
2K9D.pdb,G29I,28,0.3440902240864756,0.6368529,0.2927626959689138,0.2927626959689138
2K9D.pdb,G29W,28,0.0190753703498187,0.49186766,0.47279229112631654,0.47279229112631654
2K9D.pdb,G29Y,28,0.0478708937131293,0.39651382,0.34864292598138974,0.34864292598138974
2K9D.pdb,G29F,28,-0.0584238731438735,0.3712244,0.42964827652522114,0.42964827652522114
2K9D.pdb,G29P,28,1.4598196225726523,0.94568324,-0.5141363816821494,0.5141363816821494
2K9D.pdb,G29C,28,-0.0398288003484412,0.19749787,0.2373266748468085,0.2373266748468085
2K9D.pdb,A30Q,29,0.0343378432385703,0.0926273,0.058289458573601634,0.058289458573601634
2K9D.pdb,A30E,29,-0.2526936928588918,0.1544689,0.4071625868637136,0.4071625868637136
2K9D.pdb,A30N,29,0.3381448445716501,0.19876426,-0.13938057998806247,0.13938057998806247
2K9D.pdb,A30H,29,0.115085611229865,0.17200541,0.05691980373290355,0.05691980373290355
2K9D.pdb,A30D,29,0.0268908775292584,0.2655081,0.23861720796001468,0.23861720796001468
2K9D.pdb,A30R,29,0.2789642653621729,0.13221213,-0.14675213314667301,0.14675213314667301
2K9D.pdb,A30K,29,0.0400427118225343,0.0431076,0.003064887197469973,0.003064887197469973
2K9D.pdb,A30T,29,0.097030928169342,0.24458927,0.14755834099188236,0.14755834099188236
2K9D.pdb,A30S,29,0.003876605781464,0.15764312,0.15376651867971,0.15376651867971
2K9D.pdb,A30G,29,0.2110399135037339,0.27488258,0.06384267130652305,0.06384267130652305
2K9D.pdb,A30M,29,0.0255650706002987,0.120157495,0.09459242454073066,0.09459242454073066
2K9D.pdb,A30L,29,-0.0966786168265989,0.04485341,0.14153202844149376,0.14153202844149376
2K9D.pdb,A30V,29,-0.0771975104769073,0.13363008,0.21082759248813016,0.21082759248813016
2K9D.pdb,A30I,29,-0.0905355970826491,0.07827741,0.16881300615933978,0.16881300615933978
2K9D.pdb,A30W,29,-0.1225606707733688,0.081035465,0.20359613577542873,0.20359613577542873
2K9D.pdb,A30Y,29,-0.0276756950410179,0.18275858,0.21043427965958633,0.21043427965958633
2K9D.pdb,A30F,29,-0.0121552502849833,0.21007589,0.22223113534243263,0.22223113534243263
2K9D.pdb,A30P,29,-0.2832918777875082,0.08328177,0.3665736481360571,0.3665736481360571
2K9D.pdb,A30C,29,0.3224742591892786,-0.03145863,-0.35393289034715364,0.35393289034715364
2K9D.pdb,N31Q,30,-0.4164141871843472,-0.0110161975,0.4053979896817341,0.4053979896817341
2K9D.pdb,N31E,30,-0.8338454250066643,-0.03999742,0.7938480038016205,0.7938480038016205
2K9D.pdb,N31H,30,-0.3807978976289354,0.075600326,0.4563982236901842,0.4563982236901842
2K9D.pdb,N31D,30,-0.7485125346449695,-0.078055285,0.6704572497276149,0.6704572497276149
2K9D.pdb,N31R,30,-0.2825888598796608,0.12670118,0.40929003604619524,0.40929003604619524
2K9D.pdb,N31K,30,-0.3742170221224756,0.007642351,0.38185937321338365,0.38185937321338365
2K9D.pdb,N31T,30,-0.3877270538869806,0.10035145,0.4880785067144342,0.4880785067144342
2K9D.pdb,N31S,30,-0.4842197627212852,0.036575954,0.5207957171287387,0.5207957171287387
2K9D.pdb,N31A,30,-0.6852744321435433,-0.075009234,0.6102651978939515,0.6102651978939515
2K9D.pdb,N31G,30,-0.2587892157672615,0.1346099,0.3933991087316246,0.3933991087316246
2K9D.pdb,N31M,30,-0.2867037054691237,0.09769409,0.3843977969679755,0.3843977969679755
2K9D.pdb,N31L,30,-0.5176871431587666,0.060435236,0.5781223786591023,0.5781223786591023
2K9D.pdb,N31V,30,-0.5127612054456594,0.11439351,0.6271547153700712,0.6271547153700712
2K9D.pdb,N31I,30,-0.4699737273665909,0.12127043,0.5912441604348664,0.5912441604348664
2K9D.pdb,N31W,30,-0.221255982551435,0.08118454,0.30244052622065876,0.30244052622065876
2K9D.pdb,N31Y,30,-0.3794640597170633,0.14896533,0.5284293886488718,0.5284293886488718
2K9D.pdb,N31F,30,-0.3066255030427469,0.19821824,0.5048437443767084,0.5048437443767084
2K9D.pdb,N31P,30,0.009355062344063,0.30293155,0.29357648482085397,0.29357648482085397
2K9D.pdb,N31C,30,0.0824637885673218,-0.12298883,-0.20545261609389115,0.20545261609389115
2K9D.pdb,D32Q,31,-0.065471141949267,-0.029153794,0.03631734789905032,0.03631734789905032
2K9D.pdb,D32E,31,-0.6453871577582997,-0.07579899,0.5695881694160145,0.5695881694160145
2K9D.pdb,D32N,31,-0.094667758296365,0.2104175,0.3050852524741833,0.3050852524741833
2K9D.pdb,D32H,31,0.4388806111491168,0.15802476,-0.28085585304860716,0.28085585304860716
2K9D.pdb,D32R,31,0.5320987785544715,0.20295179,-0.3291469896521888,0.3291469896521888
2K9D.pdb,D32K,31,0.5234129048797116,0.045893803,-0.4775191016408429,0.4775191016408429
2K9D.pdb,D32T,31,0.6187405340906724,0.3826897,-0.23605081965890973,0.23605081965890973
2K9D.pdb,D32S,31,0.2543916254619973,0.16315253,-0.09123909467262198,0.09123909467262198
2K9D.pdb,D32A,31,-0.4294260976863859,-0.16704738,0.2623787162853239,0.2623787162853239
2K9D.pdb,D32G,31,0.2455937674118917,0.20766374,-0.03793002272385765,0.03793002272385765
2K9D.pdb,D32M,31,-0.0443502562404241,0.095130265,0.13948052099948782,0.13948052099948782
2K9D.pdb,D32L,31,0.1233913983505079,0.086611964,-0.03677943454197137,0.03677943454197137
2K9D.pdb,D32V,31,0.5962211879384478,0.3904594,-0.20576179944395623,0.20576179944395623
2K9D.pdb,D32I,31,0.5295942582936992,0.31696618,-0.2126280822606792,0.2126280822606792
2K9D.pdb,D32W,31,-0.2329883948326538,0.14825028,0.38123867664341426,0.38123867664341426
2K9D.pdb,D32Y,31,0.6581773988010764,0.2660408,-0.39213659679912327,0.39213659679912327
2K9D.pdb,D32F,31,0.3629063347350829,0.26709777,-0.09580856356732775,0.09580856356732775
2K9D.pdb,D32P,31,0.9067485725371558,0.60193443,-0.30481413955375736,0.30481413955375736
2K9D.pdb,D32C,31,-0.1935369380667482,-0.05410227,0.13943466627147538,0.13943466627147538
2K9D.pdb,L33Q,32,1.438523171138018,0.97857124,-0.45995193500444254,0.45995193500444254
2K9D.pdb,L33E,32,1.310881403720655,1.1673535,-0.14352789286402667,0.14352789286402667
2K9D.pdb,L33N,32,1.6345495103612548,1.5048332,-0.12971628892570797,0.12971628892570797
2K9D.pdb,L33H,32,1.3301506627372714,0.94987637,-0.38027429469146456,0.38027429469146456
2K9D.pdb,L33D,32,1.7074683969747078,1.6873647,-0.020103699518347895,0.020103699518347895
2K9D.pdb,L33R,32,0.9779777021287162,1.1139729,0.13599520016925748,0.13599520016925748
2K9D.pdb,L33K,32,1.215915266813289,1.086856,-0.12905925923730033,0.12905925923730033
2K9D.pdb,L33T,32,1.272561207857565,0.97971106,-0.29285015210194976,0.29285015210194976
2K9D.pdb,L33S,32,1.5255266708526247,1.2429892,-0.2825374883803957,0.2825374883803957
2K9D.pdb,L33A,32,1.0083324210022062,0.8066238,-0.20170860451203287,0.20170860451203287
2K9D.pdb,L33G,32,1.7118924348301,1.576234,-0.13565845179024394,0.13565845179024394
2K9D.pdb,L33M,32,0.5247868268661509,0.33448827,-0.1902985541992197,0.1902985541992197
2K9D.pdb,L33V,32,0.953502728844787,0.5721076,-0.3813951157580866,0.3813951157580866
2K9D.pdb,L33I,32,0.4018292640206033,0.23523825,-0.16659100995032133,0.16659100995032133
2K9D.pdb,L33W,32,0.2120326774929117,0.23164344,0.019610760846321712,0.019610760846321712
2K9D.pdb,L33Y,32,0.6029490175636107,0.28668004,-0.3162689748199279,0.3162689748199279
2K9D.pdb,L33F,32,0.5220838510514301,0.35329026,-0.16879359121332582,0.16879359121332582
2K9D.pdb,L33P,32,1.605990731190551,2.0885465,0.4825557833205574,0.4825557833205574
2K9D.pdb,L33C,32,0.4638568306733157,0.3351843,-0.1286725247670199,0.1286725247670199
2K9D.pdb,A34Q,33,-0.3306370386650612,0.068606645,0.39924368353391193,0.39924368353391193
2K9D.pdb,A34E,33,-0.3061844012363344,0.23682769,0.5430120876653581,0.5430120876653581
2K9D.pdb,A34N,33,-0.0145294157169741,0.2868744,0.3014038292072695,0.3014038292072695
2K9D.pdb,A34H,33,-0.2468283576388272,0.20339909,0.45022744959782685,0.45022744959782685
2K9D.pdb,A34D,33,0.0454304249089521,0.42079288,0.3753624527651507,0.3753624527651507
2K9D.pdb,A34R,33,-0.4541287444455189,0.021188378,0.4753171227795643,0.4753171227795643
2K9D.pdb,A34K,33,-0.4902344861973229,0.0074925423,0.4977270284641686,0.4977270284641686
2K9D.pdb,A34T,33,0.0601365195416359,0.31640106,0.25626454485426864,0.25626454485426864
2K9D.pdb,A34S,33,0.1376498747606551,0.28114742,0.14349754564568645,0.14349754564568645
2K9D.pdb,A34G,33,0.4066891005915019,0.5331565,0.12646741357628377,0.12646741357628377
2K9D.pdb,A34M,33,-0.4805383906879501,-0.0036185682,0.47691982250595855,0.47691982250595855
2K9D.pdb,A34L,33,-0.5378275728495754,0.010551482,0.5483790552886165,0.5483790552886165
2K9D.pdb,A34V,33,-0.3630588423410574,0.22230375,0.5853625904718558,0.5853625904718558
2K9D.pdb,A34I,33,-0.5661961584914637,0.009923607,0.5761197656024408,0.5761197656024408
2K9D.pdb,A34W,33,-0.5298448161577691,0.10967472,0.6395195381140222,0.6395195381140222
2K9D.pdb,A34Y,33,-0.399138497083999,0.14485148,0.5439899730380549,0.5439899730380549
2K9D.pdb,A34F,33,-0.3636262307799121,0.15773912,0.5213653485214969,0.5213653485214969
2K9D.pdb,A34P,33,1.2512929422943817,1.3905685,0.13927555250237122,0.13927555250237122
2K9D.pdb,A34C,33,0.2023081911754998,-0.02321586,-0.22552405130390252,0.22552405130390252
2K9D.pdb,K35Q,34,-0.0840425927004218,0.09929994,0.18334253018707036,0.18334253018707036
2K9D.pdb,K35E,34,-0.1726296777721834,0.29394582,0.466575496911664,0.466575496911664
2K9D.pdb,K35N,34,-0.0969098083935309,0.3280949,0.42500470804791934,0.42500470804791934
2K9D.pdb,K35H,34,0.1206654093414698,0.22445226,0.10378684781490227,0.10378684781490227
2K9D.pdb,K35D,34,-0.0611456340238247,0.5296235,0.5907691424771938,0.5907691424771938
2K9D.pdb,K35R,34,-0.3108643664218244,-0.0069537163,0.30391065014374824,0.30391065014374824
2K9D.pdb,K35T,34,0.2796386643904234,0.3293887,0.04975004348578205,0.04975004348578205
2K9D.pdb,K35S,34,-0.0076713646944255,0.35907298,0.36674434795934857,0.36674434795934857
2K9D.pdb,K35A,34,-0.4001042435372475,0.114607796,0.5147120396102074,0.5147120396102074
2K9D.pdb,K35G,34,0.4780367423816449,0.66882247,0.19078572494547302,0.19078572494547302
2K9D.pdb,K35M,34,-0.0723134343803901,0.05980055,0.13211398472199626,0.13211398472199626
2K9D.pdb,K35L,34,-0.2626816384812129,0.08174248,0.3444241188784373,0.3444241188784373
2K9D.pdb,K35V,34,0.0076978707481578,0.26107293,0.25337506292570083,0.25337506292570083
2K9D.pdb,K35I,34,-0.2919298515388413,0.09202698,0.3839568302699967,0.3839568302699967
2K9D.pdb,K35W,34,-0.2032157930912657,0.20630491,0.4095207008900328,0.4095207008900328
2K9D.pdb,K35Y,34,0.1707176198004019,0.21509275,0.044375128603147296,0.044375128603147296
2K9D.pdb,K35F,34,0.1770570450205295,0.25304106,0.07598401375823333,0.07598401375823333
2K9D.pdb,K35P,34,1.469504552626499,1.7151763,0.24567179129134775,0.24567179129134775
2K9D.pdb,K35C,34,-0.0594751448304538,0.03685999,0.09633513399671356,0.09633513399671356
2K9D.pdb,F36Q,35,2.1567603459894964,2.4085598,0.25179945320483954,0.25179945320483954
2K9D.pdb,F36E,35,2.576730733375098,2.3814201,-0.19531059787705107,0.19531059787705107
2K9D.pdb,F36N,35,2.2592535376289864,2.5676441,0.3083905816337089,0.3083905816337089
2K9D.pdb,F36H,35,2.0891610059661057,2.2537174,0.1645564165192459,0.1645564165192459
2K9D.pdb,F36D,35,2.539779292657153,2.4862218,-0.05355750234343226,0.05355750234343226
2K9D.pdb,F36R,35,2.048896412507928,2.5559087,0.5070122674542303,0.5070122674542303
2K9D.pdb,F36K,35,2.159665334617138,2.526529,0.366863739098072,0.366863739098072
2K9D.pdb,F36T,35,1.8562808862739628,2.4396362,0.5833553441947872,0.5833553441947872
2K9D.pdb,F36S,35,2.173877470819676,2.4592068,0.28532934871462556,0.28532934871462556
2K9D.pdb,F36A,35,1.6571997318072476,2.257153,0.5999533024029575,0.5999533024029575
2K9D.pdb,F36G,35,2.304399998726181,2.31871,0.014310090003677445,0.014310090003677445
2K9D.pdb,F36M,35,1.0715156270627175,1.4523624,0.38084679111202613,0.38084679111202613
2K9D.pdb,F36L,35,0.5573112248242822,1.8498086,1.2924973488985572,1.2924973488985572
2K9D.pdb,F36V,35,0.8951459412346869,2.0613394,1.1661934371222467,1.1661934371222467
2K9D.pdb,F36I,35,0.6545420157064181,1.7143499,1.059807850206973,1.059807850206973
2K9D.pdb,F36W,35,1.1632790427294668,1.0340166,-0.12926243353757227,0.12926243353757227
2K9D.pdb,F36Y,35,1.079894412642887,0.8934313,-0.18646310675757216,0.18646310675757216
2K9D.pdb,F36P,35,2.614978383430231,2.361085,-0.2538934453809145,0.2538934453809145
2K9D.pdb,F36C,35,0.8998916111738868,1.4449792,0.5450875796525292,0.5450875796525292
2K9D.pdb,H37Q,36,0.0040821450625645,0.3430184,0.33893626752746236,0.33893626752746236
2K9D.pdb,H37E,36,0.0561775828691657,0.57146,0.5152824257520501,0.5152824257520501
2K9D.pdb,H37N,36,0.690008921794782,0.72459483,0.03458590967189279,0.03458590967189279
2K9D.pdb,H37D,36,1.4833060234982338,1.1505057,-0.3328003615338173,0.3328003615338173
2K9D.pdb,H37R,36,-0.1412730794421821,0.17948575,0.3207588326207786,0.3207588326207786
2K9D.pdb,H37K,36,-0.193219429034984,0.33899334,0.5322127697656511,0.5322127697656511
2K9D.pdb,H37T,36,-0.0185894391132759,0.42316598,0.44175541611446606,0.44175541611446606
2K9D.pdb,H37S,36,0.385893387135876,0.49233443,0.10644103831349533,0.10644103831349533
2K9D.pdb,H37A,36,-0.1302643552929776,0.26516756,0.3954319194466489,0.3954319194466489
2K9D.pdb,H37G,36,0.6266626186453279,0.8791821,0.2525194816506926,0.2525194816506926
2K9D.pdb,H37M,36,-0.8643190115635373,0.023404181,0.8877231925671079,0.8877231925671079
2K9D.pdb,H37L,36,-0.6436537384446299,0.010960594,0.6546143322642481,0.6546143322642481
2K9D.pdb,H37V,36,-0.7033467029847364,0.07316026,0.7765069639004927,0.7765069639004927
2K9D.pdb,H37I,36,-0.701419230343943,-0.03013137,0.6712878605147652,0.6712878605147652
2K9D.pdb,H37F,36,-1.0383229011167583,-0.25000092,0.7883219772447643,0.7883219772447643
2K9D.pdb,H37P,36,2.1438574927520384,2.032569,-0.11128856117244856,0.11128856117244856
2K9D.pdb,H37C,36,-0.3967683961975576,-0.23578346,0.16098493844151512,0.16098493844151512
2K9D.pdb,Q38E,37,-0.3769098765000378,0.12768488,0.5045947528227841,0.5045947528227841
2K9D.pdb,Q38N,37,0.1478636092473215,0.3022911,0.15442748600948392,0.15442748600948392
2K9D.pdb,Q38H,37,0.1242229302490032,0.22460641,0.10038347941991922,0.10038347941991922
2K9D.pdb,Q38D,37,-0.178944063674713,0.2795472,0.45849127818276963,0.45849127818276963
2K9D.pdb,Q38R,37,-0.2725326598143893,0.13144028,0.40397294168237025,0.40397294168237025
2K9D.pdb,Q38K,37,-0.3053216825029765,0.0786933,0.38401498298858744,0.38401498298858744
2K9D.pdb,Q38T,37,0.0797213290433997,0.30011982,0.2203984882135278,0.2203984882135278
2K9D.pdb,Q38S,37,0.0615504682588103,0.27278492,0.21123445028786633,0.21123445028786633
2K9D.pdb,Q38A,37,-0.5550772538242223,0.035223365,0.5903006186542394,0.5903006186542394
2K9D.pdb,Q38G,37,0.5457612206398768,0.47332415,-0.07243707079284611,0.07243707079284611
2K9D.pdb,Q38M,37,-0.0789107418208234,0.079034224,0.15794496597338842,0.15794496597338842
2K9D.pdb,Q38L,37,0.02789552559357,0.11110973,0.08321420798797297,0.08321420798797297
2K9D.pdb,Q38V,37,0.1403689946456459,0.31888837,0.1785193715767357,0.1785193715767357
2K9D.pdb,Q38I,37,0.0929301432075169,0.15011428,0.057184139758143196,0.057184139758143196
2K9D.pdb,Q38W,37,0.219385202318334,0.21716943,-0.0022157684861654203,0.0022157684861654203
2K9D.pdb,Q38Y,37,0.294219668013143,0.2535638,-0.04065587649969998,0.04065587649969998
2K9D.pdb,Q38F,37,0.2924748690177554,0.30373445,0.011259582514608513,0.011259582514608513
2K9D.pdb,Q38P,37,1.6500383008964334,1.4863365,-0.1637018312461649,0.1637018312461649
2K9D.pdb,Q38C,37,0.0314676047104387,0.029916734,-0.0015508712070970224,0.0015508712070970224
2K9D.pdb,M39Q,38,0.5200652051563188,0.5143069,-0.00575830227088181,0.00575830227088181
2K9D.pdb,M39E,38,0.3213013903669215,0.53883916,0.2175377710291051,0.2175377710291051
2K9D.pdb,M39N,38,0.8289120634074734,0.71803844,-0.11087362365680198,0.11087362365680198
2K9D.pdb,M39H,38,0.6687776089478032,0.47310758,-0.195670032577564,0.195670032577564
2K9D.pdb,M39D,38,0.5896155996565855,0.87566304,0.28604744241189595,0.28604744241189595
2K9D.pdb,M39R,38,0.8734576179907569,0.35494924,-0.5185083820746192,0.5185083820746192
2K9D.pdb,M39K,38,0.8157997221044178,0.4833559,-0.332443812518465,0.332443812518465
2K9D.pdb,M39T,38,0.688424952526923,0.49476027,-0.19366467763983808,0.19366467763983808
2K9D.pdb,M39S,38,0.9259192470666316,0.6257961,-0.30012316743101153,0.30012316743101153
2K9D.pdb,M39A,38,0.4123450149191647,0.35909826,-0.05324675928485684,0.05324675928485684
2K9D.pdb,M39G,38,1.384415493480407,1.1096244,-0.2747911076466667,0.2747911076466667
2K9D.pdb,M39L,38,-0.0087938906423623,0.026021838,0.03481572883053369,0.03481572883053369
2K9D.pdb,M39V,38,0.6356857024760454,0.3172353,-0.3184504114718645,0.3184504114718645
2K9D.pdb,M39I,38,0.2701143570452591,0.030677855,-0.23943650203045808,0.23943650203045808
2K9D.pdb,M39W,38,-1.0772739596657774,-0.18964154,0.8876324243836424,0.8876324243836424
2K9D.pdb,M39Y,38,-0.3652781890232623,-0.09001577,0.27526242001844053,0.27526242001844053
2K9D.pdb,M39F,38,-0.2115621904509832,-0.08173275,0.12982944051201836,0.12982944051201836
2K9D.pdb,M39P,38,3.014982632481691,2.109188,-0.9057945526477065,0.9057945526477065
2K9D.pdb,M39C,38,0.4684101512278942,-0.022635251,-0.49104540251153983,0.49104540251153983
2K9D.pdb,L40Q,39,2.7400989058698797,2.1060762,-0.6340226653303289,0.6340226653303289
2K9D.pdb,L40E,39,2.9492498470131854,2.3165243,-0.6327255798165301,0.6327255798165301
2K9D.pdb,L40N,39,3.034350173164695,2.2445912,-0.789758937050193,0.789758937050193
2K9D.pdb,L40H,39,2.4193158476981798,1.765909,-0.6534068911704698,0.6534068911704698
2K9D.pdb,L40D,39,3.1416431709103394,2.3480582,-0.7935849471859742,0.7935849471859742
2K9D.pdb,L40R,39,2.722484161523843,2.210756,-0.5117280980625392,0.5117280980625392
2K9D.pdb,L40K,39,2.914845811128175,2.1133964,-0.8014494049544689,0.8014494049544689
2K9D.pdb,L40T,39,1.585214932439671,1.733046,0.14783112240041696,0.14783112240041696
2K9D.pdb,L40S,39,2.3617034182903915,2.2160788,-0.14562466005064545,0.14562466005064545
2K9D.pdb,L40A,39,1.185077557138147,1.6030091,0.4179315475905516,0.4179315475905516
2K9D.pdb,L40G,39,2.899498037754327,2.2198832,-0.6796148342478574,0.6796148342478574
2K9D.pdb,L40M,39,0.6248684082657019,0.6022911,-0.022577301087967516,0.022577301087967516
2K9D.pdb,L40V,39,-0.8185629768619243,0.628797,1.447359971548051,1.447359971548051
2K9D.pdb,L40I,39,-0.6209337706025528,0.2316643,0.8525980705674576,0.8525980705674576
2K9D.pdb,L40W,39,0.7655269492075116,0.9062148,0.1406878244474261,0.1406878244474261
2K9D.pdb,L40Y,39,1.169245193694279,0.9041913,-0.26505387852017614,0.26505387852017614
2K9D.pdb,L40F,39,0.7744847185469772,0.7548944,-0.019590342745890776,0.019590342745890776
2K9D.pdb,L40P,39,3.3072595586709213,2.2930794,-1.0141801824502181,1.0141801824502181
2K9D.pdb,L40C,39,1.0689979776795735,0.8050148,-0.2639831885751118,0.2639831885751118
2K9D.pdb,V41Q,40,-0.0817407148827369,0.01750788,0.0992485958088691,0.0992485958088691
2K9D.pdb,V41E,40,0.0331072274112265,0.30555415,0.27244692412380767,0.27244692412380767
2K9D.pdb,V41N,40,0.065748227639022,0.51257896,0.44683073659437644,0.44683073659437644
2K9D.pdb,V41H,40,-0.000457388172673,0.19103928,0.1914966672759521,0.1914966672759521
2K9D.pdb,V41D,40,0.0679908840003671,0.6906527,0.6226618440803824,0.6226618440803824
2K9D.pdb,V41R,40,-0.0611967723618449,0.1134649,0.17466167172297847,0.17466167172297847
2K9D.pdb,V41K,40,-0.0376877289629296,0.05342993,0.09111766036513602,0.09111766036513602
2K9D.pdb,V41T,40,0.0212784215310821,0.21348886,0.1922104403873673,0.1922104403873673
2K9D.pdb,V41S,40,0.1625356639051989,0.3017931,0.13925743454450812,0.13925743454450812
2K9D.pdb,V41A,40,0.0782816761151128,-0.0070762634,-0.08535793954284718,0.08535793954284718
2K9D.pdb,V41G,40,0.7449362249048481,0.4938531,-0.2510831327112446,0.2510831327112446
2K9D.pdb,V41M,40,-1.1545720757146412,-0.36127397,0.7932981015344196,0.7932981015344196
2K9D.pdb,V41L,40,-1.079603732375387,-0.35206977,0.7275339670460261,0.7275339670460261
2K9D.pdb,V41I,40,-0.7258908441864143,-0.16839015,0.5575006893478522,0.5575006893478522
2K9D.pdb,V41W,40,-0.1300548416977971,-0.033386126,0.09666871553717546,0.09666871553717546
2K9D.pdb,V41Y,40,0.1054430332694105,-0.05145152,-0.15689455240107097,0.15689455240107097
2K9D.pdb,V41F,40,0.2220488353905279,-0.022084579,-0.24413341426225488,0.24413341426225488
2K9D.pdb,V41P,40,1.824366239722634,1.5917546,-0.23261168402042443,0.23261168402042443
2K9D.pdb,V41C,40,-0.0362393483820961,-0.31215277,-0.2759134247597649,0.2759134247597649
2K9D.pdb,K42Q,41,-0.2318757531719701,0.0642474,0.2961231527405278,0.2961231527405278
2K9D.pdb,K42E,41,-0.0086961390012656,0.23413704,0.24283318235816104,0.24283318235816104
2K9D.pdb,K42N,41,0.0318519194385773,0.22343892,0.19158699915196836,0.19158699915196836
2K9D.pdb,K42H,41,-0.0703905443510417,0.1993967,0.2697872440180186,0.2697872440180186
2K9D.pdb,K42D,41,0.0370185059632111,0.3150299,0.27801138338195797,0.27801138338195797
2K9D.pdb,K42R,41,-0.3173854745736073,0.12056577,0.43795124663018686,0.43795124663018686
2K9D.pdb,K42T,41,-0.0033683437331664,0.15222922,0.1555975634082305,0.1555975634082305
2K9D.pdb,K42S,41,-0.0568928864007891,0.17186882,0.22876170241889365,0.22876170241889365
2K9D.pdb,K42A,41,-0.2146894105796959,0.12916291,0.34385231818009876,0.34385231818009876
2K9D.pdb,K42G,41,0.12568794687895,0.28563914,0.15995119015069784,0.15995119015069784
2K9D.pdb,K42M,41,-0.1176117783023582,0.1443714,0.2619831835462318,0.2619831835462318
2K9D.pdb,K42L,41,-0.0575631730180892,0.119214326,0.17677749916135396,0.17677749916135396
2K9D.pdb,K42V,41,0.1891342115347174,0.38469678,0.19556257010056702,0.19556257010056702
2K9D.pdb,K42I,41,0.0533838317389614,0.3533255,0.2999416544442051,0.2999416544442051
2K9D.pdb,K42W,41,0.2207742392923157,0.32862228,0.10784804225904537,0.10784804225904537
2K9D.pdb,K42Y,41,0.2074110411604439,0.3434661,0.13605506191649092,0.13605506191649092
2K9D.pdb,K42F,41,0.205201838588187,0.4000917,0.19488986911826442,0.19488986911826442
2K9D.pdb,K42P,41,1.4845009560324889,1.1819732,-0.3025277371146422,0.3025277371146422
2K9D.pdb,K42C,41,0.0353023973589943,-0.023744106,-0.05904650365171891,0.05904650365171891
2K9D.pdb,I43Q,42,0.8948504188740749,0.7842738,-0.11057661563997456,0.11057661563997456
2K9D.pdb,I43E,42,-0.5531010625949668,0.9874941,1.540595173656063,1.540595173656063
2K9D.pdb,I43N,42,1.3518521171496358,1.3521986,0.0003464836194071452,0.0003464836194071452
2K9D.pdb,I43H,42,1.184034902896944,0.8435967,-0.3404382060433062,0.3404382060433062
2K9D.pdb,I43D,42,1.3405864165267398,1.4767447,0.13615823526769377,0.13615823526769377
2K9D.pdb,I43R,42,1.4193134955765785,0.9551836,-0.46412987035532605,0.46412987035532605
2K9D.pdb,I43K,42,1.3688946834601388,0.9713921,-0.39750258837118,0.39750258837118
2K9D.pdb,I43T,42,0.825012787050944,0.78574044,-0.03927235192750045,0.03927235192750045
2K9D.pdb,I43S,42,1.0249962209198396,1.0783453,0.05334907784725029,0.05334907784725029
2K9D.pdb,I43A,42,0.4260838779071112,0.83529294,0.4092090574642877,0.4092090574642877
2K9D.pdb,I43G,42,1.6201577537844214,1.4730898,-0.1470679395983252,0.1470679395983252
2K9D.pdb,I43M,42,-0.326381011700811,0.2644912,0.5908722121478935,0.5908722121478935
2K9D.pdb,I43L,42,-0.5087683735066935,0.09856415,0.6073325214559122,0.6073325214559122
2K9D.pdb,I43V,42,0.3564315276050798,0.33598223,-0.02044929431917586,0.02044929431917586
2K9D.pdb,I43W,42,0.1289982373072935,0.24990135,0.12090311700560322,0.12090311700560322
2K9D.pdb,I43Y,42,0.1404909572527737,0.2947786,0.15428762818118627,0.15428762818118627
2K9D.pdb,I43F,42,0.1386927399312441,0.30855542,0.16986268428216533,0.16986268428216533
2K9D.pdb,I43P,42,2.385656630242429,1.8736218,-0.5120348088389255,0.5120348088389255
2K9D.pdb,I43C,42,0.1633559934687549,0.26237857,0.09902257994890867,0.09902257994890867
2K9D.pdb,I44Q,43,1.346039660375058,1.2127988,-0.13324082652801206,0.13324082652801206
2K9D.pdb,I44E,43,1.5854677307246623,1.4450598,-0.14040795441850995,0.14040795441850995
2K9D.pdb,I44N,43,1.639038699950759,1.4524813,-0.18655743011433312,0.18655743011433312
2K9D.pdb,I44H,43,1.5246080451546522,1.1115756,-0.4130324416695448,0.4130324416695448
2K9D.pdb,I44D,43,1.9234934450043992,1.6466688,-0.27682465323346417,0.27682465323346417
2K9D.pdb,I44R,43,1.5153941945003928,1.3732384,-0.1421557501720847,0.1421557501720847
2K9D.pdb,I44K,43,1.7352506763053337,1.3685608,-0.3666898852897087,0.3666898852897087
2K9D.pdb,I44T,43,0.9672755200806836,0.90293944,-0.06433608126079837,0.06433608126079837
2K9D.pdb,I44S,43,1.3686758931365497,1.2469875,-0.12168843109278749,0.12168843109278749
2K9D.pdb,I44A,43,1.1451114363264718,1.0212697,-0.12384175725695279,0.12384175725695279
2K9D.pdb,I44G,43,1.6402048213095737,1.5615193,-0.07868555613470796,0.07868555613470796
2K9D.pdb,I44M,43,-0.0155837816736208,0.4874897,0.5030734819910037,0.5030734819910037
2K9D.pdb,I44L,43,-0.6010678496146835,0.34912443,0.9501922812247909,0.9501922812247909
2K9D.pdb,I44V,43,0.4434303499231196,0.29790968,-0.14552067289446358,0.14552067289446358
2K9D.pdb,I44W,43,0.4871228877374274,0.63495755,0.14783466421874936,0.14783466421874936
2K9D.pdb,I44Y,43,0.8195785485033125,0.6489277,-0.17065085990467965,0.17065085990467965
2K9D.pdb,I44F,43,-0.0587311196713273,0.5483475,0.6070785928158585,0.6070785928158585
2K9D.pdb,I44P,43,2.1400265268882457,1.6201706,-0.5198559336265269,0.5198559336265269
2K9D.pdb,I44C,43,0.5624956772936098,0.43940654,-0.1230891333235018,0.1230891333235018
2KCF.pdb,G1Q,0,0.2179257562324723,0.09220821,-0.12571754957887732,0.12571754957887732
2KCF.pdb,G1E,0,-0.0329869624019329,0.033760104,0.06674706673032683,0.06674706673032683
2KCF.pdb,G1N,0,0.0787033855844545,-0.06656037,-0.14526375829468247,0.14526375829468247
2KCF.pdb,G1H,0,0.3476763853702092,-0.003602825,-0.35127921047539945,0.35127921047539945
2KCF.pdb,G1D,0,-0.0281832906459729,-0.0025812387,0.025602051899329833,0.025602051899329833
2KCF.pdb,G1T,0,0.2900714432563749,0.09945774,-0.1906137024726835,0.1906137024726835
2KCF.pdb,G1S,0,0.2101602856203035,-0.013980828,-0.22414111384591615,0.22414111384591615
2KCF.pdb,G1A,0,0.2274861559173104,-0.033630475,-0.2611166313191887,0.2611166313191887
2KCF.pdb,G1M,0,0.5496536482233636,0.0888843,-0.46076934673973247,0.46076934673973247
2KCF.pdb,G1L,0,0.5630984624335693,0.06421311,-0.4988853504369186,0.4988853504369186
2KCF.pdb,G1V,0,0.3093596551890956,0.0326849,-0.2766747553225146,0.2766747553225146
2KCF.pdb,G1I,0,0.3115480064036604,0.08884716,-0.22270084606430496,0.22270084606430496
2KCF.pdb,G1P,0,0.2859085728802903,-0.01809895,-0.3040075232663377,0.3040075232663377
2KCF.pdb,S2Q,1,0.2962973303201575,0.09248993,-0.20380740231303163,0.20380740231303163
2KCF.pdb,S2E,1,-0.0802293635326534,0.03495577,0.11518513330995138,0.11518513330995138
2KCF.pdb,S2N,1,0.1245779156885946,0.11102818,-0.013549736162265555,0.013549736162265555
2KCF.pdb,S2H,1,0.2370516525350594,0.10230902,-0.13474263416157,0.13474263416157
2KCF.pdb,S2D,1,-0.2893744223174335,0.13318713,0.422561552411008,0.422561552411008
2KCF.pdb,S2R,1,0.4095690725541285,0.19883706,-0.2107320157981089,0.2107320157981089
2KCF.pdb,S2K,1,0.4161597128208125,0.11472882,-0.30143088951663616,0.30143088951663616
2KCF.pdb,S2T,1,0.1518121404962444,0.12968591,-0.022126231940259894,0.022126231940259894
2KCF.pdb,S2A,1,0.2641588713201215,-0.017642558,-0.2818014289411237,0.2818014289411237
2KCF.pdb,S2G,1,0.1427965576954801,0.25294846,0.11015190526762414,0.11015190526762414
2KCF.pdb,S2M,1,0.3040394756401043,0.16938774,-0.13465173276309778,0.13465173276309778
2KCF.pdb,S2L,1,0.2904191112976448,0.106473364,-0.1839457473616974,0.1839457473616974
2KCF.pdb,S2V,1,0.3545815236301024,0.040057957,-0.3145235664577086,0.3145235664577086
2KCF.pdb,S2I,1,0.1550476548740134,0.10152434,-0.05352331674783084,0.05352331674783084
2KCF.pdb,S2W,1,0.3257354417979961,0.113503896,-0.2122315460980182,0.2122315460980182
2KCF.pdb,S2Y,1,0.0079163552812935,0.18513481,0.17721845790821303,0.17721845790821303
2KCF.pdb,S2F,1,0.2518145286791347,0.27894396,0.027129427219150237,0.027129427219150237
2KCF.pdb,S2P,1,0.2046810452503691,-0.05565709,-0.2603381340069304,0.2603381340069304
2KCF.pdb,K3Q,2,0.0184687326092523,0.078988954,0.06052022181560579,0.06052022181560579
2KCF.pdb,K3E,2,-0.0442664667257557,0.042598717,0.08686518364040949,0.08686518364040949
2KCF.pdb,K3N,2,0.1486248494152815,0.15179706,0.0031722067828386102,0.0031722067828386102
2KCF.pdb,K3H,2,0.2546033442187103,0.14689916,-0.10770418049571834,0.10770418049571834
2KCF.pdb,K3D,2,-0.1745956021736021,0.13577338,0.3103689778039808,0.3103689778039808
2KCF.pdb,K3R,2,0.2250493696804301,0.14716634,-0.07788302813723247,0.07788302813723247
2KCF.pdb,K3T,2,0.0064887999576823,0.13952065,0.13303184518391925,0.13303184518391925
2KCF.pdb,K3S,2,0.0448301151729393,-0.013927296,-0.05875741097696304,0.05875741097696304
2KCF.pdb,K3A,2,-0.0213198516024193,-0.067023486,-0.04570363429655226,0.04570363429655226
2KCF.pdb,K3G,2,-0.0735428171567522,0.1279707,0.20151351265235767,0.20151351265235767
2KCF.pdb,K3M,2,0.1205323490306491,0.20279312,0.08226077230724152,0.08226077230724152
2KCF.pdb,K3L,2,0.0639112794718976,0.09187812,0.02796684410951185,0.02796684410951185
2KCF.pdb,K3V,2,0.1695182918709581,0.15313777,-0.016380518595582733,0.016380518595582733
2KCF.pdb,K3I,2,0.2962559192020317,0.2773242,-0.01893171952551803,0.01893171952551803
2KCF.pdb,K3W,2,0.1190576785705017,0.2189049,0.09984721900010834,0.09984721900010834
2KCF.pdb,K3Y,2,0.1602346805287173,0.24720082,0.08696613634101841,0.08696613634101841
2KCF.pdb,K3F,2,0.2498514935645821,0.3704945,0.1206430211391685,0.1206430211391685
2KCF.pdb,K3P,2,-0.1131993068899817,-0.34064275,-0.2274434433732324,0.2274434433732324
2KCF.pdb,L4Q,3,1.864989713207184,1.7215846,-0.1434051547202455,0.1434051547202455
2KCF.pdb,L4E,3,1.406786505468007,1.2317533,-0.17503315616380788,0.17503315616380788
2KCF.pdb,L4N,3,2.2219457849651145,1.6741244,-0.5478214248805808,0.5478214248805808
2KCF.pdb,L4H,3,2.141887818288099,1.6285354,-0.5133524283878916,0.5133524283878916
2KCF.pdb,L4D,3,0.8497901409010942,0.9111147,0.06132455178689411,0.06132455178689411
2KCF.pdb,L4R,3,1.8583976901175163,2.0891085,0.23071077698453446,0.23071077698453446
2KCF.pdb,L4K,3,0.875477736763755,1.9274709,1.0519931857063378,1.0519931857063378
2KCF.pdb,L4T,3,1.989771993645469,1.3476429,-0.6421290950858987,0.6421290950858987
2KCF.pdb,L4S,3,1.726411304351912,1.4237196,-0.30269165980540325,0.30269165980540325
2KCF.pdb,L4A,3,1.777551131829071,1.4733044,-0.3042467409217835,0.3042467409217835
2KCF.pdb,L4G,3,1.74300552546801,1.2334051,-0.5096004122477951,0.5096004122477951
2KCF.pdb,L4M,3,1.0204662846735644,1.0640478,0.04358152874196297,0.04358152874196297
2KCF.pdb,L4V,3,1.5432708087649274,1.1058552,-0.43741558224820376,0.43741558224820376
2KCF.pdb,L4I,3,1.3886428509691586,0.8647173,-0.5239255462625851,0.5239255462625851
2KCF.pdb,L4W,3,1.50224904163672,1.4343343,-0.06791476353003056,0.06791476353003056
2KCF.pdb,L4Y,3,1.5033152880378275,1.4209318,-0.08238347193675333,0.08238347193675333
2KCF.pdb,L4F,3,1.6560512135925554,1.3104327,-0.345618541091945,0.345618541091945
2KCF.pdb,L4P,3,-0.5834623943612476,0.7137385,1.2972008954331775,1.2972008954331775
2KCF.pdb,L4C,3,0.6021868667117058,1.1551967,0.5530098000058234,0.5530098000058234
2KCF.pdb,P5Q,4,1.5665817132174351,1.7635318,0.19695009086734272,0.19695009086734272
2KCF.pdb,P5E,4,1.3265740413281848,1.7504543,0.42388026527429323,0.42388026527429323
2KCF.pdb,P5N,4,1.8813442373252245,1.7126149,-0.16872934341195545,0.16872934341195545
2KCF.pdb,P5H,4,1.529235272289016,1.8214536,0.2922182990305642,0.2922182990305642
2KCF.pdb,P5D,4,1.601116599556108,1.8476224,0.2465057950056595,0.2465057950056595
2KCF.pdb,P5R,4,1.6990579464867912,1.9101962,0.2111382386252083,0.2111382386252083
2KCF.pdb,P5K,4,1.819234774289996,1.8832552,0.06402046901139569,0.06402046901139569
2KCF.pdb,P5T,4,1.7642462936205594,2.009117,0.24487059442570525,0.24487059442570525
2KCF.pdb,P5S,4,1.512791911686953,1.652632,0.13984008637518075,0.13984008637518075
2KCF.pdb,P5A,4,1.244738180045085,1.6537327,0.4089944773874712,0.4089944773874712
2KCF.pdb,P5G,4,1.124414606214695,1.8400999,0.7156853245485497,0.7156853245485497
2KCF.pdb,P5M,4,1.452036191784377,1.7594892,0.3074529868731548,0.3074529868731548
2KCF.pdb,P5L,4,1.3007073043837902,1.5406513,0.23994401702734258,0.23994401702734258
2KCF.pdb,P5V,4,1.914507316963304,1.722044,-0.19246332587443682,0.19246332587443682
2KCF.pdb,P5I,4,1.7400545662572515,1.7188163,-0.02123828589226129,0.02123828589226129
2KCF.pdb,P5W,4,1.514478445107054,1.9457511,0.43127262586920323,0.43127262586920323
2KCF.pdb,P5Y,4,1.7663210242620395,1.8275793,0.061258235610397005,0.061258235610397005
2KCF.pdb,P5F,4,1.789195536639255,1.7921225,0.002926946614224102,0.002926946614224102
2KCF.pdb,P6Q,5,0.6418111207915174,0.33590484,-0.3059062841368543,0.3059062841368543
2KCF.pdb,P6E,5,0.3937655700370868,0.167288,-0.22647756468506652,0.22647756468506652
2KCF.pdb,P6N,5,0.644170779385739,0.4083822,-0.2357885722305113,0.2357885722305113
2KCF.pdb,P6H,5,0.4229805092940009,0.26559573,-0.1573847751745856,0.1573847751745856
2KCF.pdb,P6D,5,0.4241576846827817,0.37576878,-0.04838890397446871,0.04838890397446871
2KCF.pdb,P6R,5,0.7176797656907636,0.4980664,-0.2196133701695997,0.2196133701695997
2KCF.pdb,P6K,5,0.7441722872013128,0.37038523,-0.37378705761375786,0.37378705761375786
2KCF.pdb,P6T,5,0.6366673461113441,0.32879323,-0.3078741184387672,0.3078741184387672
2KCF.pdb,P6S,5,0.7348743408760359,0.32167906,-0.4131952851852705,0.4131952851852705
2KCF.pdb,P6A,5,0.3687174877613473,0.13275495,-0.2359625360458779,0.2359625360458779
2KCF.pdb,P6G,5,0.8763554712562955,0.46714425,-0.40921122038654456,0.40921122038654456
2KCF.pdb,P6M,5,0.5209168885486284,0.3117384,-0.20917848689724594,0.20917848689724594
2KCF.pdb,P6L,5,0.5081994109396044,0.26394996,-0.24424945046940483,0.24424945046940483
2KCF.pdb,P6V,5,0.5037683119945844,0.05916354,-0.44460477139285404,0.44460477139285404
2KCF.pdb,P6I,5,0.5725522240925427,0.18148346,-0.3910687616396542,0.3910687616396542
2KCF.pdb,P6W,5,0.3008138105832096,0.1239979,-0.17681591367349586,0.17681591367349586
2KCF.pdb,P6Y,5,-0.0462046446277635,0.19214469,0.2383493365718858,0.2383493365718858
2KCF.pdb,P6F,5,0.0816575697094061,0.18776956,0.1061119922965906,0.1061119922965906
2KCF.pdb,G7Q,6,1.3240598711299585,2.0286684,0.7046085324955298,0.7046085324955298
2KCF.pdb,G7E,6,1.2775839984545154,1.8799357,0.6023517429700451,0.6023517429700451
2KCF.pdb,G7N,6,0.9519891886581924,1.3752537,0.4232644887099717,0.4232644887099717
2KCF.pdb,G7H,6,0.4890186507343323,1.5785013,1.0894826929927794,1.0894826929927794
2KCF.pdb,G7D,6,1.38452449300083,1.3632622,-0.02126231648715815,0.02126231648715815
2KCF.pdb,G7R,6,1.938240236334985,2.155203,0.21696286768417994,0.21696286768417994
2KCF.pdb,G7K,6,2.0379010573970584,2.1086402,0.07073913654215058,0.07073913654215058
2KCF.pdb,G7T,6,1.8433046133712585,2.0758834,0.2325787751480286,0.2325787751480286
2KCF.pdb,G7S,6,1.570722932201846,1.8136213,0.24289835037566876,0.24289835037566876
2KCF.pdb,G7A,6,1.3996732276657862,1.8664253,0.46675204813682614,0.46675204813682614
2KCF.pdb,G7M,6,1.3106750576605115,1.8588934,0.5482183368097033,0.5482183368097033
2KCF.pdb,G7L,6,1.8735054879191768,1.7766306,-0.09687484788926959,0.09687484788926959
2KCF.pdb,G7V,6,1.6787026096227753,2.0269887,0.3482861351129425,0.3482861351129425
2KCF.pdb,G7I,6,1.70569242637456,2.2062342,0.5005417903155034,0.5005417903155034
2KCF.pdb,G7W,6,1.0593188354939376,1.4393522,0.3800333192378129,0.3800333192378129
2KCF.pdb,G7Y,6,1.0262141897819976,1.2608417,0.23462753747477727,0.23462753747477727
2KCF.pdb,G7F,6,0.850289014240412,1.1150179,0.26472887668976375,0.26472887668976375
2KCF.pdb,G7P,6,0.8748234705264264,2.4706602,1.5958367391293353,1.5958367391293353
2KCF.pdb,G7C,6,0.3383265639510902,1.1454132,0.8070865963730065,0.8070865963730065
2KCF.pdb,W8Q,7,2.6186146240266788,3.0109916,0.39237694930706146,0.39237694930706146
2KCF.pdb,W8E,7,3.148185790823681,3.270311,0.12212532634856021,0.12212532634856021
2KCF.pdb,W8N,7,3.202851023855787,2.843317,-0.35953399199543545,0.35953399199543545
2KCF.pdb,W8H,7,2.5977525903749483,2.4311745,-0.16657807369709188,0.16657807369709188
2KCF.pdb,W8D,7,3.0315538220367726,3.027095,-0.004458742614775524,0.004458742614775524
2KCF.pdb,W8R,7,2.9917920853325404,3.0292106,0.03741848214182486,0.03741848214182486
2KCF.pdb,W8K,7,3.112529035647156,3.1922464,0.07971740142559769,0.07971740142559769
2KCF.pdb,W8T,7,2.562410822295771,2.5574489,-0.004961958312616588,0.004961958312616588
2KCF.pdb,W8S,7,2.758345293908988,2.9143224,0.15597708234223262,0.15597708234223262
2KCF.pdb,W8A,7,2.594683626854833,2.5595644,-0.03511927481931032,0.03511927481931032
2KCF.pdb,W8G,7,2.7386064678656767,3.329493,0.590886577941208,0.590886577941208
2KCF.pdb,W8M,7,2.858067411997735,2.4365299,-0.42153753719609943,0.42153753719609943
2KCF.pdb,W8L,7,2.48810875254578,2.199046,-0.28906285601562853,0.28906285601562853
2KCF.pdb,W8V,7,2.5064827252288784,2.3340893,-0.1723934460540737,0.1723934460540737
2KCF.pdb,W8I,7,2.9502684355433733,2.3349526,-0.6153158426936418,0.6153158426936418
2KCF.pdb,W8Y,7,2.3842655843134155,0.9799328,-1.4043327992792358,1.4043327992792358
2KCF.pdb,W8F,7,2.2532636367585224,1.0015721,-1.2516915046479267,1.2516915046479267
2KCF.pdb,W8P,7,2.2790454306913834,2.861487,0.5824414810822982,0.5824414810822982
2KCF.pdb,E9Q,8,0.609054898721324,0.57427174,-0.03478316019211869,0.03478316019211869
2KCF.pdb,E9N,8,1.255870898599179,1.328166,0.07229510939642636,0.07229510939642636
2KCF.pdb,E9H,8,0.388670876618626,0.97534317,0.5866722911632039,0.5866722911632039
2KCF.pdb,E9D,8,1.4228131833156596,1.1121784,-0.3106347384532939,0.3106347384532939
2KCF.pdb,E9R,8,0.9252199484826468,1.3224579,0.39723796110139864,0.39723796110139864
2KCF.pdb,E9K,8,1.0249358074129131,1.2620554,0.23711958962077828,0.23711958962077828
2KCF.pdb,E9T,8,0.4455012229024264,0.50612545,0.06062422723185096,0.06062422723185096
2KCF.pdb,E9S,8,0.4352136288124921,0.8586105,0.42339688201361875,0.42339688201361875
2KCF.pdb,E9A,8,1.0515376009839894,0.975252,-0.07628562830866592,0.07628562830866592
2KCF.pdb,E9G,8,0.9847623348997814,1.5214918,0.5367294310761708,0.5367294310761708
2KCF.pdb,E9M,8,0.827415280942905,0.5761063,-0.2513089710521579,0.2513089710521579
2KCF.pdb,E9L,8,0.7549028702676244,0.72310895,-0.03179392299055528,0.03179392299055528
2KCF.pdb,E9V,8,0.0592769579885161,-0.0025021434,-0.061779101371542224,0.061779101371542224
2KCF.pdb,E9I,8,0.3469063177967064,0.1509288,-0.19597752245902939,0.19597752245902939
2KCF.pdb,E9W,8,1.212797681959893,0.8304032,-0.3823944732272879,0.3823944732272879
2KCF.pdb,E9Y,8,0.9775503706218692,0.7451101,-0.2324402760745975,0.2324402760745975
2KCF.pdb,E9F,8,1.0109125137866344,0.7221719,-0.2887406111300792,0.2887406111300792
2KCF.pdb,E9P,8,2.6142667593460227,2.6410246,0.026757830192551513,0.026757830192551513
2KCF.pdb,E9C,8,0.2771539731834169,0.45780286,0.18064888874552293,0.18064888874552293
2KCF.pdb,K10Q,9,0.0144785604890906,-0.23347525,-0.2479538134750449,0.2479538134750449
2KCF.pdb,K10E,9,0.0222565963360934,-0.028824195,-0.05108079160186336,0.05108079160186336
2KCF.pdb,K10N,9,1.894150039875196,1.3067107,-0.5874393198129402,0.5874393198129402
2KCF.pdb,K10H,9,1.2799164804914698,0.68538654,-0.5945299419859156,0.5945299419859156
2KCF.pdb,K10D,9,2.043224782134227,1.6153893,-0.4278354350578111,0.4278354350578111
2KCF.pdb,K10R,9,0.0355259874410576,0.209884,0.17435801536369855,0.17435801536369855
2KCF.pdb,K10T,9,0.5056127045761163,0.17861518,-0.32699752193794795,0.32699752193794795
2KCF.pdb,K10S,9,0.7121303678333268,0.46197027,-0.25016009815330364,0.25016009815330364
2KCF.pdb,K10A,9,0.1177579826668195,-0.102222994,-0.2199809766367368,0.2199809766367368
2KCF.pdb,K10G,9,1.3262962683691342,1.2037346,-0.12256163206237147,0.12256163206237147
2KCF.pdb,K10M,9,-0.4223986953425833,-0.35592675,0.06647194325212918,0.06647194325212918
2KCF.pdb,K10L,9,0.0317653761386744,-0.30213386,-0.33389923434256236,0.33389923434256236
2KCF.pdb,K10V,9,-0.0470059381023797,-0.5335825,-0.4865765704616157,0.4865765704616157
2KCF.pdb,K10I,9,-0.1609771810923286,-0.39746863,-0.23649144540684744,0.23649144540684744
2KCF.pdb,K10W,9,0.8074680983379556,0.20522308,-0.6022450148418619,0.6022450148418619
2KCF.pdb,K10Y,9,0.8441679025364217,0.16529328,-0.6788746262264547,0.6788746262264547
2KCF.pdb,K10F,9,0.925964167341886,0.19649586,-0.7294683065268378,0.7294683065268378
2KCF.pdb,K10P,9,0.7640554957091128,1.4444752,0.6804196782410825,0.6804196782410825
2KCF.pdb,K10C,9,0.091000570785471,-0.2855605,-0.37656105948633767,0.37656105948633767
2KCF.pdb,R11Q,10,1.669056419623659,0.8490283,-0.8200281303055743,0.8200281303055743
2KCF.pdb,R11E,10,2.019335517173123,1.656323,-0.3630125610879178,0.3630125610879178
2KCF.pdb,R11N,10,1.9415725232648893,1.5487986,-0.39277396216869787,0.39277396216869787
2KCF.pdb,R11H,10,1.0494338040439288,1.0266432,-0.022790647038618772,0.022790647038618772
2KCF.pdb,R11D,10,2.319288360537929,2.5930781,0.2737897759061627,0.2737897759061627
2KCF.pdb,R11K,10,0.6722074493243553,0.42415327,-0.24805418098710552,0.24805418098710552
2KCF.pdb,R11T,10,1.7932767959777711,1.2827866,-0.5104901882354616,0.5104901882354616
2KCF.pdb,R11S,10,1.80325557414146,1.371665,-0.43159057322593264,0.43159057322593264
2KCF.pdb,R11A,10,1.6539856182631985,0.99790937,-0.6560762511786953,0.6560762511786953
2KCF.pdb,R11G,10,1.6080901083058974,1.8288798,0.22078972491553817,0.22078972491553817
2KCF.pdb,R11M,10,0.9315803585621468,0.30653876,-0.625041597900068,0.625041597900068
2KCF.pdb,R11L,10,0.8954230846982041,0.23589289,-0.659530192814354,0.659530192814354
2KCF.pdb,R11V,10,1.092729251657151,0.74637985,-0.3463493993622291,0.3463493993622291
2KCF.pdb,R11I,10,0.9902800694229426,0.7081235,-0.2821565643074335,0.2821565643074335
2KCF.pdb,R11W,10,1.4761050233756998,0.678049,-0.7980559954559305,0.7980559954559305
2KCF.pdb,R11Y,10,0.9374749878679416,0.4525463,-0.48492868936406586,0.48492868936406586
2KCF.pdb,R11F,10,1.0318445749304133,0.7759249,-0.25591965389464666,0.25591965389464666
2KCF.pdb,R11P,10,2.6099233151665864,2.8600316,0.2501082896002593,0.2501082896002593
2KCF.pdb,R11C,10,-0.4990646922320056,0.4675672,0.9666318976610828,0.9666318976610828
2KCF.pdb,M12Q,11,0.5639180440208953,0.47231862,-0.09159942453122549,0.09159942453122549
2KCF.pdb,M12E,11,0.7640730434344976,0.7860824,0.022009343536022463,0.022009343536022463
2KCF.pdb,M12N,11,0.8173535784308525,1.1208645,0.3035109321053413,0.3035109321053413
2KCF.pdb,M12H,11,0.3813817642840504,0.65549827,0.27411650193604237,0.27411650193604237
2KCF.pdb,M12D,11,1.5420010083281657,1.4919814,-0.05001962118979897,0.05001962118979897
2KCF.pdb,M12R,11,-0.0975816835043654,0.53491116,0.632492839205049,0.632492839205049
2KCF.pdb,M12K,11,0.2302283269306393,0.54964876,0.31942043481862825,0.31942043481862825
2KCF.pdb,M12T,11,0.075405085180535,0.0821003,0.00669521680043729,0.00669521680043729
2KCF.pdb,M12S,11,0.8789466048232066,0.8856474,0.006700811291600495,0.006700811291600495
2KCF.pdb,M12A,11,0.7618456270039251,0.83712685,0.07528122407792304,0.07528122407792304
2KCF.pdb,M12G,11,1.6296145502407005,1.6329749,0.0033603128116677095,0.0033603128116677095
2KCF.pdb,M12L,11,0.0342362310176467,-0.00053206086,-0.03476829187923423,0.03476829187923423
2KCF.pdb,M12V,11,-0.3968311224761618,-0.27095428,0.12587684138447175,0.12587684138447175
2KCF.pdb,M12I,11,-0.4554534747290977,-0.47626224,-0.020808766872846274,0.020808766872846274
2KCF.pdb,M12W,11,-0.4820112269107452,0.047489315,0.5295005421821228,0.5295005421821228
2KCF.pdb,M12Y,11,-0.6015945190709764,0.11133134,0.7129258627217943,0.7129258627217943
2KCF.pdb,M12F,11,-0.4332162109377124,0.02668783,0.4599040416242816,0.4599040416242816
2KCF.pdb,M12P,11,1.4112990921361424,1.8090171,0.39771797005105247,0.39771797005105247
2KCF.pdb,M12C,11,-0.2521137852034791,-0.014769614,0.23734417146065073,0.23734417146065073
2KCF.pdb,S13Q,12,0.2015825324632003,1.2361171,1.0345345920942948,1.0345345920942948
2KCF.pdb,S13E,12,0.1592616390888586,0.7367958,0.5775341439540491,0.5775341439540491
2KCF.pdb,S13N,12,0.6395265094853069,-0.231426,-0.8709525100803996,0.8709525100803996
2KCF.pdb,S13H,12,-0.2913329477067301,0.8730917,1.1644246453996012,1.1644246453996012
2KCF.pdb,S13D,12,-0.2706718686519966,-0.33607042,-0.06539854970585252,0.06539854970585252
2KCF.pdb,S13R,12,1.0333955873537728,1.3866022,0.35320657596104654,0.35320657596104654
2KCF.pdb,S13K,12,1.222845339125636,1.6791048,0.4562594658670398,0.4562594658670398
2KCF.pdb,S13T,12,0.4319678120217733,0.8017717,0.36980388836045935,0.36980388836045935
2KCF.pdb,S13A,12,0.400559787528304,0.7279484,0.32738863967201337,0.32738863967201337
2KCF.pdb,S13G,12,1.0919149422282188,0.8797308,-0.21218412157239608,0.21218412157239608
2KCF.pdb,S13M,12,0.2400667391673714,1.2322872,0.9922204293354362,0.9922204293354362
2KCF.pdb,S13L,12,0.0731857505727213,0.96606386,0.892878106505831,0.892878106505831
2KCF.pdb,S13V,12,0.3019980699354454,1.3513131,1.0493150442308143,1.0493150442308143
2KCF.pdb,S13I,12,0.1557220293871606,1.4159288,1.2602068112500464,1.2602068112500464
2KCF.pdb,S13W,12,0.6997001508487735,1.5077862,0.8080860038982358,0.8080860038982358
2KCF.pdb,S13Y,12,0.6350391154577482,1.488702,0.8536629433343661,0.8536629433343661
2KCF.pdb,S13F,12,0.5304760644368138,1.6609114,1.1304353764124904,1.1304353764124904
2KCF.pdb,S13P,12,2.2938148811103853,1.8745968,-0.4192180469276461,0.4192180469276461
2KCF.pdb,R14Q,13,0.229776780288561,0.103402615,-0.12637416569505514,0.12637416569505514
2KCF.pdb,R14E,13,0.3225728429877961,0.119324714,-0.2032481290424073,0.2032481290424073
2KCF.pdb,R14N,13,0.3839954454391197,0.2444825,-0.13951294309784923,0.13951294309784923
2KCF.pdb,R14H,13,0.2476240132118174,0.20334372,-0.044280293967814105,0.044280293967814105
2KCF.pdb,R14D,13,0.5393848293082617,0.36446416,-0.1749206655280493,0.1749206655280493
2KCF.pdb,R14K,13,0.0682252903817857,-0.039224,-0.10744928916680462,0.10744928916680462
2KCF.pdb,R14T,13,0.2406956631287293,0.1599583,-0.08073736015402838,0.08073736015402838
2KCF.pdb,R14S,13,0.1846703363050164,0.032458425,-0.15221191173684012,0.15221191173684012
2KCF.pdb,R14A,13,0.1188991497676261,0.013649821,-0.10524932848619299,0.10524932848619299
2KCF.pdb,R14G,13,0.4532137593923475,0.19597672,-0.2572370401321317,0.2572370401321317
2KCF.pdb,R14M,13,0.159106040939172,0.12745413,-0.03165190909751245,0.03165190909751245
2KCF.pdb,R14L,13,0.1182189293526509,0.028766826,-0.08945210355747725,0.08945210355747725
2KCF.pdb,R14V,13,0.2426830910779824,0.19599405,-0.046689041767298184,0.046689041767298184
2KCF.pdb,R14I,13,0.1555404487202891,0.23013885,0.0745984044720403,0.0745984044720403
2KCF.pdb,R14W,13,0.6864688373226844,0.08351475,-0.6029540873188697,0.6029540873188697
2KCF.pdb,R14Y,13,0.5362310918609812,0.18373352,-0.3524975689689829,0.3524975689689829
2KCF.pdb,R14F,13,0.5454542971433847,0.266869,-0.2785852886022775,0.2785852886022775
2KCF.pdb,R14P,13,-0.0498838893158724,-0.14120105,-0.09131715977355936,0.09131715977355936
2KCF.pdb,S15Q,14,0.3484391236389212,-0.08570365,-0.43414277226572556,0.43414277226572556
2KCF.pdb,S15E,14,0.2896005203395269,-0.020428145,-0.3100286656438491,0.3100286656438491
2KCF.pdb,S15N,14,0.1952062042818303,0.063138,-0.13206820361473512,0.13206820361473512
2KCF.pdb,S15H,14,0.048615994437847,-0.022388665,-0.0710046594434117,0.0710046594434117
2KCF.pdb,S15D,14,0.3484359918464488,0.17889874,-0.16953725501192274,0.16953725501192274
2KCF.pdb,S15R,14,-0.2206765574819376,-0.0051805507,0.21549600674276848,0.21549600674276848
2KCF.pdb,S15K,14,-0.0995328697034798,-0.046270393,0.05326247686833957,0.05326247686833957
2KCF.pdb,S15T,14,-0.0287404807452795,0.0077614877,0.036501968482577515,0.036501968482577515
2KCF.pdb,S15A,14,0.1737647934205886,-0.06420297,-0.23796776517704687,0.23796776517704687
2KCF.pdb,S15G,14,0.3992447791228415,0.30891708,-0.0903277037272574,0.0903277037272574
2KCF.pdb,S15M,14,0.6164026242839293,-0.05515913,-0.6715617534862952,0.6715617534862952
2KCF.pdb,S15L,14,0.2729951478687478,-0.05365511,-0.32665025816833504,0.32665025816833504
2KCF.pdb,S15V,14,-0.0373243996377934,-0.031767994,0.00555640547237287,0.00555640547237287
2KCF.pdb,S15I,14,-0.0158772093991017,-0.12164777,-0.10577055832350496,0.10577055832350496
2KCF.pdb,S15W,14,0.4932793450431996,-0.050599225,-0.5438785699086361,0.5438785699086361
2KCF.pdb,S15Y,14,0.1892221763863202,0.002866814,-0.18635536247333248,0.18635536247333248
2KCF.pdb,S15F,14,0.3085772207768875,0.03496558,-0.27361164231023366,0.27361164231023366
2KCF.pdb,S15P,14,0.434424893847996,0.9922691,0.5578442049107015,0.5578442049107015
2KCF.pdb,S16Q,15,0.5248914138766057,1.0503379,0.525446496775555,0.525446496775555
2KCF.pdb,S16E,15,0.6554283554909508,0.9650975,0.30966913148185804,0.30966913148185804
2KCF.pdb,S16N,15,0.30148825120598,0.20891136,-0.09257689189582985,0.09257689189582985
2KCF.pdb,S16H,15,0.3214493732992314,0.84126157,0.5198121923860408,0.5198121923860408
2KCF.pdb,S16D,15,0.3929297321551184,0.17100984,-0.2219198935740332,0.2219198935740332
2KCF.pdb,S16R,15,0.7305445992217137,1.1417005,0.4111559069886135,0.4111559069886135
2KCF.pdb,S16K,15,0.6140067463577328,1.2071197,0.5931129569351139,0.5931129569351139
2KCF.pdb,S16T,15,-0.0033702907066732,-0.20677918,-0.20340889125057168,0.20340889125057168
2KCF.pdb,S16A,15,0.6137007495057636,0.9843247,0.370623944174046,0.370623944174046
2KCF.pdb,S16G,15,0.6023395571869459,0.8804324,0.278092869742528,0.278092869742528
2KCF.pdb,S16M,15,0.6480548397352195,1.1138309,0.46577608429889916,0.46577608429889916
2KCF.pdb,S16L,15,0.4118407921260065,1.1584418,0.7466009898716741,0.7466009898716741
2KCF.pdb,S16V,15,0.9591775471570152,1.091627,0.13244945460537494,0.13244945460537494
2KCF.pdb,S16I,15,0.9943902000607494,1.2135192,0.21912901552305186,0.21912901552305186
2KCF.pdb,S16W,15,0.8412547886043709,0.9112736,0.07001881006658861,0.07001881006658861
2KCF.pdb,S16Y,15,0.5481297535241028,0.8530368,0.30490706736441653,0.30490706736441653
2KCF.pdb,S16F,15,0.6917588604863179,0.8868093,0.19505042896909597,0.19505042896909597
2KCF.pdb,S16P,15,1.1263819697214528,1.6029068,0.4765248534368114,0.4765248534368114
2KCF.pdb,G17Q,16,0.8372530746628841,0.69633967,-0.14091340781946982,0.14091340781946982
2KCF.pdb,G17E,16,1.4431734778731231,1.197877,-0.24529642842701715,0.24529642842701715
2KCF.pdb,G17N,16,0.5184167495267291,0.48531926,-0.033097492744197377,0.033097492744197377
2KCF.pdb,G17H,16,0.7910852907307355,0.6755195,-0.11556576472594426,0.11556576472594426
2KCF.pdb,G17D,16,1.130701256996712,1.1928334,0.062132166617789863,0.062132166617789863
2KCF.pdb,G17R,16,0.8084794297293159,0.8067102,-0.0017692461088629763,0.0017692461088629763
2KCF.pdb,G17K,16,0.5784958792783619,0.70713776,0.12864188422185174,0.12864188422185174
2KCF.pdb,G17T,16,1.4985977735067753,1.5047288,0.006131020591125136,0.006131020591125136
2KCF.pdb,G17S,16,1.0118325604576988,0.9478142,-0.06401833430718606,0.06401833430718606
2KCF.pdb,G17A,16,1.0966145720864535,1.0172203,-0.07939431337368497,0.07939431337368497
2KCF.pdb,G17M,16,1.1135290821332693,0.91215134,-0.2013777454633474,0.2013777454633474
2KCF.pdb,G17L,16,1.0298050501299865,0.96386945,-0.065935597653485,0.065935597653485
2KCF.pdb,G17V,16,1.607983555992463,1.6787469,0.07076338271298144,0.07076338271298144
2KCF.pdb,G17I,16,1.7481495648488858,1.7983682,0.050218650712027246,0.050218650712027246
2KCF.pdb,G17W,16,1.807535262878754,1.1338407,-0.6736945827563785,0.6736945827563785
2KCF.pdb,G17Y,16,1.3580885626612773,1.1307598,-0.2273287274180522,0.2273287274180522
2KCF.pdb,G17F,16,1.3854384591545712,0.9930277,-0.3924107720818173,0.3924107720818173
2KCF.pdb,G17P,16,1.677267734114866,2.0095563,0.33228855937268276,0.33228855937268276
2KCF.pdb,R18Q,17,0.8790803187375349,0.35264048,-0.5264398389344496,0.5264398389344496
2KCF.pdb,R18E,17,1.0608831005648731,0.89989185,-0.16099124723235358,0.16099124723235358
2KCF.pdb,R18N,17,1.3480320863533204,0.7547576,-0.5932745032119935,0.5932745032119935
2KCF.pdb,R18H,17,1.0511136347398282,0.54924804,-0.5018655950173856,0.5018655950173856
2KCF.pdb,R18D,17,1.4838331612385065,1.4166033,-0.06722983444102115,0.06722983444102115
2KCF.pdb,R18K,17,0.5269258863337714,0.18869412,-0.3382317668803412,0.3382317668803412
2KCF.pdb,R18T,17,1.160125949544114,0.879192,-0.28093395487706085,0.28093395487706085
2KCF.pdb,R18S,17,1.4642566694447954,0.77668,-0.6875766767690141,0.6875766767690141
2KCF.pdb,R18A,17,1.091487667419866,0.5519781,-0.5395095561527761,0.5395095561527761
2KCF.pdb,R18G,17,1.4562537048645852,1.1964041,-0.25984960540016866,0.25984960540016866
2KCF.pdb,R18M,17,1.073294551551886,0.24119177,-0.8321027769451812,0.8321027769451812
2KCF.pdb,R18L,17,0.8392655492167143,0.3141444,-0.5251211464743284,0.5251211464743284
2KCF.pdb,R18V,17,1.2788938059956323,0.7682523,-0.5106414928585779,0.5106414928585779
2KCF.pdb,R18I,17,0.9744089401740572,0.6527622,-0.32164676556773397,0.32164676556773397
2KCF.pdb,R18W,17,1.4492277470627777,0.6393089,-0.8099188176194183,0.8099188176194183
2KCF.pdb,R18Y,17,1.237597103910322,0.5424774,-0.6951196749972055,0.6951196749972055
2KCF.pdb,R18F,17,1.110752161185783,0.68434674,-0.4264054257083354,0.4264054257083354
2KCF.pdb,R18P,17,2.54344846601272,2.8693948,0.32594631319260214,0.32594631319260214
2KCF.pdb,V19Q,18,0.9953288867656156,0.8427352,-0.1525937154475614,0.1525937154475614
2KCF.pdb,V19E,18,0.6547486001215361,0.7588744,0.10412581622978223,0.10412581622978223
2KCF.pdb,V19N,18,1.4939248861410526,1.4272213,-0.06670358792327913,0.06670358792327913
2KCF.pdb,V19H,18,0.7160275376416334,0.834233,0.11820544833172475,0.11820544833172475
2KCF.pdb,V19D,18,1.6152588026642505,1.2176783,-0.397580494177312,0.397580494177312
2KCF.pdb,V19R,18,1.4237534453936558,1.3225479,-0.10120553279599953,0.10120553279599953
2KCF.pdb,V19K,18,1.5908062680160282,1.0752846,-0.5155216677581547,0.5155216677581547
2KCF.pdb,V19T,18,0.5525084580406965,0.5214483,-0.031060143850785593,0.031060143850785593
2KCF.pdb,V19S,18,0.8774202903979047,0.9176246,0.040204302383162194,0.040204302383162194
2KCF.pdb,V19A,18,0.7270971190251914,0.41753626,-0.3095608603276816,0.3095608603276816
2KCF.pdb,V19G,18,1.9145863032484047,1.2162288,-0.6983574605131142,0.6983574605131142
2KCF.pdb,V19M,18,0.633988379741814,0.39803225,-0.23595613172164187,0.23595613172164187
2KCF.pdb,V19L,18,1.039830834337422,0.24263242,-0.7971984154664962,0.7971984154664962
2KCF.pdb,V19I,18,0.031345590959066,0.096576154,0.06523056327295915,0.06523056327295915
2KCF.pdb,V19W,18,0.167543287012414,-0.04636103,-0.2139043161605158,0.2139043161605158
2KCF.pdb,V19Y,18,0.2589703325728414,0.16996634,-0.08900399250783897,0.08900399250783897
2KCF.pdb,V19F,18,0.2912675613730728,0.1427964,-0.14847116416390532,0.14847116416390532
2KCF.pdb,V19P,18,0.7091606596515041,0.9334365,0.22427585329557842,0.22427585329557842
2KCF.pdb,Y20Q,19,2.455709331422536,1.9963827,-0.4593266181046647,0.4593266181046647
2KCF.pdb,Y20E,19,1.952063797957473,2.407618,0.4555542478494117,0.4555542478494117
2KCF.pdb,Y20H,19,1.913357227688735,1.5457482,-0.36760899389356894,0.36760899389356894
2KCF.pdb,Y20R,19,1.938164002565088,1.9816304,0.043466441961584446,0.043466441961584446
2KCF.pdb,Y20K,19,2.296995623633411,2.287786,-0.009209616705920798,0.009209616705920798
2KCF.pdb,Y20T,19,3.166880805783649,2.2416122,-0.9252686098150211,0.9252686098150211
2KCF.pdb,Y20S,19,3.2366876342823208,2.4477682,-0.7889194229175747,0.7889194229175747
2KCF.pdb,Y20G,19,2.865968390687572,2.7212746,-0.1446937763534657,0.1446937763534657
2KCF.pdb,Y20M,19,2.248626170540634,1.2004514,-1.0481747964866788,1.0481747964866788
2KCF.pdb,Y20L,19,1.9893511939875577,1.4684948,-0.5208564210764859,0.5208564210764859
2KCF.pdb,Y20V,19,2.247482225149103,1.468252,-0.7792302815608463,0.7792302815608463
2KCF.pdb,Y20I,19,1.8928149284914664,1.2242855,-0.6685294451311758,0.6685294451311758
2KCF.pdb,Y20W,19,1.0022783167423497,0.65072227,-0.3515560514988194,0.3515560514988194
2KCF.pdb,Y20F,19,0.5535418737136959,0.20939922,-0.3441426503860592,0.3441426503860592
2KCF.pdb,Y21H,20,2.9712507678204148,1.9862956,-0.9849551869564621,0.9849551869564621
2KCF.pdb,Y21K,20,2.7020929031745125,3.121724,0.419630987130053,0.419630987130053
2KCF.pdb,Y21V,20,3.1097048146164266,2.4168284,-0.6928764206802693,0.6928764206802693
2KCF.pdb,Y21W,20,0.868286768781886,0.8048835,-0.06340328870986456,0.06340328870986456
2KCF.pdb,Y21F,20,1.0232605311058054,0.98849964,-0.03476088968734836,0.03476088968734836
2KCF.pdb,Y21P,20,2.306771382633481,2.9192057,0.6124342829548981,0.6124342829548981
2KCF.pdb,F22Q,21,2.301410958382527,1.3661362,-0.9352747651070752,0.9352747651070752
2KCF.pdb,F22E,21,2.742338011707509,1.7540611,-0.9882769088403824,0.9882769088403824
2KCF.pdb,F22N,21,2.465666899399669,2.0192356,-0.44643128843775504,0.44643128843775504
2KCF.pdb,F22H,21,0.906690883926866,0.926682,0.01999111146497967,0.01999111146497967
2KCF.pdb,F22R,21,1.5665523206668106,1.5617954,-0.004756966777345273,0.004756966777345273
2KCF.pdb,F22K,21,1.6081993275651312,1.6499975,0.04179814519793035,0.04179814519793035
2KCF.pdb,F22T,21,2.1996891748352185,1.4474292,-0.7522599946899549,0.7522599946899549
2KCF.pdb,F22S,21,2.6188322136414834,1.6982303,-0.9206019470704385,0.9206019470704385
2KCF.pdb,F22A,21,1.820095864111587,1.4551102,-0.3649856718126978,0.3649856718126978
2KCF.pdb,F22G,21,3.0481316530283347,2.0854797,-0.9626519167002097,0.9626519167002097
2KCF.pdb,F22M,21,2.0507027721780844,0.93824905,-1.112453720607192,1.112453720607192
2KCF.pdb,F22L,21,1.6082344744873232,1.0677032,-0.5405312274170107,0.5405312274170107
2KCF.pdb,F22V,21,1.2820620981745434,0.9596505,-0.32241158166453365,0.32241158166453365
2KCF.pdb,F22I,21,1.1097914887373828,0.8136033,-0.2961882067625903,0.2961882067625903
2KCF.pdb,F22W,21,0.6282829197680431,0.25561482,-0.3726681026255565,0.3726681026255565
2KCF.pdb,F22Y,21,-0.1192550688668911,-0.088104606,0.031150463192147454,0.031150463192147454
2KCF.pdb,F22P,21,2.746080609520053,2.735167,-0.010913583000277782,0.010913583000277782
2KCF.pdb,N23Q,22,1.937878653534481,2.3692157,0.431337073317936,0.431337073317936
2KCF.pdb,N23E,22,2.250856127481657,2.142448,-0.10840817902584643,0.10840817902584643
2KCF.pdb,N23H,22,1.3491702172164048,1.2719753,-0.07719493836203473,0.07719493836203473
2KCF.pdb,N23D,22,1.840694114905575,1.2555962,-0.5850979540169032,0.5850979540169032
2KCF.pdb,N23R,22,1.9312608846388408,2.106958,0.17569702780622753,0.17569702780622753
2KCF.pdb,N23K,22,2.6510674894018544,2.585144,-0.06592344643310444,0.06592344643310444
2KCF.pdb,N23T,22,2.206221572730181,2.4866376,0.280416019585493,0.280416019585493
2KCF.pdb,N23S,22,1.261421141564067,1.7701133,0.5086922073968094,0.5086922073968094
2KCF.pdb,N23A,22,2.042406667226426,2.3669834,0.32457674646986323,0.32457674646986323
2KCF.pdb,N23M,22,1.9413726312825208,2.1769433,0.23557067087202022,0.23557067087202022
2KCF.pdb,N23L,22,1.82052435760852,1.8497123,0.029187895008362386,0.029187895008362386
2KCF.pdb,N23V,22,2.256148353876616,1.9464238,-0.30972458487942367,0.30972458487942367
2KCF.pdb,N23I,22,1.5615979027015472,2.2208643,0.6592663932579255,0.6592663932579255
2KCF.pdb,N23W,22,1.930208145741316,1.9204919,-0.009716211918684214,0.009716211918684214
2KCF.pdb,N23Y,22,1.4609877953441572,1.9122603,0.45127249861641405,0.45127249861641405
2KCF.pdb,N23F,22,1.4938993939357192,1.7926078,0.298708390335521,0.298708390335521
2KCF.pdb,N23C,22,0.5180556718902567,1.0531707,0.5351150091094992,0.5351150091094992
2KCF.pdb,H24Q,23,0.4872514856778065,0.58180386,0.09455237260237537,0.09455237260237537
2KCF.pdb,H24E,23,1.0912411192685936,0.9147731,-0.17646801269358137,0.17646801269358137
2KCF.pdb,H24N,23,0.207692125456198,0.54106003,0.3333679050041597,0.3333679050041597
2KCF.pdb,H24D,23,1.5514541779963504,1.1277043,-0.42374991526289096,0.42374991526289096
2KCF.pdb,H24R,23,-0.1062740915789279,0.35924494,0.465519034244028,0.465519034244028
2KCF.pdb,H24K,23,0.1208075551858365,0.4350169,0.3142093451151431,0.3142093451151431
2KCF.pdb,H24T,23,-0.2830016599930798,0.11418301,0.3971846686638867,0.3971846686638867
2KCF.pdb,H24S,23,0.2066436456187936,0.40486294,0.1982192946926383,0.1982192946926383
2KCF.pdb,H24A,23,0.3129392209364616,0.7192482,0.4063089546845711,0.4063089546845711
2KCF.pdb,H24G,23,1.0680343242844936,0.9080868,-0.1599475475510952,0.1599475475510952
2KCF.pdb,H24M,23,0.3397865089401468,0.65344536,0.313658854104592,0.313658854104592
2KCF.pdb,H24L,23,0.0587028010458796,0.5112459,0.4525431053071172,0.4525431053071172
2KCF.pdb,H24V,23,-0.3279044207028607,0.29806826,0.6259726758889417,0.6259726758889417
2KCF.pdb,H24I,23,-0.2682261973844326,0.3298402,0.5980664104448117,0.5980664104448117
2KCF.pdb,H24W,23,-0.0955958855958982,0.035622448,0.13121833332500893,0.13121833332500893
2KCF.pdb,H24Y,23,-0.1015510532276575,-0.20469043,-0.10313937336040097,0.10313937336040097
2KCF.pdb,H24F,23,0.020113323877509,0.1693307,0.14921737735444748,0.14921737735444748
2KCF.pdb,H24P,23,0.5680397475108299,1.7528478,1.1848080432072488,1.1848080432072488
2KCF.pdb,I25Q,24,0.6179109152374287,0.6114253,-0.006485634666444806,0.006485634666444806
2KCF.pdb,I25E,24,0.606739548347403,0.84141725,0.23467770467002258,0.23467770467002258
2KCF.pdb,I25N,24,0.7254037749023947,0.80164456,0.07624078877253204,0.07624078877253204
2KCF.pdb,I25H,24,0.3188499852259665,0.6551189,0.3362688974301309,0.3362688974301309
2KCF.pdb,I25D,24,0.665961711423376,1.0636442,0.3976824593377324,0.3976824593377324
2KCF.pdb,I25R,24,0.7291858623741283,0.6797512,-0.04943464500886341,0.04943464500886341
2KCF.pdb,I25K,24,0.8748880244464459,0.69275486,-0.18213315975375788,0.18213315975375788
2KCF.pdb,I25T,24,0.822943367347766,0.7440096,-0.07893375335698227,0.07893375335698227
2KCF.pdb,I25S,24,1.0038946475520405,0.9363413,-0.06755336184647409,0.06755336184647409
2KCF.pdb,I25A,24,0.6062537001755064,0.7708957,0.16464201935269185,0.16464201935269185
2KCF.pdb,I25G,24,1.21476124181465,1.3605412,0.14577998266502523,0.14577998266502523
2KCF.pdb,I25M,24,0.5755961948386135,0.38045794,-0.19513825712117572,0.19513825712117572
2KCF.pdb,I25L,24,0.4033292447471683,0.16883641,-0.23449282993317294,0.23449282993317294
2KCF.pdb,I25V,24,0.4011084793469905,0.29058143,-0.11052704438185684,0.11052704438185684
2KCF.pdb,I25W,24,0.7426902895902283,0.64037174,-0.10231854972587895,0.10231854972587895
2KCF.pdb,I25Y,24,0.2808903117993369,0.59440976,0.3135194520136819,0.3135194520136819
2KCF.pdb,I25F,24,0.2633259576151827,0.60595834,0.3426323849370024,0.3426323849370024
2KCF.pdb,I25P,24,1.706134283570783,2.1949923,0.4888580202774837,0.4888580202774837
2KCF.pdb,T26Q,25,1.3176908481773122,1.4214814,0.10379052274859113,0.10379052274859113
2KCF.pdb,T26E,25,1.5054260176421723,1.4923191,-0.013106910586508258,0.013106910586508258
2KCF.pdb,T26N,25,1.2491988619883092,0.74366,-0.505538888843778,0.505538888843778
2KCF.pdb,T26H,25,1.3483309503246388,1.2815611,-0.06676981407891125,0.06676981407891125
2KCF.pdb,T26D,25,1.524998964823509,0.7607877,-0.7642112393749005,0.7642112393749005
2KCF.pdb,T26R,25,1.5824959952177236,1.4535649,-0.12893111293928117,0.12893111293928117
2KCF.pdb,T26K,25,1.5965606170397908,1.5061438,-0.09041680867492263,0.09041680867492263
2KCF.pdb,T26S,25,0.9056027310083172,0.39779997,-0.5078027622888348,0.5078027622888348
2KCF.pdb,T26A,25,1.4753870469401298,1.4129841,-0.062402914173406154,0.062402914173406154
2KCF.pdb,T26G,25,1.883735412398492,1.3455919,-0.5381435096656428,0.5381435096656428
2KCF.pdb,T26M,25,1.267256102942533,1.470366,0.2031098981866173,0.2031098981866173
2KCF.pdb,T26L,25,1.1598984522815594,1.4867784,0.3268799262050739,0.3268799262050739
2KCF.pdb,T26V,25,1.6897161543534591,1.4085944,-0.28112178446515346,0.28112178446515346
2KCF.pdb,T26I,25,1.3558197657316409,1.5158342,0.16001444657152075,0.16001444657152075
2KCF.pdb,T26W,25,1.2370649045539048,1.3342606,0.09719567836998433,0.09719567836998433
2KCF.pdb,T26Y,25,1.21085740452881,1.2166482,0.0057908164871200984,0.0057908164871200984
2KCF.pdb,T26F,25,1.168320164131999,1.3140572,0.14573706681740295,0.14573706681740295
2KCF.pdb,T26P,25,2.80914629355677,2.0371044,-0.7720419253469313,0.7720419253469313
2KCF.pdb,N27Q,26,0.1027342605348464,0.42306334,0.32032907726804055,0.32032907726804055
2KCF.pdb,N27E,26,0.9695421317897784,0.7973091,-0.17223303116187927,0.17223303116187927
2KCF.pdb,N27H,26,-0.1106612973890461,0.32670802,0.43736931616880076,0.43736931616880076
2KCF.pdb,N27D,26,1.422356523834305,0.67098117,-0.7513753550873568,0.7513753550873568
2KCF.pdb,N27R,26,-0.0778490767866655,0.5389721,0.6168211565405413,0.6168211565405413
2KCF.pdb,N27K,26,-0.2321707428067272,0.5065827,0.7387534201710766,0.7387534201710766
2KCF.pdb,N27T,26,1.0438784013870768,1.1248732,0.0809947599288412,0.0809947599288412
2KCF.pdb,N27S,26,0.6373470514960531,0.5886204,-0.0487266272254232,0.0487266272254232
2KCF.pdb,N27A,26,0.7547221415738501,0.6760237,-0.0786984198789038,0.0786984198789038
2KCF.pdb,N27G,26,-0.7224295304029629,-0.006406367,0.7160231635778591,0.7160231635778591
2KCF.pdb,N27M,26,0.1057664884429674,0.5007025,0.3949360119003553,0.3949360119003553
2KCF.pdb,N27L,26,-0.0098072598150191,0.588359,0.5981662581136641,0.5981662581136641
2KCF.pdb,N27V,26,1.4446576967782037,1.2676651,-0.1769925489968316,0.1769925489968316
2KCF.pdb,N27I,26,1.328130522743339,1.3921419,0.0640114154661946,0.0640114154661946
2KCF.pdb,N27W,26,0.775809927577962,0.75708956,-0.01872037231444268,0.01872037231444268
2KCF.pdb,N27Y,26,0.5160986095689604,0.7573011,0.24120248257886678,0.24120248257886678
2KCF.pdb,N27F,26,0.4550510388464488,0.68478894,0.22973790349058731,0.22973790349058731
2KCF.pdb,N27P,26,3.269033340509986,1.9956808,-1.2733525314889897,1.2733525314889897
2KCF.pdb,A28Q,27,-0.2470441884272758,-0.36363888,-0.11659468944137655,0.11659468944137655
2KCF.pdb,A28E,27,-0.1048504656861673,-0.25933382,-0.1544833534647574,0.1544833534647574
2KCF.pdb,A28N,27,0.6339487914767148,0.32954755,-0.30440123722218293,0.30440123722218293
2KCF.pdb,A28H,27,-0.0461218402362759,0.098106675,0.14422851508626294,0.14422851508626294
2KCF.pdb,A28D,27,0.92559700102404,0.3047092,-0.6208878049333417,0.6208878049333417
2KCF.pdb,A28R,27,-0.1017158199795567,0.078050405,0.1797662247666203,0.1797662247666203
2KCF.pdb,A28K,27,-0.1239975680043818,-0.003670618,0.12032695006634012,0.12032695006634012
2KCF.pdb,A28T,27,-0.0645064831664998,0.042290576,0.106797058968826,0.106797058968826
2KCF.pdb,A28S,27,0.3344699592434796,0.14198463,-0.19248533259266937,0.19248533259266937
2KCF.pdb,A28G,27,1.058476573366702,0.672101,-0.3863755525537138,0.3863755525537138
2KCF.pdb,A28M,27,-0.252632237042413,-0.27560222,-0.022969984446539637,0.022969984446539637
2KCF.pdb,A28L,27,0.1295444648555208,-0.10567275,-0.23521721175226457,0.23521721175226457
2KCF.pdb,A28V,27,-0.3274849457188873,0.009881429,0.3373663750931053,0.3373663750931053
2KCF.pdb,A28I,27,-0.1467304129888678,-0.123150125,0.023580287842955627,0.023580287842955627
2KCF.pdb,A28W,27,0.4588955165669304,0.09708005,-0.3618154646679741,0.3618154646679741
2KCF.pdb,A28Y,27,0.4361561451484606,0.054066464,-0.38208968084353656,0.38208968084353656
2KCF.pdb,A28F,27,0.6663750765739529,0.09061465,-0.5757604299007504,0.5757604299007504
2KCF.pdb,A28P,27,2.339611070935278,2.019716,-0.3198950465364745,0.3198950465364745
2KCF.pdb,S29Q,28,0.6871700618372012,-0.106251016,-0.7934210780963946,0.7934210780963946
2KCF.pdb,S29E,28,1.0777393514613631,0.118129745,-0.9596096063355926,0.9596096063355926
2KCF.pdb,S29N,28,1.2165687143027435,0.73975563,-0.47681308380957943,0.47681308380957943
2KCF.pdb,S29H,28,0.2097410615390584,0.105795845,-0.10394521614969224,0.10394521614969224
2KCF.pdb,S29D,28,2.185585911278299,1.1247032,-1.0608827424092806,1.0608827424092806
2KCF.pdb,S29R,28,-0.1033086515481733,0.09277521,0.19608386228635538,0.19608386228635538
2KCF.pdb,S29K,28,0.0456006737270895,0.22950889,0.1839082179746088,0.1839082179746088
2KCF.pdb,S29T,28,0.0286403966044024,-0.12217064,-0.15081103862272058,0.15081103862272058
2KCF.pdb,S29A,28,0.0460101818294513,-0.061039228,-0.10704940982174752,0.10704940982174752
2KCF.pdb,S29G,28,1.1841753679303382,0.82387674,-0.36029862938205937,0.36029862938205937
2KCF.pdb,S29M,28,-0.4054138011151642,-0.48221874,-0.0768049412554413,0.0768049412554413
2KCF.pdb,S29L,28,0.0115952912590029,-0.089489415,-0.10108470654697439,0.10108470654697439
2KCF.pdb,S29V,28,-0.3775725132388023,-0.43906426,-0.06149175105868304,0.06149175105868304
2KCF.pdb,S29I,28,-0.3243307527821972,-0.49185032,-0.16751956374230842,0.16751956374230842
2KCF.pdb,S29W,28,-0.8398650135427865,-0.3752063,0.4646587218672189,0.4646587218672189
2KCF.pdb,S29Y,28,-0.1246173404981463,-0.38573265,-0.2611153102586896,0.2611153102586896
2KCF.pdb,S29F,28,-0.4513424224035884,-0.41426402,0.03707839909960281,0.03707839909960281
2KCF.pdb,S29P,28,2.080941393532659,1.8161434,-0.26479800001611853,0.26479800001611853
2KCF.pdb,Q30E,29,1.800088640839214,0.6446593,-1.1554293600622365,1.1554293600622365
2KCF.pdb,Q30N,29,1.6933090677548022,1.3386266,-0.35468244460111564,0.35468244460111564
2KCF.pdb,Q30H,29,1.4469375199127836,0.9811112,-0.4658262914467497,0.4658262914467497
2KCF.pdb,Q30D,29,2.1984249656730013,1.5047808,-0.6936441963248567,0.6936441963248567
2KCF.pdb,Q30R,29,1.2731694050909546,0.72846013,-0.5447092720152404,0.5447092720152404
2KCF.pdb,Q30K,29,1.6489325273897637,0.6343715,-1.0145610083010186,1.0145610083010186
2KCF.pdb,Q30T,29,1.1702597278815277,0.22183433,-0.9484253961306579,0.9484253961306579
2KCF.pdb,Q30S,29,0.822647057768662,0.7041967,-0.11845036625560046,0.11845036625560046
2KCF.pdb,Q30A,29,1.593315176830864,0.5579101,-1.0354050921064377,1.0354050921064377
2KCF.pdb,Q30G,29,1.7183465846566568,1.3402629,-0.37808369479459625,0.37808369479459625
2KCF.pdb,Q30M,29,1.0488163838394398,-0.1668036,-1.2156199822433704,1.2156199822433704
2KCF.pdb,Q30L,29,1.6619616031665798,0.3642783,-1.2976833164710995,1.2976833164710995
2KCF.pdb,Q30V,29,1.360073823102625,0.18268493,-1.1773888949238378,1.1773888949238378
2KCF.pdb,Q30I,29,1.5359940634396338,0.0679245,-1.468069563927915,1.468069563927915
2KCF.pdb,Q30W,29,1.3624875054552934,0.84387577,-0.5186117396548173,0.5186117396548173
2KCF.pdb,Q30Y,29,1.2186171031365454,0.7737693,-0.44484778407908077,0.44484778407908077
2KCF.pdb,Q30F,29,1.3628650973028158,0.58355486,-0.7793102333730673,0.7793102333730673
2KCF.pdb,Q30P,29,3.0072075178059605,2.3128343,-0.6943732549580601,0.6943732549580601
2KCF.pdb,W31Q,30,1.4140388282412977,1.1607764,-0.2532624515170545,0.2532624515170545
2KCF.pdb,W31E,30,1.2967345705319668,1.0067499,-0.2899847021390225,0.2899847021390225
2KCF.pdb,W31N,30,1.2713855424953044,1.0231508,-0.24823474083667407,0.24823474083667407
2KCF.pdb,W31H,30,1.3465037960610982,0.9008432,-0.4456605929933186,0.4456605929933186
2KCF.pdb,W31D,30,1.151008316671564,1.094348,-0.05666036287517717,0.05666036287517717
2KCF.pdb,W31R,30,0.8936095310049672,1.2472847,0.3536751197976451,0.3536751197976451
2KCF.pdb,W31K,30,1.1075701081918563,1.1795094,0.07193929312955483,0.07193929312955483
2KCF.pdb,W31T,30,1.0618688392183278,0.91378856,-0.14808028216571545,0.14808028216571545
2KCF.pdb,W31S,30,1.1206969066316566,1.0284258,-0.09227109391040411,0.09227109391040411
2KCF.pdb,W31A,30,1.250563941663093,0.98927736,-0.2612865788396066,0.2612865788396066
2KCF.pdb,W31G,30,1.6266465709635858,1.3051656,-0.3214809225031976,0.3214809225031976
2KCF.pdb,W31M,30,1.121547627617028,1.0185579,-0.1029897214662101,0.1029897214662101
2KCF.pdb,W31L,30,0.8009641403322789,0.9169259,0.11596176680273085,0.11596176680273085
2KCF.pdb,W31V,30,1.0259787424931102,0.9645147,-0.061464069736915095,0.061464069736915095
2KCF.pdb,W31I,30,0.9249706815840932,1.0412778,0.11630708464362893,0.11630708464362893
2KCF.pdb,W31Y,30,0.4715926446036109,0.54206866,0.07047601565563594,0.07047601565563594
2KCF.pdb,W31F,30,0.5002276445564386,0.42038614,-0.07984150897828313,0.07984150897828313
2KCF.pdb,W31P,30,1.56584829316962,0.9766101,-0.5892381690584445,0.5892381690584445
2KCF.pdb,E32Q,31,0.308518109258832,0.13130459,-0.17721351736468222,0.17721351736468222
2KCF.pdb,E32N,31,0.7715405730868128,0.31936243,-0.4521781413222101,0.4521781413222101
2KCF.pdb,E32H,31,0.2969974471454417,0.2804228,-0.016574640405634555,0.016574640405634555
2KCF.pdb,E32D,31,0.464710680482832,0.3375415,-0.12716918968960383,0.12716918968960383
2KCF.pdb,E32R,31,0.828586491591407,0.31618828,-0.5123982157773506,0.5123982157773506
2KCF.pdb,E32K,31,0.7798120514041726,0.25784484,-0.521967215884382,0.521967215884382
2KCF.pdb,E32T,31,0.5594123340710677,0.24331844,-0.31609389554109946,0.31609389554109946
2KCF.pdb,E32S,31,0.4759129151574108,0.19111687,-0.2847960457077953,0.2847960457077953
2KCF.pdb,E32A,31,0.5897954041157161,0.1589092,-0.4308862024937068,0.4308862024937068
2KCF.pdb,E32G,31,0.7241411947587064,0.41025248,-0.31388871305971655,0.31388871305971655
2KCF.pdb,E32M,31,0.72135038510011,0.25539103,-0.4659593535964326,0.4659593535964326
2KCF.pdb,E32L,31,0.8026470446124634,0.32837263,-0.47427441711574403,0.47427441711574403
2KCF.pdb,E32V,31,0.8753030788512806,0.29592973,-0.5793733489127735,0.5793733489127735
2KCF.pdb,E32I,31,0.90187719485988,0.356894,-0.5449832083963333,0.5449832083963333
2KCF.pdb,E32W,31,0.3577056585437455,0.46226475,0.10455908788379054,0.10455908788379054
2KCF.pdb,E32Y,31,0.655863266778187,0.4211067,-0.23475657064934174,0.23475657064934174
2KCF.pdb,E32F,31,0.801056180655455,0.48409176,-0.3169644219274277,0.3169644219274277
2KCF.pdb,E32P,31,0.8516802775742849,1.4265182,0.574837924253718,0.574837924253718
2KCF.pdb,R33Q,32,0.7628849793607548,0.5651417,-0.19774330150430952,0.19774330150430952
2KCF.pdb,R33E,32,0.46625176950848,1.0484362,0.582184395347477,0.582184395347477
2KCF.pdb,R33N,32,0.6479483692120516,1.7308698,1.0829214008379973,1.0829214008379973
2KCF.pdb,R33H,32,0.1998751259166371,1.4233099,1.2234347963016856,1.2234347963016856
2KCF.pdb,R33D,32,0.5750669330566041,2.4226766,1.8476096302063354,1.8476096302063354
2KCF.pdb,R33K,32,0.4630579750053549,0.19441825,-0.2686397234909201,0.2686397234909201
2KCF.pdb,R33T,32,0.5347017076471154,1.1862228,0.6515210840246375,0.6515210840246375
2KCF.pdb,R33S,32,0.9556122890590832,1.1279762,0.17236389006384156,0.17236389006384156
2KCF.pdb,R33A,32,0.4353991146784204,0.86024255,0.4248434309262854,0.4248434309262854
2KCF.pdb,R33G,32,1.694077430494055,1.796322,0.10224455761171902,0.10224455761171902
2KCF.pdb,R33M,32,0.3832275129161275,0.7850642,0.4018367075123393,0.4018367075123393
2KCF.pdb,R33L,32,0.32682404572726,1.1044954,0.7776713604235579,0.7776713604235579
2KCF.pdb,R33V,32,0.2662030951618623,0.8003055,0.5341023905635405,0.5341023905635405
2KCF.pdb,R33I,32,0.3249778735919824,0.9524913,0.6275134098247657,0.6275134098247657
2KCF.pdb,R33W,32,0.2358601624598875,1.2226149,0.9867547219166384,0.9867547219166384
2KCF.pdb,R33Y,32,0.106318573324327,1.0838461,0.9775275188997941,0.9775275188997941
2KCF.pdb,R33F,32,-0.0366523423217919,1.191985,1.228637353422561,1.228637353422561
2KCF.pdb,R33P,32,0.2726851840301343,1.7794964,1.5068112473205737,1.5068112473205737
2KCF.pdb,R33C,32,0.7722772142784398,1.0277112,0.25543393875195575,0.25543393875195575
2KCF.pdb,P34Q,33,2.1990527547664023,2.2089195,0.009866770380082102,0.009866770380082102
2KCF.pdb,P34E,33,1.9566203131021025,2.358516,0.4018956647573946,0.4018956647573946
2KCF.pdb,P34N,33,2.2342594649935297,2.1554875,-0.07877192760949647,0.07877192760949647
2KCF.pdb,P34H,33,2.5151950554044267,2.3214793,-0.19371573487830362,0.19371573487830362
2KCF.pdb,P34D,33,2.31178054122587,2.5637128,0.2519322940860196,0.2519322940860196
2KCF.pdb,P34R,33,2.841359580624419,2.218035,-0.6233245979431445,0.6233245979431445
2KCF.pdb,P34K,33,2.2186604092237845,2.1645184,-0.0541420529005423,0.0541420529005423
2KCF.pdb,P34T,33,2.307573296749084,2.566902,0.2593286254768681,0.2593286254768681
2KCF.pdb,P34S,33,2.038929354957154,2.0966623,0.0577329279865717,0.0577329279865717
2KCF.pdb,P34A,33,1.802792446871448,1.7432451,-0.059547322054553486,0.059547322054553486
2KCF.pdb,P34G,33,2.116041557776952,2.0838063,-0.032235281455540665,0.032235281455540665
2KCF.pdb,P34M,33,1.897501957857911,1.9258783,0.028376328503783244,0.028376328503783244
2KCF.pdb,P34L,33,2.172525495233233,1.5760583,-0.5964672266861748,0.5964672266861748
2KCF.pdb,P34V,33,2.135060337288954,1.9108894,-0.22417095015821653,0.22417095015821653
2KCF.pdb,P34I,33,2.3139000889070345,2.036028,-0.27787218058183916,0.27787218058183916
2KCF.pdb,P34W,33,1.4908286650838396,2.2540905,0.7632618824778059,0.7632618824778059
2KCF.pdb,P34Y,33,2.1762772043203857,2.1469455,-0.029331727788403317,0.029331727788403317
2KCF.pdb,P34F,33,2.09470073439363,2.0572224,-0.0374783680606221,0.0374783680606221
2KCF.pdb,S35Q,34,0.2789363323076932,-0.10312298,-0.3820593117102353,0.3820593117102353
2KCF.pdb,S35E,34,0.1902315067059694,0.061329648,-0.12890185880729538,0.12890185880729538
2KCF.pdb,S35N,34,0.3019531142216634,0.19060859,-0.11134452338037004,0.11134452338037004
2KCF.pdb,S35H,34,0.4654516602048479,0.13260637,-0.3328452879676424,0.3328452879676424
2KCF.pdb,S35D,34,0.089197439688875,0.41536593,0.32616849468307324,0.32616849468307324
2KCF.pdb,S35R,34,0.5474138406233706,0.011311695,-0.536102145643703,0.536102145643703
2KCF.pdb,S35K,34,0.4297459283583464,-0.06527968,-0.49502560586860794,0.49502560586860794
2KCF.pdb,S35T,34,0.0854433889131547,0.05152554,-0.0339178482632638,0.0339178482632638
2KCF.pdb,S35A,34,0.3143517428520201,-0.0070447326,-0.3213964754226683,0.3213964754226683
2KCF.pdb,S35G,34,0.0871018075122944,0.37095886,0.2838570571765789,0.2838570571765789
2KCF.pdb,S35M,34,0.209655433769424,0.08828224,-0.12137319135208849,0.12137319135208849
2KCF.pdb,S35L,34,0.2258164549439567,0.061761655,-0.16405480003053124,0.16405480003053124
2KCF.pdb,S35V,34,0.1321715776061789,-0.039963096,-0.17213467398641266,0.17213467398641266
2KCF.pdb,S35I,34,0.2162128983806264,-0.012861967,-0.2290748654674184,0.2290748654674184
2KCF.pdb,S35W,34,0.4042972810645824,0.31509292,-0.08920435980756336,0.08920435980756336
2KCF.pdb,S35Y,34,0.3378203826432668,0.31900966,-0.01881072096876729,0.01881072096876729
2KCF.pdb,S35F,34,0.2840613663516775,0.39979467,0.11573330160753575,0.11573330160753575
2KCF.pdb,S35P,34,0.3415487833430648,0.32664266,-0.014906121056306398,0.014906121056306398
2KCF.pdb,G36Q,35,0.3006318066659885,0.34269688,0.04206506866779752,0.04206506866779752
2KCF.pdb,G36E,35,0.1108800529225972,0.25445935,0.14357929837859604,0.14357929837859604
2KCF.pdb,G36N,35,0.2276831757990747,0.1996263,-0.028056879040422977,0.028056879040422977
2KCF.pdb,G36H,35,0.2752006428033176,0.32980004,0.05459939672648284,0.05459939672648284
2KCF.pdb,G36D,35,0.0388562469586735,0.19837403,0.15951778601556965,0.15951778601556965
2KCF.pdb,G36R,35,0.4243858840030665,0.346981,-0.07740489502372688,0.07740489502372688
2KCF.pdb,G36K,35,0.5292854755353713,0.27395254,-0.25533293179986716,0.25533293179986716
2KCF.pdb,G36T,35,0.2590409965952784,0.31563336,0.056592359975919104,0.056592359975919104
2KCF.pdb,G36S,35,0.1973383466388263,-0.0005518496,-0.19789019624247925,0.19789019624247925
2KCF.pdb,G36A,35,0.1099497516431786,-0.012305468,-0.12225521996402516,0.12225521996402516
2KCF.pdb,G36M,35,0.150591100273107,0.43908006,0.28848895925524387,0.28848895925524387
2KCF.pdb,G36L,35,0.1494303057858395,0.3639843,0.21455398099928624,0.21455398099928624
2KCF.pdb,G36V,35,0.1450286234592912,0.37243342,0.22740480053668047,0.22740480053668047
2KCF.pdb,G36I,35,0.1194213306374458,0.48062015,0.3611988151602837,0.3611988151602837
2KCF.pdb,G36W,35,-0.1248273644154922,0.42278844,0.5476158055966751,0.5476158055966751
2KCF.pdb,G36Y,35,0.117261896826434,0.4345445,0.31728260686237825,0.31728260686237825
2KCF.pdb,G36F,35,0.0202092490401786,0.5327439,0.512534622171827,0.512534622171827
2KCF.pdb,G36P,35,0.3266673485322184,-0.2250587,-0.5517260531468577,0.5517260531468577
2KCF.pdb,G36C,35,0.0490309520874632,0.100656286,0.051625333794532956,0.051625333794532956
2LC2.pdb,R1Q,0,-0.2344112877990865,0.09771526,0.3321265463974141,0.3321265463974141
2LC2.pdb,R1E,0,-0.1758127711571502,0.14402917,0.3198419414318847,0.3198419414318847
2LC2.pdb,R1N,0,-0.1767230892858338,0.024568968,0.20129205680702444,0.20129205680702444
2LC2.pdb,R1H,0,-0.1956233414633517,0.019498408,0.21512174930408046,0.21512174930408046
2LC2.pdb,R1D,0,-0.0689262319066599,0.1901399,0.25906613652492316,0.25906613652492316
2LC2.pdb,R1K,0,-0.2600262763970811,-0.073685214,0.1863410624736268,0.1863410624736268
2LC2.pdb,R1T,0,-0.2778987438777518,0.08897752,0.36687626702581166,0.36687626702581166
2LC2.pdb,R1S,0,-0.2828312067304637,0.023405567,0.3062367735420253,0.3062367735420253
2LC2.pdb,R1A,0,-0.2565470320599408,-0.11984143,0.13670560544899413,0.13670560544899413
2LC2.pdb,R1G,0,-0.3249826145739263,0.022213113,0.3471957271368211,0.3471957271368211
2LC2.pdb,R1M,0,-0.0724510245368978,-0.062375538,0.01007548648576942,0.01007548648576942
2LC2.pdb,R1L,0,-0.2208177447259522,-0.06472628,0.15609146654010778,0.15609146654010778
2LC2.pdb,R1V,0,-0.3492458541056793,0.030115813,0.3793616671225708,0.3793616671225708
2LC2.pdb,R1I,0,-0.2517014210106243,0.007482485,0.25918390592498675,0.25918390592498675
2LC2.pdb,R1W,0,0.905660603421328,-0.13907138,-1.0447319785529352,1.0447319785529352
2LC2.pdb,R1Y,0,0.5129686704887915,-0.029409856,-0.5423785260929632,0.5423785260929632
2LC2.pdb,R1F,0,-0.0010474440026246,-0.016678587,-0.0156311425995864,0.0156311425995864
2LC2.pdb,R1P,0,-0.3511743013217456,0.15262647,0.5038007710530765,0.5038007710530765
2LC2.pdb,G2Q,1,-0.1493157917526888,0.048663028,0.19797881933724157,0.19797881933724157
2LC2.pdb,G2E,1,-0.2134749220141816,0.040492415,0.25396733744234323,0.25396733744234323
2LC2.pdb,G2N,1,-0.1053294620079308,-0.03316194,0.07216752381747059,0.07216752381747059
2LC2.pdb,G2H,1,-0.4346471286053068,0.0046037864,0.43925091499930685,0.43925091499930685
2LC2.pdb,G2D,1,-0.3044927394354593,0.056896985,0.36138972401263825,0.36138972401263825
2LC2.pdb,G2R,1,-0.1500014111991507,0.029136,0.17913741140025677,0.17913741140025677
2LC2.pdb,G2K,1,-0.17018047184124,-0.059908316,0.11027215630187995,0.11027215630187995
2LC2.pdb,G2T,1,0.0226292290373502,0.075591,0.05296176889699123,0.05296176889699123
2LC2.pdb,G2S,1,0.0964596923017677,-0.039538033,-0.13599772560836637,0.13599772560836637
2LC2.pdb,G2A,1,-0.1689915116715616,-0.09657151,0.07241999915124833,0.07241999915124833
2LC2.pdb,G2M,1,0.0011293712163622,-0.0070354138,-0.00816478497332879,0.00816478497332879
2LC2.pdb,G2L,1,-0.1748505066369401,0.00920639,0.18405689664527045,0.18405689664527045
2LC2.pdb,G2V,1,-0.1385992246927037,0.07167006,0.2102692875326886,0.2102692875326886
2LC2.pdb,G2I,1,0.0339872144885813,0.08529467,0.05130745686809671,0.05130745686809671
2LC2.pdb,G2W,1,-0.4294745652692162,-0.10669724,0.3227773262874924,0.3227773262874924
2LC2.pdb,G2Y,1,-0.4147277126971058,0.0060034376,0.42073115026088276,0.42073115026088276
2LC2.pdb,G2F,1,-0.383945316996221,0.032910973,0.4168562898298544,0.4168562898298544
2LC2.pdb,G2P,1,0.0678475931390494,0.015868144,-0.05197944902920423,0.05197944902920423
2LC2.pdb,G2C,1,-0.8056559239964294,-0.223247,0.5824089174608993,0.5824089174608993
2LC2.pdb,F3Q,2,-0.0239916820618999,0.19868794,0.22267962289785265,0.22267962289785265
2LC2.pdb,F3E,2,0.0336364913167983,0.20318796,0.1695514660892457,0.1695514660892457
2LC2.pdb,F3N,2,-0.1244534288496637,0.19684927,0.3213027005047464,0.3213027005047464
2LC2.pdb,F3H,2,-0.0663697599636656,0.15584469,0.22221444837919296,0.22221444837919296
2LC2.pdb,F3D,2,-0.178858035618052,0.27692622,0.4557842550814004,0.4557842550814004
2LC2.pdb,F3R,2,-0.2587599339624202,0.10107028,0.3598302113552844,0.3598302113552844
2LC2.pdb,F3K,2,-0.2209762991327957,0.036860317,0.25783661612460174,0.25783661612460174
2LC2.pdb,F3T,2,0.0819421993081981,0.16465674,0.08271454409905135,0.08271454409905135
2LC2.pdb,F3S,2,-0.1216319112401369,0.08856842,0.21020033045820025,0.21020033045820025
2LC2.pdb,F3A,2,-0.201689435300004,-0.08803499,0.113654447850358,0.113654447850358
2LC2.pdb,F3G,2,-0.0709308032091833,0.1621929,0.2331236992176748,0.2331236992176748
2LC2.pdb,F3M,2,0.1599828023825367,0.016212828,-0.1437699739251812,0.1437699739251812
2LC2.pdb,F3L,2,0.1385856799426257,-0.008553892,-0.14713957231666439,0.14713957231666439
2LC2.pdb,F3V,2,0.198167916907626,0.08372136,-0.11444655485327801,0.11444655485327801
2LC2.pdb,F3I,2,0.1744812016717651,0.034096308,-0.14038489361922526,0.14038489361922526
2LC2.pdb,F3W,2,-0.412124894063524,-0.11660148,0.29552341202979443,0.29552341202979443
2LC2.pdb,F3Y,2,-0.1885526407872637,0.019553244,0.2081058849011858,0.2081058849011858
2LC2.pdb,F3P,2,0.2044213226168256,0.033381075,-0.17104024794984868,0.17104024794984868
2LC2.pdb,F3C,2,-0.6727443991601949,-0.11722031,0.555524086803246,0.555524086803246
2LC2.pdb,L4Q,3,-0.1666804935812775,0.20681651,0.373497002947313,0.373497002947313
2LC2.pdb,L4E,3,0.0712930590691209,0.22490308,0.15361001781800984,0.15361001781800984
2LC2.pdb,L4N,3,0.0100143894572184,0.26116782,0.2511534348111227,0.2511534348111227
2LC2.pdb,L4H,3,0.0100552580262736,0.16944274,0.15938748503669942,0.15938748503669942
2LC2.pdb,L4D,3,0.0519861062590902,0.34249514,0.29050903715445353,0.29050903715445353
2LC2.pdb,L4R,3,-0.4281258589585266,0.20805596,0.6361818171103439,0.6361818171103439
2LC2.pdb,L4K,3,-0.3026211150021862,0.15375195,0.4563730694384884,0.4563730694384884
2LC2.pdb,L4T,3,-0.0302256276097359,0.27037102,0.3005966474499764,0.3005966474499764
2LC2.pdb,L4S,3,-0.2846839540512098,0.22514042,0.5098243766338362,0.5098243766338362
2LC2.pdb,L4A,3,-0.0160661255036593,0.020895213,0.03696133839237695,0.03696133839237695
2LC2.pdb,L4G,3,-0.0512399991564529,0.2728073,0.3240472992472427,0.3240472992472427
2LC2.pdb,L4M,3,0.1646917024517518,0.05689363,-0.10779807063584146,0.10779807063584146
2LC2.pdb,L4V,3,0.0687571739159267,0.12130268,0.05254550526517224,0.05254550526517224
2LC2.pdb,L4I,3,0.1368742217898018,0.06549006,-0.07138416223522492,0.07138416223522492
2LC2.pdb,L4W,3,-0.3052099363923588,-0.007339567,0.29787036944632916,0.29787036944632916
2LC2.pdb,L4Y,3,-0.159832019870092,0.06776896,0.22760098106126936,0.22760098106126936
2LC2.pdb,L4F,3,-0.2084343744514258,0.112690225,0.3211245996949942,0.3211245996949942
2LC2.pdb,L4P,3,0.4266920078210949,0.39753276,-0.029159246724140553,0.029159246724140553
2LC2.pdb,L4C,3,-0.5920850352706379,-0.07323593,0.5188491062583394,0.5188491062583394
2LC2.pdb,E5Q,4,0.3552471476144578,0.10846084,-0.24678630405137797,0.24678630405137797
2LC2.pdb,E5N,4,0.4587541507360662,0.28242162,-0.1763325320360387,0.1763325320360387
2LC2.pdb,E5H,4,0.5509713191959951,0.17627436,-0.37469695996976826,0.37469695996976826
2LC2.pdb,E5D,4,0.2698573482498747,0.15448295,-0.1153744024500471,0.1153744024500471
2LC2.pdb,E5R,4,0.4450538869026443,0.2566902,-0.18836368275912013,0.18836368275912013
2LC2.pdb,E5K,4,0.6811430563872527,0.21294653,-0.4681965222304534,0.4681965222304534
2LC2.pdb,E5T,4,0.3630785197837203,0.23502323,-0.12805528946946554,0.12805528946946554
2LC2.pdb,E5S,4,0.6953810967233025,0.180695,-0.5146860994126641,0.5146860994126641
2LC2.pdb,E5A,4,0.3160802318651439,-0.06595762,-0.3820378526050807,0.3820378526050807
2LC2.pdb,E5G,4,0.3593090182654199,0.5296886,0.17037957846004398,0.17037957846004398
2LC2.pdb,E5M,4,0.5297707348043179,0.02931586,-0.500454875724957,0.500454875724957
2LC2.pdb,E5L,4,0.3323731548725552,-0.037160262,-0.3695334173380322,0.3695334173380322
2LC2.pdb,E5V,4,0.159267652164496,0.09341959,-0.06584806306222779,0.06584806306222779
2LC2.pdb,E5I,4,0.0338123375642558,-0.0013042241,-0.035116561697747316,0.035116561697747316
2LC2.pdb,E5W,4,0.8196146410499603,-0.05054471,-0.8701593500171692,0.8701593500171692
2LC2.pdb,E5Y,4,0.8089421175406697,0.05417624,-0.7547658763812306,0.7547658763812306
2LC2.pdb,E5F,4,0.782973833487763,0.13448924,-0.6484845952255864,0.6484845952255864
2LC2.pdb,E5P,4,0.84959257104232,0.8993127,0.04972010395691706,0.04972010395691706
2LC2.pdb,E5C,4,-0.1370672696513208,-0.08201437,0.055052902666953424,0.055052902666953424
2LC2.pdb,K6Q,5,0.0393630899358852,0.33709538,0.2977322898935215,0.2977322898935215
2LC2.pdb,K6E,5,0.3529797240981773,0.78969705,0.4367173269501015,0.4367173269501015
2LC2.pdb,K6N,5,0.5908088700372689,1.080644,0.48983514146022866,0.48983514146022866
2LC2.pdb,K6H,5,0.1230810762330016,0.94792354,0.8248424648360292,0.8248424648360292
2LC2.pdb,K6D,5,0.7009070816152017,1.366195,0.6652878818399985,0.6652878818399985
2LC2.pdb,K6R,5,-0.3096806461054919,-0.03557527,0.2741053754527209,0.2741053754527209
2LC2.pdb,K6T,5,0.1332754499909079,0.64992434,0.5166488878730142,0.5166488878730142
2LC2.pdb,K6S,5,0.0643221375663549,0.52358687,0.4592647316734522,0.4592647316734522
2LC2.pdb,K6A,5,-0.3720653085270999,0.20557365,0.5776389567414402,0.5776389567414402
2LC2.pdb,K6G,5,0.0963616062481387,1.0399406,0.9435789893786923,0.9435789893786923
2LC2.pdb,K6M,5,-0.131209307448568,0.44605646,0.5772657628223321,0.5772657628223321
2LC2.pdb,K6L,5,0.3700785412424459,0.6757905,0.3057119474774943,0.3057119474774943
2LC2.pdb,K6V,5,0.052218919799551,0.6548772,0.6026582660219822,0.6026582660219822
2LC2.pdb,K6I,5,-0.0812732184778788,0.48652938,0.5678025985609629,0.5678025985609629
2LC2.pdb,K6W,5,0.1601869158800459,0.90931165,0.7491247363034867,0.7491247363034867
2LC2.pdb,K6Y,5,0.0163990913557663,0.79820746,0.7818083704781875,0.7818083704781875
2LC2.pdb,K6F,5,0.32517674598482,0.84158635,0.5164096054098333,0.5164096054098333
2LC2.pdb,K6P,5,0.834135922701928,1.9673941,1.1332581908387214,1.1332581908387214
2LC2.pdb,K6C,5,-0.2509895185170245,0.59722644,0.8482159594235492,0.8482159594235492
2LC2.pdb,A7Q,6,-0.1484715685646063,0.11820769,0.2666792616645819,0.2666792616645819
2LC2.pdb,A7E,6,0.181934087564191,0.20611084,0.024176747511187424,0.024176747511187424
2LC2.pdb,A7N,6,0.1340373476758376,0.33166057,0.19762322103830424,0.19762322103830424
2LC2.pdb,A7H,6,-0.0369050830520514,0.23599772,0.27290280460490024,0.27290280460490024
2LC2.pdb,A7D,6,0.4018173442062713,0.45294595,0.05112860344082343,0.05112860344082343
2LC2.pdb,A7R,6,-0.3535443796997559,0.092688605,0.4462329848890793,0.4462329848890793
2LC2.pdb,A7K,6,-0.3920125265446961,0.08753438,0.4795469094840348,0.4795469094840348
2LC2.pdb,A7T,6,0.2414839499013599,0.2919564,0.05047244500945247,0.05047244500945247
2LC2.pdb,A7S,6,0.2039858433282066,0.300054,0.09606817040088886,0.09606817040088886
2LC2.pdb,A7G,6,0.6075477734804431,0.5774026,-0.030145181775120822,0.030145181775120822
2LC2.pdb,A7M,6,-0.2899447692926502,-0.0075246394,0.2824201299245929,0.2824201299245929
2LC2.pdb,A7L,6,-0.4455077153522779,-0.05360642,0.39190129459689155,0.39190129459689155
2LC2.pdb,A7V,6,-0.1259446708854299,0.14601351,0.27195818409286554,0.27195818409286554
2LC2.pdb,A7I,6,-0.1589136827085719,-0.02556312,0.13335056186659192,0.13335056186659192
2LC2.pdb,A7W,6,-0.3049310005746637,0.06725825,0.37218925426824434,0.37218925426824434
2LC2.pdb,A7Y,6,-0.1643650396260287,0.14341474,0.30777977542009605,0.30777977542009605
2LC2.pdb,A7F,6,0.0217674736301072,0.16484311,0.1430756386001937,0.1430756386001937
2LC2.pdb,A7P,6,1.3635636840043857,1.3973719,0.03380820415631991,0.03380820415631991
2LC2.pdb,A7C,6,-0.5625029403269171,-0.041396737,0.5211062032282232,0.5211062032282232
2LC2.pdb,A8Q,7,0.0340228610804707,0.07948071,0.04545784656494556,0.04545784656494556
2LC2.pdb,A8E,7,-0.2687437223641042,0.0616519,0.33039562277475637,0.33039562277475637
2LC2.pdb,A8N,7,0.1798131759059829,0.34880382,0.1689906423198777,0.1689906423198777
2LC2.pdb,A8H,7,0.0414801653257277,0.2535744,0.2120942358144853,0.2120942358144853
2LC2.pdb,A8D,7,0.3579896718974229,0.32478446,-0.03320521421385969,0.03320521421385969
2LC2.pdb,A8R,7,-0.214236651278163,0.088131815,0.3023684664732466,0.3023684664732466
2LC2.pdb,A8K,7,-0.2708339612740964,0.1499579,0.4207918565530271,0.4207918565530271
2LC2.pdb,A8T,7,-0.0156040416591523,0.31027567,0.3258797155254243,0.3258797155254243
2LC2.pdb,A8S,7,0.1632837476465471,0.32036453,0.15708078720834182,0.15708078720834182
2LC2.pdb,A8G,7,0.19912029824886,0.7761948,0.5770745126184496,0.5770745126184496
2LC2.pdb,A8M,7,-0.1730100751492207,-0.06618053,0.10682954793898511,0.10682954793898511
2LC2.pdb,A8L,7,-0.2166844068763769,-0.022234395,0.19445001173000698,0.19445001173000698
2LC2.pdb,A8V,7,0.116304527370465,0.19629186,0.07998733654783945,0.07998733654783945
2LC2.pdb,A8I,7,-0.0983505616431106,0.0014735162,0.09982407786892541,0.09982407786892541
2LC2.pdb,A8W,7,-0.2809241672045006,-0.03923759,0.24168657856047288,0.24168657856047288
2LC2.pdb,A8Y,7,0.0433478781608651,0.03879951,-0.004548368754775316,0.004548368754775316
2LC2.pdb,A8F,7,0.1947409298802442,0.08659043,-0.10815049824963277,0.10815049824963277
2LC2.pdb,A8P,7,1.7526899717140871,1.8615019,0.1088119604300779,0.1088119604300779
2LC2.pdb,V9Q,8,2.4973610600664617,2.2235749,-0.2737861832811834,0.2737861832811834
2LC2.pdb,V9E,8,2.694725616743821,2.5570662,-0.13765941458012465,0.13765941458012465
2LC2.pdb,V9N,8,1.996721971787504,2.4535933,0.4568712823018515,0.4568712823018515
2LC2.pdb,V9H,8,2.3549994287143154,2.064213,-0.2907863912234707,0.2907863912234707
2LC2.pdb,V9D,8,2.859337809954839,2.6824822,-0.1768555673706107,0.1768555673706107
2LC2.pdb,V9R,8,2.3685063418336982,2.2344363,-0.13407006825886914,0.13407006825886914
2LC2.pdb,V9K,8,2.695084274713728,2.432751,-0.2623333343908518,0.2623333343908518
2LC2.pdb,V9T,8,1.952508779420191,1.8062575,-0.14625129307680718,0.14625129307680718
2LC2.pdb,V9S,8,2.3650317442886504,1.9166096,-0.44842209939881883,0.44842209939881883
2LC2.pdb,V9A,8,1.1523324584540409,0.7324954,-0.41983703132238803,0.41983703132238803
2LC2.pdb,V9G,8,2.737903788970852,2.043688,-0.6942157301177025,0.6942157301177025
2LC2.pdb,V9M,8,1.559438958794238,0.6411056,-0.9183333665434141,0.9183333665434141
2LC2.pdb,V9L,8,1.323502546384223,0.40909946,-0.9144030867360906,0.9144030867360906
2LC2.pdb,V9I,8,0.1498212202541387,-0.21682322,-0.3666444405071294,0.3666444405071294
2LC2.pdb,V9W,8,2.1119297330214115,1.3708125,-0.7411171977354618,0.7411171977354618
2LC2.pdb,V9Y,8,2.039920252472596,1.1653543,-0.8745660006110239,0.8745660006110239
2LC2.pdb,V9F,8,1.4700304024528297,0.92260903,-0.5474213712524207,0.5474213712524207
2LC2.pdb,V9P,8,2.385411251587364,2.9128435,0.5274322142176899,0.5274322142176899
2LC2.pdb,V9C,8,0.8630643878059585,0.62065077,-0.2424136195259292,0.2424136195259292
2LC2.pdb,K10Q,9,-0.1020346929238265,0.17951202,0.28154671684960775,0.28154671684960775
2LC2.pdb,K10E,9,0.5693607707411239,1.0492132,0.4798524002641251,0.4798524002641251
2LC2.pdb,K10N,9,1.2691480673205555,1.612357,0.3432089530575573,0.3432089530575573
2LC2.pdb,K10H,9,0.746738401757364,1.1908982,0.4441597782505706,0.4441597782505706
2LC2.pdb,K10D,9,1.9762912168086455,2.0377376,0.061446391147287116,0.061446391147287116
2LC2.pdb,K10R,9,-0.2936149217137416,0.2119757,0.5055906154164393,0.5055906154164393
2LC2.pdb,K10T,9,0.3675891554970323,1.0549421,0.6873529755454482,0.6873529755454482
2LC2.pdb,K10S,9,1.2752457770382686,1.1954403,-0.07980548467987014,0.07980548467987014
2LC2.pdb,K10A,9,1.132518786444312,0.8394699,-0.2930488767763433,0.2930488767763433
2LC2.pdb,K10G,9,1.638611212962818,1.6837409,0.04512964130048758,0.04512964130048758
2LC2.pdb,K10M,9,0.0370431910303388,0.47040516,0.433361970350429,0.433361970350429
2LC2.pdb,K10L,9,-0.3105322111352269,0.2666638,0.5771960008843724,0.5771960008843724
2LC2.pdb,K10V,9,-0.2608303080421175,0.4280643,0.6888945947509493,0.6888945947509493
2LC2.pdb,K10I,9,-0.4776268886280244,0.27070498,0.7483318732929414,0.7483318732929414
2LC2.pdb,K10W,9,0.5208618236272358,1.3130934,0.792231600216148,0.792231600216148
2LC2.pdb,K10Y,9,0.8899869180811257,1.2080595,0.3180726312505393,0.3180726312505393
2LC2.pdb,K10F,9,0.5786840188294429,1.1996746,0.6209905874937993,0.6209905874937993
2LC2.pdb,K10P,9,2.2205771684602,2.3330874,0.11251027584521989,0.11251027584521989
2LC2.pdb,K10C,9,-0.0342354802071138,0.7145786,0.7488141087471528,0.7488141087471528
2LC2.pdb,K11Q,10,0.0695509539218575,0.15575519,0.08620423811953959,0.08620423811953959
2LC2.pdb,K11E,10,0.4109565184906576,0.27329573,-0.13766078813825589,0.13766078813825589
2LC2.pdb,K11N,10,0.2529925409064919,0.45548204,0.2024894949688285,0.2024894949688285
2LC2.pdb,K11H,10,0.41158066639936,0.30448297,-0.10709769973790673,0.10709769973790673
2LC2.pdb,K11D,10,0.639229432624024,0.5459856,-0.09324385313336236,0.09324385313336236
2LC2.pdb,K11R,10,-0.20033517220156,0.031033441,0.2313686136259298,0.2313686136259298
2LC2.pdb,K11T,10,0.4957374785692199,0.31476521,-0.18097226364917596,0.18097226364917596
2LC2.pdb,K11S,10,0.410403088254295,0.32386363,-0.08653946272786678,0.08653946272786678
2LC2.pdb,K11A,10,-0.021185517057217,-0.08828372,-0.0670982005750767,0.0670982005750767
2LC2.pdb,K11G,10,0.6799405043949536,0.54475474,-0.13518576081890377,0.13518576081890377
2LC2.pdb,K11M,10,0.10157021701374,0.018850625,-0.08271959245243019,0.08271959245243019
2LC2.pdb,K11L,10,0.015426929329211,0.07288724,0.05746031251115155,0.05746031251115155
2LC2.pdb,K11V,10,0.4784901992522323,0.26863486,-0.2098553435050094,0.2098553435050094
2LC2.pdb,K11I,10,0.2188407140581278,0.14619714,-0.07264357384130041,0.07264357384130041
2LC2.pdb,K11W,10,0.5886627252797818,0.06759888,-0.521063845942471,0.521063845942471
2LC2.pdb,K11Y,10,0.4575729357012723,0.13395967,-0.3236132698067639,0.3236132698067639
2LC2.pdb,K11F,10,0.4298324648016201,0.14386499,-0.2859674755209194,0.2859674755209194
2LC2.pdb,K11P,10,2.3581022602523154,1.6831697,-0.6749325376952475,0.6749325376952475
2LC2.pdb,K11C,10,-0.3928106542443133,-0.026655406,0.36615524848450187,0.36615524848450187
2LC2.pdb,M12Q,11,-0.6170814341419231,0.5624782,1.1795596188419353,1.1795596188419353
2LC2.pdb,M12E,11,-0.2311500058289413,0.253561,0.48471099592407985,0.48471099592407985
2LC2.pdb,M12N,11,0.8627278905049067,0.83454096,-0.028186927331994127,0.028186927331994127
2LC2.pdb,M12H,11,0.8576343598439999,0.9537312,0.09609681939336578,0.09609681939336578
2LC2.pdb,M12D,11,-0.5142930344971379,0.1070081,0.6213011340531072,0.6213011340531072
2LC2.pdb,M12R,11,1.3157744232696609,0.9965631,-0.31921134629669945,0.31921134629669945
2LC2.pdb,M12K,11,1.4402615657640845,0.9665325,-0.47372903736366334,0.47372903736366334
2LC2.pdb,M12T,11,1.3000341775489843,0.90514934,-0.3948848369194067,0.3948848369194067
2LC2.pdb,M12S,11,0.7797437245098542,0.5961131,-0.18363063876308905,0.18363063876308905
2LC2.pdb,M12A,11,0.1071998615349723,0.29968497,0.19248511003599633,0.19248511003599633
2LC2.pdb,M12G,11,0.4839605980062793,0.9296564,0.44569578836914797,0.44569578836914797
2LC2.pdb,M12L,11,0.2782467120553633,-0.014070928,-0.2923176401521345,0.2923176401521345
2LC2.pdb,M12V,11,1.455326505039415,1.0673687,-0.38795775923558207,0.38795775923558207
2LC2.pdb,M12I,11,1.0715535812331043,0.6425352,-0.42901837157734257,0.42901837157734257
2LC2.pdb,M12W,11,0.6372880319564853,0.41745806,-0.21982997455292086,0.21982997455292086
2LC2.pdb,M12Y,11,0.9637040213778664,0.539933,-0.4237709955409218,0.4237709955409218
2LC2.pdb,M12F,11,1.1378903315361282,0.5502999,-0.5875904486473342,0.5875904486473342
2LC2.pdb,M12P,11,3.007387365384946,1.9434509,-1.0639364376505709,1.0639364376505709
2LC2.pdb,M12C,11,-0.3147416580387223,0.36339062,0.6781322825618852,0.6781322825618852
2LC2.pdb,A13Q,12,2.582642911537596,2.0199528,-0.5626901374897444,0.5626901374897444
2LC2.pdb,A13E,12,2.9122700771841297,2.3170927,-0.5951774200948963,0.5951774200948963
2LC2.pdb,A13N,12,2.449887361739878,2.4840064,0.03411904313683101,0.03411904313683101
2LC2.pdb,A13H,12,2.5086697434955507,2.147822,-0.36084784026679095,0.36084784026679095
2LC2.pdb,A13D,12,2.765200471801464,2.7825918,0.017391347961719372,0.017391347961719372
2LC2.pdb,A13R,12,2.43151278952469,2.0186777,-0.4128350780378738,0.4128350780378738
2LC2.pdb,A13K,12,2.1254603374975893,2.118534,-0.006926249362823711,0.006926249362823711
2LC2.pdb,A13T,12,2.1585223659356743,1.768424,-0.3900983318170219,0.3900983318170219
2LC2.pdb,A13S,12,1.454613548842863,1.3456631,-0.10895047816415215,0.10895047816415215
2LC2.pdb,A13G,12,1.8947587275891684,1.5726705,-0.32208826784185396,0.32208826784185396
2LC2.pdb,A13M,12,1.832092662146204,1.2664257,-0.5656669333482913,0.5656669333482913
2LC2.pdb,A13L,12,1.4288474953496595,1.3033862,-0.12546128395439582,0.12546128395439582
2LC2.pdb,A13V,12,1.2646741577756615,1.3110352,0.0463609984743385,0.0463609984743385
2LC2.pdb,A13I,12,1.5876200579450028,1.3620528,-0.22556725967382363,0.22556725967382363
2LC2.pdb,A13W,12,1.8940023044871752,1.3925052,-0.5014971355723803,0.5014971355723803
2LC2.pdb,A13Y,12,1.982111386893836,1.4857659,-0.4963454529033575,0.4963454529033575
2LC2.pdb,A13F,12,1.7768124829879972,1.4916294,-0.28518312088167397,0.28518312088167397
2LC2.pdb,A13P,12,2.826382491603713,2.6809168,-0.14546570540986536,0.14546570540986536
2LC2.pdb,A13C,12,0.974959662139974,0.876313,-0.09864669102486168,0.09864669102486168
2LC2.pdb,K14Q,13,-0.0942220708032852,0.08062878,0.17485085331404265,0.17485085331404265
2LC2.pdb,K14E,13,-0.1208941957433991,0.1510452,0.27193939895232244,0.27193939895232244
2LC2.pdb,K14N,13,-0.0471359349100892,0.42856038,0.4756963110773866,0.4756963110773866
2LC2.pdb,K14H,13,0.2588572914216134,0.3963009,0.13744362048176795,0.13744362048176795
2LC2.pdb,K14D,13,-0.3284067923310489,0.30312812,0.6315349156144352,0.6315349156144352
2LC2.pdb,K14R,13,-0.3080676128942059,0.046513945,0.354581557758479,0.354581557758479
2LC2.pdb,K14T,13,0.5511802625270628,0.37108412,-0.18009613867719398,0.18009613867719398
2LC2.pdb,K14S,13,0.3087228921566209,0.22143328,-0.08728961025812237,0.08728961025812237
2LC2.pdb,K14A,13,-0.0168432431383824,-0.22963828,-0.21279503534596209,0.21279503534596209
2LC2.pdb,K14G,13,0.6595513171015961,0.530036,-0.12951534450638125,0.12951534450638125
2LC2.pdb,K14M,13,0.0605241474203737,0.031778514,-0.028745633035150313,0.028745633035150313
2LC2.pdb,K14L,13,0.0347617972623939,0.100393474,0.06563167683962637,0.06563167683962637
2LC2.pdb,K14V,13,0.6641204092580999,0.498182,-0.1659384105283941,0.1659384105283941
2LC2.pdb,K14I,13,0.361950281290984,0.32372144,-0.03822884264466747,0.03822884264466747
2LC2.pdb,K14W,13,0.346382241535319,0.22836323,-0.11801901071084847,0.11801901071084847
2LC2.pdb,K14Y,13,0.5994095608110985,0.30397278,-0.29543678010660024,0.29543678010660024
2LC2.pdb,K14F,13,0.8725513833338985,0.35690373,-0.515647651510931,0.515647651510931
2LC2.pdb,K14P,13,2.707841167757681,1.8198444,-0.8879968026377467,0.8879968026377467
2LC2.pdb,K14C,13,-0.0838040083120281,0.05177018,0.135574188775819,0.135574188775819
2LC2.pdb,A15Q,14,-0.0141689033666043,0.13312417,0.14729307605413483,0.14729307605413483
2LC2.pdb,A15E,14,-0.0224118107893467,0.14023611,0.16264792028450967,0.16264792028450967
2LC2.pdb,A15N,14,0.7780348176186722,0.69772875,-0.08030606452876743,0.08030606452876743
2LC2.pdb,A15H,14,0.6309903114541981,0.5568874,-0.07410292322482803,0.07410292322482803
2LC2.pdb,A15D,14,0.610683644923061,0.39928532,-0.21139832845577589,0.21139832845577589
2LC2.pdb,A15R,14,0.2298033530854351,0.46254984,0.2327464823580616,0.2327464823580616
2LC2.pdb,A15K,14,0.3914610961752203,0.33846134,-0.052999756701495926,0.052999756701495926
2LC2.pdb,A15T,14,0.2010212355435872,0.46641257,0.2653913385092235,0.2653913385092235
2LC2.pdb,A15S,14,0.1922807675825852,0.3566391,0.1643583196175796,0.1643583196175796
2LC2.pdb,A15G,14,0.8792589389224235,0.77102685,-0.10823208917571936,0.10823208917571936
2LC2.pdb,A15M,14,-0.0755531579881902,0.09889573,0.17444888657629445,0.17444888657629445
2LC2.pdb,A15L,14,-0.0927361308844916,0.17446649,0.26720262163003605,0.26720262163003605
2LC2.pdb,A15V,14,0.1102781848199985,0.5850384,0.4747602387182095,0.4747602387182095
2LC2.pdb,A15I,14,0.0158806763712382,0.3708767,0.3549960233148122,0.3549960233148122
2LC2.pdb,A15W,14,0.5493822535190453,0.34120452,-0.20817772947882318,0.20817772947882318
2LC2.pdb,A15Y,14,0.6255311040690787,0.44230753,-0.18322357223543007,0.18322357223543007
2LC2.pdb,A15F,14,0.7543499900467818,0.44884223,-0.30550776258782797,0.30550776258782797
2LC2.pdb,A15P,14,2.557564287260007,1.9439355,-0.6136287737636081,0.6136287737636081
2LC2.pdb,A15C,14,-0.0889681207277188,0.16226286,0.25123097768801544,0.25123097768801544
2LC2.pdb,I16Q,15,2.644886283406588,1.9907719,-0.6541143937200036,0.6541143937200036
2LC2.pdb,I16E,15,2.7269096114658047,2.0942874,-0.6326222159885098,0.6326222159885098
2LC2.pdb,I16N,15,2.5113942159510056,2.1948192,-0.3165750039911668,0.3165750039911668
2LC2.pdb,I16H,15,2.941822152467666,1.9235568,-1.0182653478106838,1.0182653478106838
2LC2.pdb,I16D,15,2.9920607616795185,2.3092148,-0.6828459312809589,0.6828459312809589
2LC2.pdb,I16R,15,2.934318501022408,2.2795544,-0.6547641339569785,0.6547641339569785
2LC2.pdb,I16K,15,2.7773602636760435,2.3984103,-0.3789499433940611,0.3789499433940611
2LC2.pdb,I16T,15,2.36594227440503,1.7451434,-0.6207988608613286,0.6207988608613286
2LC2.pdb,I16S,15,2.3153081236448565,2.0389256,-0.2763824759092608,0.2763824759092608
2LC2.pdb,I16A,15,0.7267820089414023,1.4818922,0.7551102191851236,0.7551102191851236
2LC2.pdb,I16G,15,2.558873147158543,2.2939548,-0.2649182979153788,0.2649182979153788
2LC2.pdb,I16M,15,0.8223310770488239,1.0337889,0.21145784240002863,0.21145784240002863
2LC2.pdb,I16L,15,0.6842941241587592,0.7663164,0.0820222897206353,0.0820222897206353
2LC2.pdb,I16V,15,0.007490451264847,0.33309746,0.3256070066208952,0.3256070066208952
2LC2.pdb,I16W,15,2.3088501510872352,1.3865415,-0.9223086653007972,0.9223086653007972
2LC2.pdb,I16Y,15,2.2708842849222486,1.349246,-0.9216382598367994,0.9216382598367994
2LC2.pdb,I16F,15,2.3360528793099764,1.1620893,-1.173963531470621,1.173963531470621
2LC2.pdb,I16P,15,3.248647865812459,2.5261006,-0.7225472302838947,0.7225472302838947
2LC2.pdb,I16C,15,0.9419200682476112,1.0166397,0.07471964122504504,0.07471964122504504
2LC2.pdb,M17Q,16,0.8520976757551955,0.44541806,-0.40667961592929824,0.40667961592929824
2LC2.pdb,M17E,16,1.359458408345365,0.6665589,-0.6928994870082372,0.6928994870082372
2LC2.pdb,M17N,16,1.0145484459936958,1.0974605,0.08291206235286186,0.08291206235286186
2LC2.pdb,M17H,16,1.390232848388141,0.78794146,-0.6022913925470765,0.6022913925470765
2LC2.pdb,M17D,16,1.7041913340583852,1.1284788,-0.5757125685707143,0.5757125685707143
2LC2.pdb,M17R,16,1.451875177724404,0.6056255,-0.8462496675086448,0.8462496675086448
2LC2.pdb,M17K,16,1.461468325246735,0.6047355,-0.856732831586762,0.856732831586762
2LC2.pdb,M17T,16,1.4601993730047431,0.6359892,-0.8242101838567939,0.8242101838567939
2LC2.pdb,M17S,16,1.3295203012512378,0.83341587,-0.49610443535310544,0.49610443535310544
2LC2.pdb,M17A,16,1.40608783404251,0.58733433,-0.8187534991921988,0.8187534991921988
2LC2.pdb,M17G,16,2.021370805913836,1.271729,-0.749641813451678,0.749641813451678
2LC2.pdb,M17L,16,-0.3451404790357761,-0.25397307,0.09116741222898289,0.09116741222898289
2LC2.pdb,M17V,16,0.7094262776203073,0.42772716,-0.2816991147823251,0.2816991147823251
2LC2.pdb,M17I,16,0.0009879890480304,0.02441293,0.023424940963718867,0.023424940963718867
2LC2.pdb,M17W,16,1.4705921784016065,0.4463098,-1.0242823734852247,1.0242823734852247
2LC2.pdb,M17Y,16,1.40927393302892,0.4878763,-0.9213976369855239,0.9213976369855239
2LC2.pdb,M17F,16,0.9845050468520552,0.49574375,-0.4887612953261763,0.4887612953261763
2LC2.pdb,M17P,16,2.8262020595416617,1.9976814,-0.8285206802234244,0.8285206802234244
2LC2.pdb,M17C,16,0.3016064165685339,0.22576243,-0.07584398971535394,0.07584398971535394
2LC2.pdb,A18Q,17,0.040019443758108,0.15007433,0.11005488919439138,0.11005488919439138
2LC2.pdb,A18E,17,-0.1715368628892895,0.26573366,0.437270522156715,0.437270522156715
2LC2.pdb,A18N,17,0.0927928581323236,0.34376526,0.25097240065673887,0.25097240065673887
2LC2.pdb,A18H,17,0.1171629380496943,0.35281694,0.23565400130424857,0.23565400130424857
2LC2.pdb,A18D,17,0.0305909513567983,0.35810304,0.3275120855236949,0.3275120855236949
2LC2.pdb,A18R,17,-0.0224286157260142,0.15904114,0.1814697522292338,0.1814697522292338
2LC2.pdb,A18K,17,-0.0399668931330889,0.09861593,0.13858282261745627,0.13858282261745627
2LC2.pdb,A18T,17,0.3195612307465953,0.43625402,0.11669279375901992,0.11669279375901992
2LC2.pdb,A18S,17,0.0401647110804441,0.32944268,0.28927796880160545,0.28927796880160545
2LC2.pdb,A18G,17,0.6160854400990079,0.5715261,-0.04455932992673617,0.04455932992673617
2LC2.pdb,A18M,17,0.0760927705698963,0.10367972,0.02758694601717035,0.02758694601717035
2LC2.pdb,A18L,17,0.0267018758539814,0.11934598,0.09264410204843102,0.09264410204843102
2LC2.pdb,A18V,17,0.2051212941596745,0.44151682,0.23639552245638384,0.23639552245638384
2LC2.pdb,A18I,17,0.2229613714741454,0.217807,-0.005154376559136864,0.005154376559136864
2LC2.pdb,A18W,17,0.8037921919442397,0.26473132,-0.5390608741856795,0.5390608741856795
2LC2.pdb,A18Y,17,0.355061102138845,0.33374098,-0.021320122705785316,0.021320122705785316
2LC2.pdb,A18F,17,0.3789122727788392,0.34820884,-0.030703428117126563,0.030703428117126563
2LC2.pdb,A18P,17,2.731976036053937,1.4406428,-1.2913332023442203,1.2913332023442203
2LC2.pdb,A18C,17,-0.3884816728625306,0.09920734,0.4876890145335206,0.4876890145335206
2LC2.pdb,D19Q,18,0.6015559990152974,1.0237731,0.422217075134788,0.422217075134788
2LC2.pdb,D19E,18,0.6696539321115305,0.7817806,0.11212666843626007,0.11212666843626007
2LC2.pdb,D19N,18,0.149989604265408,0.47052652,0.32053691217212255,0.32053691217212255
2LC2.pdb,D19H,18,0.6952740734849265,1.0524168,0.3571427279677102,0.3571427279677102
2LC2.pdb,D19R,18,1.1349533050242682,1.3053166,0.1703632623966913,0.1703632623966913
2LC2.pdb,D19K,18,1.1137299166198753,1.2603602,0.146630324316404,0.146630324316404
2LC2.pdb,D19T,18,1.2255892980345584,1.0429274,-0.18266191365803253,0.18266191365803253
2LC2.pdb,D19S,18,0.777673954355536,0.8796815,0.10200757325905752,0.10200757325905752
2LC2.pdb,D19A,18,0.8203938284344279,0.8491272,0.028733344989339216,0.028733344989339216
2LC2.pdb,D19G,18,1.6126058704044022,1.2219026,-0.3907032615329422,0.3907032615329422
2LC2.pdb,D19M,18,0.994903315031204,1.0448862,0.04998291639122032,0.04998291639122032
2LC2.pdb,D19L,18,1.35430429786227,1.099762,-0.2545423349716449,0.2545423349716449
2LC2.pdb,D19V,18,1.2136766268788752,1.3638194,0.150142733854157,0.150142733854157
2LC2.pdb,D19I,18,1.603379045201494,1.289649,-0.31373003549690415,0.31373003549690415
2LC2.pdb,D19W,18,0.6583978513974791,1.073391,0.4149931092958803,0.4149931092958803
2LC2.pdb,D19Y,18,0.621438412501333,1.1548209,0.5333825065355322,0.5333825065355322
2LC2.pdb,D19F,18,0.6750268338861791,1.0848085,0.40978163493248543,0.40978163493248543
2LC2.pdb,D19P,18,2.4401441361736635,2.1093342,-0.3308099057506899,0.3308099057506899
2LC2.pdb,D19C,18,-0.3159195330444113,0.6176253,0.9335448291602866,0.9335448291602866
2LC2.pdb,P20Q,19,0.4526672979226203,0.68459696,0.23192965785359432,0.23192965785359432
2LC2.pdb,P20E,19,0.6412158398925687,0.5797487,-0.06146714976424228,0.06146714976424228
2LC2.pdb,P20N,19,0.7295867233276905,0.6716993,-0.05788743782048833,0.05788743782048833
2LC2.pdb,P20H,19,0.3859238094935495,0.6234357,0.2375118666043204,0.2375118666043204
2LC2.pdb,P20D,19,1.1051956219952577,0.72774637,-0.37744925454072886,0.37744925454072886
2LC2.pdb,P20R,19,0.8752144935678947,0.7714138,-0.10380069046730878,0.10380069046730878
2LC2.pdb,P20K,19,0.9523068403104218,0.7083195,-0.24398735512289127,0.24398735512289127
2LC2.pdb,P20T,19,0.96013125083424,0.7563501,-0.2037811507938042,0.2037811507938042
2LC2.pdb,P20S,19,0.6461564930259107,0.5321008,-0.11405569632638679,0.11405569632638679
2LC2.pdb,P20A,19,0.469434545831934,0.58717066,0.11773611466382405,0.11773611466382405
2LC2.pdb,P20G,19,0.6320742046263961,0.6897749,0.057700666246101484,0.057700666246101484
2LC2.pdb,P20M,19,0.7686600215433268,0.70841193,-0.06024808955174965,0.06024808955174965
2LC2.pdb,P20L,19,0.754059202470069,0.7388209,-0.015238292016272581,0.015238292016272581
2LC2.pdb,P20V,19,0.6792795495636077,0.70070094,0.02142138913802194,0.02142138913802194
2LC2.pdb,P20I,19,0.4266985653422557,0.8484272,0.4217286111332692,0.4217286111332692
2LC2.pdb,P20W,19,-0.3877567964393118,0.55782515,0.9455819445449332,0.9455819445449332
2LC2.pdb,P20Y,19,0.447261365344207,0.66232455,0.21506318242343214,0.21506318242343214
2LC2.pdb,P20F,19,0.577388078674256,0.7041545,0.12676641275030454,0.12676641275030454
2LC2.pdb,P20C,19,0.1040948982639502,0.42643806,0.32234316511915223,0.32234316511915223
2LC2.pdb,N21Q,20,0.1770372721373609,0.10260123,-0.07443604199286016,0.07443604199286016
2LC2.pdb,N21E,20,0.158382444588284,0.17347871,0.015096263082881478,0.015096263082881478
2LC2.pdb,N21H,20,0.1008649511121118,0.19875202,0.0978870647169745,0.0978870647169745
2LC2.pdb,N21D,20,0.1008578231451462,0.047785282,-0.053072541010136434,0.053072541010136434
2LC2.pdb,N21R,20,-0.1151702756293513,0.14951698,0.2646872604497172,0.2646872604497172
2LC2.pdb,N21K,20,0.0074513968329612,0.014273271,0.006821874131661298,0.006821874131661298
2LC2.pdb,N21T,20,-0.2340413229546203,-0.1399172,0.09412412811132806,0.09412412811132806
2LC2.pdb,N21S,20,-0.465034347141521,-0.23161596,0.23341838654352903,0.23341838654352903
2LC2.pdb,N21A,20,-0.0755223842855099,-0.046553046,0.028969338774264178,0.028969338774264178
2LC2.pdb,N21G,20,0.0993277523298195,0.11351614,0.014188384674079124,0.014188384674079124
2LC2.pdb,N21M,20,-0.1317416995196461,0.178156,0.309897702875626,0.309897702875626
2LC2.pdb,N21L,20,0.0828707186045809,0.2019805,0.11910978280876444,0.11910978280876444
2LC2.pdb,N21V,20,0.4174395930855947,0.34545612,-0.07198346973354391,0.07198346973354391
2LC2.pdb,N21I,20,0.5581132505617483,0.3763755,-0.18173775417426663,0.18173775417426663
2LC2.pdb,N21W,20,0.1656203228173938,0.3468927,0.18127239168303344,0.18127239168303344
2LC2.pdb,N21Y,20,0.2080039336926349,0.3458566,0.13785267326766174,0.13785267326766174
2LC2.pdb,N21F,20,0.271686744503401,0.39695463,0.12526788134155442,0.12526788134155442
2LC2.pdb,N21P,20,0.9523374493725472,0.59241796,-0.3599194939739876,0.3599194939739876
2LC2.pdb,K22Q,21,0.2952842080976046,0.3296734,0.034389201364370514,0.034389201364370514
2LC2.pdb,K22E,21,0.6677162240172563,0.85538864,0.1876724173401656,0.1876724173401656
2LC2.pdb,K22N,21,0.6786544138436206,0.7892725,0.11061807331992313,0.11061807331992313
2LC2.pdb,K22H,21,0.7277569020764059,0.47582087,-0.25193603286902366,0.25193603286902366
2LC2.pdb,K22D,21,1.3017754104327377,1.3235341,0.021758720617372163,0.021758720617372163
2LC2.pdb,K22R,21,0.1819720972906902,0.19207433,0.010102231370274772,0.010102231370274772
2LC2.pdb,K22T,21,0.3568440927659138,0.49707484,0.14023074968708915,0.14023074968708915
2LC2.pdb,K22S,21,0.3834041471373544,0.7057749,0.32237075616006994,0.32237075616006994
2LC2.pdb,K22A,21,0.3954126332891468,0.3758024,-0.019610235561180467,0.019610235561180467
2LC2.pdb,K22G,21,0.7944270066105239,0.7873112,-0.007115810283314428,0.007115810283314428
2LC2.pdb,K22M,21,-0.1910475124837765,-0.17761594,0.013431571912945195,0.013431571912945195
2LC2.pdb,K22L,21,-0.1798110350296484,-0.3196962,-0.13988515294337406,0.13988515294337406
2LC2.pdb,K22V,21,-0.194514898030115,0.2858109,0.48032578584368313,0.48032578584368313
2LC2.pdb,K22I,21,-0.3497928217455119,0.21875806,0.5685508832737178,0.5685508832737178
2LC2.pdb,K22W,21,0.9859943957884632,0.30758816,-0.6784062357504688,0.6784062357504688
2LC2.pdb,K22Y,21,0.5503141462749852,0.32578182,-0.22453232407039536,0.22453232407039536
2LC2.pdb,K22F,21,0.512280712647311,0.25960004,-0.25268066935049704,0.25268066935049704
2LC2.pdb,K22P,21,2.600988345094633,1.5737371,-1.027251200624418,1.027251200624418
2LC2.pdb,K22C,21,-0.5303579654276209,-0.088347256,0.44201070924399666,0.44201070924399666
2LC2.pdb,A23Q,22,0.841533068221167,0.69258475,-0.148948315184668,0.148948315184668
2LC2.pdb,A23E,22,1.1517772234479078,0.61339325,-0.5383839763203748,0.5383839763203748
2LC2.pdb,A23N,22,2.136804628065221,1.2967829,-0.8400217768460436,0.8400217768460436
2LC2.pdb,A23H,22,1.020229055770528,0.9445753,-0.07565374601711006,0.07565374601711006
2LC2.pdb,A23D,22,1.9887224471978484,1.3292632,-0.6594592369012175,0.6594592369012175
2LC2.pdb,A23R,22,0.8872509675688249,0.86305964,-0.024191327638099835,0.024191327638099835
2LC2.pdb,A23K,22,0.6828255068616227,0.82761097,0.14478546268183434,0.14478546268183434
2LC2.pdb,A23T,22,1.2273506665392993,0.9098432,-0.3175074601336596,0.3175074601336596
2LC2.pdb,A23S,22,0.447481657667351,0.66936195,0.221880291299629,0.221880291299629
2LC2.pdb,A23G,22,0.7390323366728495,1.1529758,0.41394346098034873,0.41394346098034873
2LC2.pdb,A23M,22,0.7609697676540979,0.24913594,-0.5118338263870843,0.5118338263870843
2LC2.pdb,A23L,22,1.6893219103292731,0.21568918,-1.473632728047779,1.473632728047779
2LC2.pdb,A23V,22,1.6476596279603626,0.7313762,-0.916283456848302,0.916283456848302
2LC2.pdb,A23I,22,1.4174996707987255,0.54479206,-0.8727076147150463,0.8727076147150463
2LC2.pdb,A23W,22,2.015059201879907,0.3458103,-1.6692489077286008,1.6692489077286008
2LC2.pdb,A23Y,22,1.9627124379808047,0.46612316,-1.496589274280701,1.496589274280701
2LC2.pdb,A23F,22,1.993578012933352,0.50467116,-1.4889068565269494,1.4889068565269494
2LC2.pdb,A23P,22,2.3681823512748443,2.0334086,-0.3347737094596588,0.3347737094596588
2LC2.pdb,A23C,22,0.3721097497525343,0.30742806,-0.06468168779040662,0.06468168779040662
2LC2.pdb,D24Q,23,-0.081115570552305,0.14765424,0.2287698059153116,0.2287698059153116
2LC2.pdb,D24E,23,0.0177287579656471,0.04402276,0.02629400331965792,0.02629400331965792
2LC2.pdb,D24N,23,0.039958270311343,0.18573269,0.14577442216874428,0.14577442216874428
2LC2.pdb,D24H,23,0.0675596057717768,0.20014259,0.13258298641991936,0.13258298641991936
2LC2.pdb,D24R,23,0.2458052560525954,0.24111505,-0.00469020752487781,0.00469020752487781
2LC2.pdb,D24K,23,-0.0053584522214236,0.10724019,0.11259864481356761,0.11259864481356761
2LC2.pdb,D24T,23,-0.0513050610270369,0.18205743,0.23336248640679003,0.23336248640679003
2LC2.pdb,D24S,23,0.1734372115760161,0.1325952,-0.040842015209705984,0.040842015209705984
2LC2.pdb,D24A,23,-0.0958605517918655,-0.059640393,0.03622015913077084,0.03622015913077084
2LC2.pdb,D24G,23,0.1068186430472311,0.19658242,0.08976377861319218,0.08976377861319218
2LC2.pdb,D24M,23,0.2009730111637631,0.16538368,-0.03558932950883298,0.03558932950883298
2LC2.pdb,D24L,23,-0.094835183546647,0.034120433,0.12895561657915966,0.12895561657915966
2LC2.pdb,D24V,23,0.2187847275917374,0.15136234,-0.0674223829691254,0.0674223829691254
2LC2.pdb,D24I,23,0.1329843914790265,0.1336827,0.0006983065323718229,0.0006983065323718229
2LC2.pdb,D24W,23,0.4086877932407322,0.01790002,-0.3907877733566227,0.3907877733566227
2LC2.pdb,D24Y,23,-0.044917279876758,0.16772065,0.21263792554288044,0.21263792554288044
2LC2.pdb,D24F,23,0.0039950001636954,0.1997333,0.19573830183348936,0.19573830183348936
2LC2.pdb,D24P,23,-0.1929864312473088,0.2273349,0.4203213329377919,0.4203213329377919
2LC2.pdb,E25Q,24,0.2217927700627791,0.1572982,-0.06449456277975907,0.06449456277975907
2LC2.pdb,E25N,24,0.5988141459233374,0.51878893,-0.08002521216937009,0.08002521216937009
2LC2.pdb,E25H,24,0.4746897791534481,0.30469972,-0.16999006020126917,0.16999006020126917
2LC2.pdb,E25D,24,0.2525887528601003,0.35958427,0.1069955190477061,0.1069955190477061
2LC2.pdb,E25R,24,0.4798146963279364,0.30998933,-0.1698253631751654,0.1698253631751654
2LC2.pdb,E25K,24,0.3612297303236147,0.2087591,-0.1524706310785433,0.1524706310785433
2LC2.pdb,E25T,24,0.418721867108728,0.22396477,-0.19475710144081265,0.19475710144081265
2LC2.pdb,E25S,24,0.3087291564749739,0.21930915,-0.08942000530233596,0.08942000530233596
2LC2.pdb,E25A,24,0.0830482760205737,-0.09854475,-0.18159302265791805,0.18159302265791805
2LC2.pdb,E25G,24,0.3965164658508433,0.3560194,-0.04049705834008588,0.04049705834008588
2LC2.pdb,E25M,24,0.0460501436002074,0.07056691,0.02451676392485516,0.02451676392485516
2LC2.pdb,E25L,24,0.4481599327586627,0.01875329,-0.4294066425822711,0.4294066425822711
2LC2.pdb,E25V,24,0.317399655244384,0.122835994,-0.19456366147759935,0.19456366147759935
2LC2.pdb,E25I,24,0.4732075183171726,0.071641274,-0.40156624452061424,0.40156624452061424
2LC2.pdb,E25W,24,0.1577847649468271,0.05166197,-0.10612279671562594,0.10612279671562594
2LC2.pdb,E25Y,24,0.2327041109871421,0.16068181,-0.0720222970318351,0.0720222970318351
2LC2.pdb,E25F,24,0.2766625327631891,0.14686638,-0.1297961515948236,0.1297961515948236
2LC2.pdb,E25P,24,1.3139691627084638,0.71932936,-0.594639805561247,0.594639805561247
2LC2.pdb,E25C,24,-0.5277195598708264,-0.019520432,0.5081991281138531,0.5081991281138531
2LC2.pdb,V26Q,25,1.175862903213917,1.0463855,-0.12947737655681246,0.12947737655681246
2LC2.pdb,V26E,25,1.9854425377740617,0.85145795,-1.1339845843209977,1.1339845843209977
2LC2.pdb,V26N,25,1.5179094808871656,1.2904272,-0.22748227294038825,0.22748227294038825
2LC2.pdb,V26H,25,1.7292086300923626,0.8209057,-0.9083029446675579,0.9083029446675579
2LC2.pdb,V26D,25,2.5369395807510173,1.4636283,-1.073311288667277,1.073311288667277
2LC2.pdb,V26R,25,2.323072581466421,1.1703064,-1.1527661372983302,1.1527661372983302
2LC2.pdb,V26K,25,2.2777374175575518,1.3913468,-0.8863906053093218,0.8863906053093218
2LC2.pdb,V26T,25,0.3662402560578073,0.9186784,0.5524381468428885,0.5524381468428885
2LC2.pdb,V26S,25,1.6149790973491442,1.1431445,-0.4718346090144885,0.4718346090144885
2LC2.pdb,V26A,25,0.7824869987767915,0.80001795,0.01753095414221484,0.01753095414221484
2LC2.pdb,V26G,25,1.7055660391361749,1.8029051,0.09733904356646184,0.09733904356646184
2LC2.pdb,V26M,25,0.4114883743053599,0.22396865,-0.18751971943437296,0.18751971943437296
2LC2.pdb,V26L,25,1.1295367587343916,0.17308107,-0.956455688549684,0.956455688549684
2LC2.pdb,V26I,25,-0.2285271038793799,-0.25453496,-0.02600785591371091,0.02600785591371091
2LC2.pdb,V26W,25,1.6477667036760444,0.02542901,-1.622337693284809,1.622337693284809
2LC2.pdb,V26Y,25,0.4585646150719542,0.05980456,-0.3987600563179869,0.3987600563179869
2LC2.pdb,V26F,25,0.8476311706355482,0.11617756,-0.7314536117366224,0.7314536117366224
2LC2.pdb,V26P,25,2.6202559635224927,2.5780096,-0.04224635811477784,0.04224635811477784
2LC2.pdb,V26C,25,0.5969754224359072,0.14795399,-0.44902143531432515,0.44902143531432515
2LC2.pdb,Y27Q,26,2.7524830451578857,1.7316226,-1.0208604684443237,1.0208604684443237
2LC2.pdb,Y27E,26,2.801073602985513,2.0333798,-0.7676938098183985,0.7676938098183985
2LC2.pdb,Y27N,26,2.550238379198753,1.7999345,-0.7503038727824323,0.7503038727824323
2LC2.pdb,Y27H,26,2.444543530367332,1.0761205,-1.3684230345711286,1.3684230345711286
2LC2.pdb,Y27R,26,2.769366585539625,1.5185342,-1.2508324020374277,1.2508324020374277
2LC2.pdb,Y27K,26,2.971677203676488,1.9997721,-0.9719051318381089,0.9719051318381089
2LC2.pdb,Y27T,26,2.976183353917948,1.9499872,-1.0261961808375037,1.0261961808375037
2LC2.pdb,Y27S,26,2.6689692778513163,1.6359084,-1.0330609126016825,1.0330609126016825
2LC2.pdb,Y27A,26,3.131237289928047,1.59071,-1.5405272460208814,1.5405272460208814
2LC2.pdb,Y27G,26,2.9457806516522904,2.0740142,-0.8717664647931596,0.8717664647931596
2LC2.pdb,Y27M,26,2.0069489179215187,0.96709156,-1.0398573575577492,1.0398573575577492
2LC2.pdb,Y27L,26,1.982490925965264,1.1823752,-0.8001157333230522,0.8001157333230522
2LC2.pdb,Y27V,26,2.544706501019651,1.6968977,-0.8478087558872045,0.8478087558872045
2LC2.pdb,Y27I,26,2.35322474719224,1.3497833,-1.0034414458387855,1.0034414458387855
2LC2.pdb,Y27W,26,2.0601996464569425,0.37922913,-1.6809705180961942,1.6809705180961942
2LC2.pdb,Y27F,26,0.4861554700267159,0.29602373,-0.19013174356339801,0.19013174356339801
2LC2.pdb,Y27P,26,2.952466086057003,3.231264,0.2787980283228797,0.2787980283228797
2LC2.pdb,Y27C,26,2.0455585652261785,0.7983515,-1.2472070389658025,1.2472070389658025
2LC2.pdb,K28Q,27,0.0073191206908349,0.3004006,0.29308149404762945,0.29308149404762945
2LC2.pdb,K28E,27,0.6032299545447555,0.7908325,0.18760256498649452,0.18760256498649452
2LC2.pdb,K28N,27,0.4845127375599185,0.90134597,0.41683323068654143,0.41683323068654143
2LC2.pdb,K28H,27,0.1991957322880919,0.77692026,0.5777245267107789,0.5777245267107789
2LC2.pdb,K28D,27,1.0498668061410896,1.1960806,0.14621375931148606,0.14621375931148606
2LC2.pdb,K28R,27,-0.1057453917398558,0.080586135,0.18633152712727646,0.18633152712727646
2LC2.pdb,K28T,27,0.2821857088163999,0.6657571,0.3835714108392092,0.3835714108392092
2LC2.pdb,K28S,27,0.2002728621100287,0.6734412,0.47316830953608946,0.47316830953608946
2LC2.pdb,K28A,27,0.2356380643998501,0.30637747,0.07073940609346654,0.07073940609346654
2LC2.pdb,K28G,27,0.5262231033217599,0.92541766,0.3991945583451102,0.3991945583451102
2LC2.pdb,K28M,27,0.4347982145479117,0.39994675,-0.03485146533755401,0.03485146533755401
2LC2.pdb,K28L,27,0.7949401473267628,0.5282326,-0.26670757286387214,0.26670757286387214
2LC2.pdb,K28V,27,0.7856320328176203,0.712001,-0.07363100714089299,0.07363100714089299
2LC2.pdb,K28I,27,0.6723720223783833,0.5412897,-0.1310823352217061,0.1310823352217061
2LC2.pdb,K28W,27,1.3702364677922998,0.84738594,-0.5228505248563562,0.5228505248563562
2LC2.pdb,K28Y,27,1.181322440461592,0.81067073,-0.3706517070097488,0.3706517070097488
2LC2.pdb,K28F,27,1.2098782969081006,0.7822567,-0.4276215744578442,0.4276215744578442
2LC2.pdb,K28P,27,1.6043982494012046,2.1101747,0.5057764065131021,0.5057764065131021
2LC2.pdb,K28C,27,0.3293077978406495,0.46997336,0.140665557691043,0.140665557691043
2LC2.pdb,K29Q,28,-0.1811964994171901,0.006149523,0.1873460223773761,0.1873460223773761
2LC2.pdb,K29E,28,-0.0825335961788251,0.10754253,0.1900761258810117,0.1900761258810117
2LC2.pdb,K29N,28,0.1680993892261257,0.47346961,0.3053702257564793,0.3053702257564793
2LC2.pdb,K29H,28,-0.2065179307125433,-0.016153708,0.19036422261222438,0.19036422261222438
2LC2.pdb,K29D,28,0.1130603898003861,0.589712,0.47665163393466026,0.47665163393466026
2LC2.pdb,K29R,28,-0.0179242020496701,-0.08524607,-0.06732186916977417,0.06732186916977417
2LC2.pdb,K29T,28,-0.1999919390495366,0.042573776,0.24256571514564218,0.24256571514564218
2LC2.pdb,K29S,28,-0.0986363274447801,0.15666923,0.25530555671380784,0.25530555671380784
2LC2.pdb,K29A,28,-0.2464866088145449,-0.18647249,0.060014118384666665,0.060014118384666665
2LC2.pdb,K29G,28,0.3836667068216357,0.62983584,0.24616913721828132,0.24616913721828132
2LC2.pdb,K29M,28,-0.3942437265251741,-0.38907868,0.005165049824582046,0.005165049824582046
2LC2.pdb,K29L,28,-0.2570354812797073,-0.3280467,-0.0710112280193802,0.0710112280193802
2LC2.pdb,K29V,28,-0.2639996458660949,-0.1329771,0.13102254763954768,0.13102254763954768
2LC2.pdb,K29I,28,-0.3065167735137923,-0.3635272,-0.05701043505287334,0.05701043505287334
2LC2.pdb,K29W,28,0.1834015222144582,-0.5513962,-0.734797713334606,0.734797713334606
2LC2.pdb,K29Y,28,-0.1037846307654888,-0.54202795,-0.4382433195213764,0.4382433195213764
2LC2.pdb,K29F,28,-0.1228371629496436,-0.45712107,-0.33428391125003293,0.33428391125003293
2LC2.pdb,K29P,28,2.9788646690707035,1.9546236,-1.0242410890917606,1.0242410890917606
2LC2.pdb,K29C,28,-0.6676810256745247,-0.42244044,0.24524058621186295,0.24524058621186295
2LC2.pdb,W30Q,29,3.2806770526535143,2.0557435,-1.2249335967666735,1.2249335967666735
2LC2.pdb,W30N,29,2.962724471831777,2.248954,-0.7137704141382955,0.7137704141382955
2LC2.pdb,W30H,29,2.8891625140314847,1.8859253,-1.0032372210627347,1.0032372210627347
2LC2.pdb,W30D,29,3.2093984212048845,2.624417,-0.5849813546307878,0.5849813546307878
2LC2.pdb,W30R,29,3.3225290279738866,2.3124042,-1.0101248722426854,1.0101248722426854
2LC2.pdb,W30K,29,3.1047220852229658,2.3150806,-0.7896414425227705,0.7896414425227705
2LC2.pdb,W30T,29,2.969807606553421,1.8824811,-1.0873265083783723,1.0873265083783723
2LC2.pdb,W30S,29,3.2479822766981057,2.1370835,-1.1108987462720803,1.1108987462720803
2LC2.pdb,W30A,29,2.7799090471946477,1.7076297,-1.0722793665611028,1.0722793665611028
2LC2.pdb,W30G,29,2.8505366890647506,2.614211,-0.23632560660625446,0.23632560660625446
2LC2.pdb,W30M,29,2.281446542437348,0.6421124,-1.6393341681316227,1.6393341681316227
2LC2.pdb,W30L,29,2.2153975179060925,0.51613426,-1.6992632558211316,1.6992632558211316
2LC2.pdb,W30V,29,2.870814231468497,1.2672018,-1.6036124501956088,1.6036124501956088
2LC2.pdb,W30I,29,2.989347877259903,0.7693727,-2.2199751756150055,2.2199751756150055
2LC2.pdb,W30Y,29,2.3744881188194267,0.71353257,-1.6609555517951957,1.6609555517951957
2LC2.pdb,W30F,29,1.7466175572537606,0.25315142,-1.493466140475196,1.493466140475196
2LC2.pdb,W30P,29,2.820075990857186,2.5518146,-0.26826143473536,0.26826143473536
2LC2.pdb,W30C,29,1.9248914679465885,0.7835691,-1.1413223704276676,1.1413223704276676
2LC2.pdb,A31Q,30,0.2026947948779991,0.12304112,-0.07965367172621993,0.07965367172621993
2LC2.pdb,A31E,30,0.4642818304417808,0.5328977,0.06861588035839011,0.06861588035839011
2LC2.pdb,A31N,30,0.7662768616383628,0.7119465,-0.054330374211605026,0.054330374211605026
2LC2.pdb,A31H,30,-0.0946349778945503,0.36830354,0.46293851526332475,0.46293851526332475
2LC2.pdb,A31D,30,0.9779712303281016,1.0098631,0.03189190787075091,0.03189190787075091
2LC2.pdb,A31R,30,0.2944435501620512,-0.08062515,-0.37506869678947735,0.37506869678947735
2LC2.pdb,A31K,30,0.2877461026495629,-0.023616701,-0.3113628040140801,0.3113628040140801
2LC2.pdb,A31T,30,0.8158618614772144,0.4072494,-0.4086124703982654,0.4086124703982654
2LC2.pdb,A31S,30,0.0725256284012139,0.38768688,0.3151612500415504,0.3151612500415504
2LC2.pdb,A31G,30,1.2829053260580343,0.7905133,-0.4923920490042013,0.4923920490042013
2LC2.pdb,A31M,30,0.2809569588790563,-0.10304621,-0.3840031674991277,0.3840031674991277
2LC2.pdb,A31L,30,0.7530620435803055,-0.05062309,-0.803685132655394,0.803685132655394
2LC2.pdb,A31V,30,0.5205398051496899,0.08454782,-0.4359919874426281,0.4359919874426281
2LC2.pdb,A31I,30,1.044621463128947,-0.1582213,-1.2028427675456035,1.2028427675456035
2LC2.pdb,A31W,30,0.8445439807670798,0.22649644,-0.6180475376146521,0.6180475376146521
2LC2.pdb,A31Y,30,0.3383937548566744,0.13194089,-0.20645286847838612,0.20645286847838612
2LC2.pdb,A31F,30,0.4819850859765391,0.1559591,-0.3260259864453654,0.3260259864453654
2LC2.pdb,A31P,30,2.8438483528612486,1.8662381,-0.977610235643231,0.977610235643231
2LC2.pdb,A31C,30,-0.7092342845287591,-0.033188343,0.6760459414806634,0.6760459414806634
2LC2.pdb,D32Q,31,-0.0488308331505158,0.08706826,0.13589909286654972,0.13589909286654972
2LC2.pdb,D32E,31,-0.1982958973132125,0.07297175,0.27126764363870537,0.27126764363870537
2LC2.pdb,D32N,31,0.1710967389327669,0.27929083,0.10819408619578841,0.10819408619578841
2LC2.pdb,D32H,31,0.1855998182875078,0.34590718,0.16030736321388075,0.16030736321388075
2LC2.pdb,D32R,31,0.168176094812694,0.23005834,0.061882247405705054,0.061882247405705054
2LC2.pdb,D32K,31,-0.2648709211921085,0.1734287,0.4382996205663074,0.4382996205663074
2LC2.pdb,D32T,31,0.281302364179381,0.35798818,0.07668581455063,0.07668581455063
2LC2.pdb,D32S,31,-0.0137121739879666,0.24837483,0.262087008644682,0.262087008644682
2LC2.pdb,D32A,31,-0.240383672360795,0.026834488,0.26721816027583406,0.26721816027583406
2LC2.pdb,D32G,31,0.3293192074694926,0.50835216,0.17903295298430377,0.17903295298430377
2LC2.pdb,D32M,31,0.0408345722031144,0.08779475,0.046960178725764384,0.046960178725764384
2LC2.pdb,D32L,31,-0.0555210286754426,0.19698144,0.25250247363031475,0.25250247363031475
2LC2.pdb,D32V,31,0.2550099753867574,0.52510995,0.2700999713409953,0.2700999713409953
2LC2.pdb,D32I,31,0.2779318069730978,0.32978028,0.0518484736169596,0.0518484736169596
2LC2.pdb,D32W,31,0.5230202579861323,0.2672106,-0.25580965522581733,0.25580965522581733
2LC2.pdb,D32Y,31,0.3165756625112985,0.34722227,0.030646606070091897,0.030646606070091897
2LC2.pdb,D32F,31,0.4814306119913949,0.38031662,-0.10111399688671963,0.10111399688671963
2LC2.pdb,D32P,31,2.6093881025117023,1.5451638,-1.0642243518632037,1.0642243518632037
2LC2.pdb,D32C,31,-0.4966825297035591,0.042871743,0.5395542731441871,0.5395542731441871
2LC2.pdb,K33Q,32,0.0275623443534618,0.2068699,0.1793075558731312,0.1793075558731312
2LC2.pdb,K33E,32,0.4080648044640593,0.4605674,0.052502610296530305,0.052502610296530305
2LC2.pdb,K33N,32,0.2233923347086515,0.3659225,0.1425301759152804,0.1425301759152804
2LC2.pdb,K33H,32,0.2154836834315303,0.26006222,0.04457853428087205,0.04457853428087205
2LC2.pdb,K33D,32,0.7348351822293653,0.66488385,-0.0699513302243604,0.0699513302243604
2LC2.pdb,K33R,32,0.0826351399983642,-0.042626172,-0.12526131230251764,0.12526131230251764
2LC2.pdb,K33T,32,0.190785456076552,0.53048074,0.3396952863779768,0.3396952863779768
2LC2.pdb,K33S,32,-0.0006088561879575,0.3247999,0.32540875147451753,0.32540875147451753
2LC2.pdb,K33A,32,-0.1337397835455753,-0.122590095,0.011149688740811514,0.011149688740811514
2LC2.pdb,K33G,32,1.2238323948176184,0.58006775,-0.6437646410258093,0.6437646410258093
2LC2.pdb,K33M,32,-0.0909070206153281,-0.1206305,-0.029723482085477565,0.029723482085477565
2LC2.pdb,K33L,32,-0.1829277040072106,-0.03828746,0.144640243203225,0.144640243203225
2LC2.pdb,K33V,32,0.2758976980846079,0.4771417,0.20124401005099696,0.20124401005099696
2LC2.pdb,K33I,32,0.0182674786507965,0.26244318,0.2441757062018036,0.2441757062018036
2LC2.pdb,K33W,32,-0.2506765197154843,0.114117116,0.364793635451492,0.364793635451492
2LC2.pdb,K33Y,32,0.2215772533849751,0.16779117,-0.05378608052292219,0.05378608052292219
2LC2.pdb,K33F,32,0.1230188044743574,0.17596193,0.05294312210511801,0.05294312210511801
2LC2.pdb,K33P,32,2.8195544668009043,1.9541061,-0.8654483743479013,0.8654483743479013
2LC2.pdb,K33C,32,-0.5671025990962626,-0.108626366,0.4584762334346415,0.4584762334346415
2LC2.pdb,G34Q,33,0.9246795046411336,0.5031085,-0.4215710032068074,0.4215710032068074
2LC2.pdb,G34E,33,1.3433783020314591,0.8811932,-0.4621850814160722,0.4621850814160722
2LC2.pdb,G34N,33,0.7915849443865381,0.39543176,-0.39615318741327155,0.39615318741327155
2LC2.pdb,G34H,33,0.6729507340220726,0.5499821,-0.12296866309922105,0.12296866309922105
2LC2.pdb,G34D,33,1.5787084383949317,0.86295843,-0.7157500071510352,0.7157500071510352
2LC2.pdb,G34R,33,0.9020713018283256,0.62773013,-0.27434117067903363,0.27434117067903363
2LC2.pdb,G34K,33,0.780496071383431,0.5172208,-0.2632752762288595,0.2632752762288595
2LC2.pdb,G34T,33,1.8042064978207792,1.2505563,-0.5536501480664457,0.5536501480664457
2LC2.pdb,G34S,33,1.2363588991572645,0.78008133,-0.4562775674273756,0.4562775674273756
2LC2.pdb,G34A,33,0.959620920683978,0.71921057,-0.24041035559379853,0.24041035559379853
2LC2.pdb,G34M,33,1.1090178516463434,0.76927125,-0.3397465971068536,0.3397465971068536
2LC2.pdb,G34L,33,1.358696489771833,0.8204746,-0.5382218651380439,0.5382218651380439
2LC2.pdb,G34V,33,2.089591839038019,1.2809358,-0.8086560747252749,0.8086560747252749
2LC2.pdb,G34I,33,2.046996276208634,1.3520796,-0.6949166463105625,0.6949166463105625
2LC2.pdb,G34W,33,1.781340759842382,0.93507016,-0.8462706027912956,0.8462706027912956
2LC2.pdb,G34Y,33,1.6310127706339752,0.94087535,-0.6901374192049896,0.6901374192049896
2LC2.pdb,G34F,33,1.4670800997539413,0.85319084,-0.6138892604633224,0.6138892604633224
2LC2.pdb,G34P,33,0.3565381829201484,1.7429206,1.386382454210589,1.386382454210589
2LC2.pdb,G34C,33,0.3958391739753799,0.23494637,-0.16089280385056298,0.16089280385056298
2LC2.pdb,Y35Q,34,3.1818164787672307,1.495841,-1.6859754524610784,1.6859754524610784
2LC2.pdb,Y35E,34,2.6310338960381894,1.9637849,-0.6672489629479794,0.6672489629479794
2LC2.pdb,Y35N,34,2.788328866098008,1.8107336,-0.9775953093505714,0.9775953093505714
2LC2.pdb,Y35H,34,1.9741557293031284,1.0462916,-0.92786413956619,0.92786413956619
2LC2.pdb,Y35D,34,2.83040605695046,2.087833,-0.7425731292466025,0.7425731292466025
2LC2.pdb,Y35R,34,3.000033038813608,1.232717,-1.7673160016126803,1.7673160016126803
2LC2.pdb,Y35K,34,2.436198108796257,1.357289,-1.078909152154106,1.078909152154106
2LC2.pdb,Y35T,34,2.3220082201627097,1.1875207,-1.1344874777463279,1.1344874777463279
2LC2.pdb,Y35S,34,3.0835252953808387,1.5927818,-1.4907435132305702,1.4907435132305702
2LC2.pdb,Y35A,34,1.933388954408219,1.1135544,-0.8198345959258582,0.8198345959258582
2LC2.pdb,Y35G,34,2.6356250547301845,2.0468907,-0.5887343191039638,0.5887343191039638
2LC2.pdb,Y35M,34,1.0577066190858442,0.4127956,-0.6449110158105451,0.6449110158105451
2LC2.pdb,Y35L,34,0.6854179152749387,0.098956704,-0.5864612111352292,0.5864612111352292
2LC2.pdb,Y35V,34,1.469460163023141,0.4393974,-1.030062768366006,1.030062768366006
2LC2.pdb,Y35I,34,0.6596873818665854,-0.1049577,-0.7646450816422812,0.7646450816422812
2LC2.pdb,Y35W,34,1.1411098392699337,0.2454282,-0.8956816347334957,0.8956816347334957
2LC2.pdb,Y35F,34,0.8305963751513143,0.11832762,-0.7122687575060507,0.7122687575060507
2LC2.pdb,Y35P,34,2.8293797263003,2.3454537,-0.48392598713404045,0.48392598713404045
2LC2.pdb,Y35C,34,0.9272224250726008,0.5122279,-0.4149945321969294,0.4149945321969294
2LC2.pdb,T36Q,35,1.7178149245446166,0.98847324,-0.7293416879837951,0.7293416879837951
2LC2.pdb,T36E,35,1.6485857406134787,0.99798214,-0.6506035962577048,0.6506035962577048
2LC2.pdb,T36N,35,0.695214493530278,0.6599553,-0.03525917078781582,0.03525917078781582
2LC2.pdb,T36H,35,1.9097230677002976,1.0580124,-0.8517107014054368,0.8517107014054368
2LC2.pdb,T36D,35,0.5821643746551759,0.6080916,0.02592721813352039,0.02592721813352039
2LC2.pdb,T36R,35,1.991703683460064,1.0426357,-0.949068004215069,0.949068004215069
2LC2.pdb,T36K,35,1.4371851338617152,0.9855651,-0.451620007919485,0.451620007919485
2LC2.pdb,T36S,35,0.2946880339641486,0.18977177,-0.10491626253317937,0.10491626253317937
2LC2.pdb,T36A,35,1.6640069516600469,0.9145922,-0.749414745181928,0.749414745181928
2LC2.pdb,T36G,35,0.7439845176280437,0.9253446,0.18136006874433175,0.18136006874433175
2LC2.pdb,T36M,35,1.9447351350381288,1.14084,-0.8038950814797792,0.8038950814797792
2LC2.pdb,T36L,35,1.6499482918128674,1.1210737,-0.5288745689735119,0.5288745689735119
2LC2.pdb,T36V,35,1.962830159163722,1.1002338,-0.8625963659050551,0.8625963659050551
2LC2.pdb,T36I,35,1.8370449133857707,1.2453661,-0.5916788168891887,0.5916788168891887
2LC2.pdb,T36W,35,1.9217590015422337,1.2456012,-0.6761578243266575,0.6761578243266575
2LC2.pdb,T36Y,35,1.8754376150029697,1.1429586,-0.7324789739507236,0.7324789739507236
2LC2.pdb,T36F,35,1.931707599074949,1.2488401,-0.6828675054622781,0.6828675054622781
2LC2.pdb,T36P,35,2.7457215983345566,1.2049154,-1.5408061940147935,1.5408061940147935
2LC2.pdb,T36C,35,1.0021014244788793,0.6570916,-0.3450098068946508,0.3450098068946508
2LC2.pdb,L37Q,36,0.6979556781939262,0.38096297,-0.3169927103213066,0.3169927103213066
2LC2.pdb,L37E,36,0.8838144526375458,0.65465784,-0.229156611908786,0.229156611908786
2LC2.pdb,L37N,36,1.3821475173634126,0.72807443,-0.65407308594404,0.65407308594404
2LC2.pdb,L37H,36,1.1090596287317545,0.44716793,-0.6618916957445413,0.6618916957445413
2LC2.pdb,L37D,36,1.201736396495928,1.1179203,-0.08381611699305935,0.08381611699305935
2LC2.pdb,L37R,36,0.412066143176347,0.3160985,-0.09596763195732233,0.09596763195732233
2LC2.pdb,L37K,36,0.0958769443648925,0.28399235,0.18811540573657845,0.18811540573657845
2LC2.pdb,L37T,36,0.4679737997158097,0.3581909,-0.10978290558891762,0.10978290558891762
2LC2.pdb,L37S,36,0.5776982043396917,0.6189523,0.04125406998281811,0.04125406998281811
2LC2.pdb,L37A,36,0.281831815332457,0.39073318,0.10890136709781034,0.10890136709781034
2LC2.pdb,L37G,36,1.215864624895592,0.87201643,-0.34384819499446895,0.34384819499446895
2LC2.pdb,L37M,36,0.7463502973094918,0.13294412,-0.6134061753526665,0.6134061753526665
2LC2.pdb,L37V,36,0.3829231912339268,-0.06746042,-0.4503836089814244,0.4503836089814244
2LC2.pdb,L37I,36,0.1933285086536775,-0.09896281,-0.29229132226947646,0.29229132226947646
2LC2.pdb,L37W,36,1.6813120615462351,0.119578764,-1.5617332977036524,1.5617332977036524
2LC2.pdb,L37Y,36,1.3237479310161897,0.15352629,-1.1702216397650071,1.1702216397650071
2LC2.pdb,L37F,36,1.2180344483629906,0.20014226,-1.0178921839968407,1.0178921839968407
2LC2.pdb,L37P,36,0.2021336113132941,0.5617311,0.35959748876910336,0.35959748876910336
2LC2.pdb,L37C,36,0.6219673794981171,-0.008755267,-0.6307226461645294,0.6307226461645294
2LC2.pdb,T38Q,37,-0.1696908466854623,-0.07691181,0.0927790396252206,0.0927790396252206
2LC2.pdb,T38E,37,-0.3062024315838219,-0.037088014,0.26911441739839326,0.26911441739839326
2LC2.pdb,T38N,37,0.1243702405078606,0.106231704,-0.0181385361535744,0.0181385361535744
2LC2.pdb,T38H,37,0.038095090020116,0.05617097,0.018075880181376312,0.018075880181376312
2LC2.pdb,T38D,37,-0.0571476793469987,0.110473886,0.167621565479239,0.167621565479239
2LC2.pdb,T38R,37,0.0336980275005118,0.039044738,0.0053467103153451365,0.0053467103153451365
2LC2.pdb,T38K,37,0.1231558366637313,-0.12056945,-0.24372528930712578,0.24372528930712578
2LC2.pdb,T38S,37,0.0049086568843588,-0.021881584,-0.0267902409624323,0.0267902409624323
2LC2.pdb,T38A,37,-0.2188576334301699,-0.29888305,-0.08002541724999063,0.08002541724999063
2LC2.pdb,T38G,37,0.1206803040425925,0.052320596,-0.06835970821191356,0.06835970821191356
2LC2.pdb,T38M,37,0.0252442493249795,-0.012141652,-0.03738590173024149,0.03738590173024149
2LC2.pdb,T38L,37,-0.0143941776419049,-0.050448507,-0.036054329428636483,0.036054329428636483
2LC2.pdb,T38V,37,-0.0720060949527638,0.029311981,0.10131807600492407,0.10131807600492407
2LC2.pdb,T38I,37,-0.0507016055620295,0.069311835,0.12001344043379845,0.12001344043379845
2LC2.pdb,T38W,37,0.1158053722090972,-0.059378117,-0.17518348953201895,0.17518348953201895
2LC2.pdb,T38Y,37,0.2274905151694843,0.06027113,-0.16721938615737644,0.16721938615737644
2LC2.pdb,T38F,37,0.0593265738043378,0.11616165,0.05683507810501355,0.05683507810501355
2LC2.pdb,T38P,37,0.1486614831861388,0.5620247,0.4133632293764222,0.4133632293764222
2LC2.pdb,Q39E,38,-0.0321844192252696,0.57737136,0.6095557780967296,0.6095557780967296
2LC2.pdb,Q39N,38,1.099778493660231,1.2681606,0.16838208792851406,0.16838208792851406
2LC2.pdb,Q39H,38,0.6525274038225031,1.039513,0.38698558808270933,0.38698558808270933
2LC2.pdb,Q39D,38,-0.0454896239260089,1.2651904,1.3106799868563068,1.3106799868563068
2LC2.pdb,Q39R,38,0.9244027817329644,0.65032667,-0.2740761125168084,0.2740761125168084
2LC2.pdb,Q39K,38,1.0316963711095402,0.43034214,-0.601354233295972,0.601354233295972
2LC2.pdb,Q39T,38,0.6629772995691359,1.0290066,0.366029300810808,0.366029300810808
2LC2.pdb,Q39S,38,1.300448468346191,1.0292156,-0.2712328940816646,0.2712328940816646
2LC2.pdb,Q39A,38,0.4688852719415441,0.65618515,0.18729987820494026,0.18729987820494026
2LC2.pdb,Q39G,38,1.872595120984979,1.4828553,-0.3897398010081723,0.3897398010081723
2LC2.pdb,Q39M,38,-0.0961643425850553,0.4251762,0.5213405458359404,0.5213405458359404
2LC2.pdb,Q39L,38,0.7729377151661181,0.76608783,-0.006849885099437181,0.006849885099437181
2LC2.pdb,Q39V,38,0.5449718511840151,0.88114274,0.33617088429724706,0.33617088429724706
2LC2.pdb,Q39I,38,0.4508494858435057,0.6824162,0.23156671479431168,0.23156671479431168
2LC2.pdb,Q39W,38,1.1661877455807972,1.2811661,0.11497833107935906,0.11497833107935906
2LC2.pdb,Q39Y,38,1.881661723616162,1.2002442,-0.6814175353074461,0.6814175353074461
2LC2.pdb,Q39F,38,1.2971636462468732,1.140863,-0.15630070450492983,0.15630070450492983
2LC2.pdb,Q39P,38,2.5508374469386084,2.6160846,0.0652471287144678,0.0652471287144678
2LC2.pdb,Q39C,38,0.3465239620284892,0.6504656,0.30394164561463827,0.30394164561463827
2LC2.pdb,M40Q,39,2.642855856469205,2.4521377,-0.19071814780526442,0.19071814780526442
2LC2.pdb,M40E,39,2.8761270324175547,2.7378404,-0.13828661837031353,0.13828661837031353
2LC2.pdb,M40N,39,2.992574763673023,2.353643,-0.6389318231517827,0.6389318231517827
2LC2.pdb,M40H,39,2.763913226986205,2.4100459,-0.35386736478832903,0.35386736478832903
2LC2.pdb,M40D,39,2.966772592126656,2.6605487,-0.3062239051454547,0.3062239051454547
2LC2.pdb,M40R,39,2.776357825700112,2.2551773,-0.5211805662549214,0.5211805662549214
2LC2.pdb,M40K,39,3.675461428155424,2.4567304,-1.21873106240225,1.21873106240225
2LC2.pdb,M40T,39,2.4902321663414795,2.1300204,-0.3602117863213379,0.3602117863213379
2LC2.pdb,M40S,39,3.1935082801609487,2.3781896,-0.815318716409728,0.815318716409728
2LC2.pdb,M40A,39,1.9320374192326135,1.3492327,-0.582804745587594,0.582804745587594
2LC2.pdb,M40G,39,2.732065915974644,2.362714,-0.3693518637743267,0.3693518637743267
2LC2.pdb,M40L,39,-0.0533959881223409,0.04751873,0.10091471828591511,0.10091471828591511
2LC2.pdb,M40V,39,0.056626223959566,0.39994442,0.3433182006696454,0.3433182006696454
2LC2.pdb,M40I,39,-0.349684315524668,-0.19534504,0.15433927138862064,0.15433927138862064
2LC2.pdb,M40W,39,1.7357748920738372,1.6309835,-0.10479142020341481,0.10479142020341481
2LC2.pdb,M40Y,39,2.95536381809406,1.5944982,-1.360865660592839,1.360865660592839
2LC2.pdb,M40F,39,2.520643837264186,0.9458096,-1.5748342345267594,1.5748342345267594
2LC2.pdb,M40C,39,1.7845941262714278,0.8172762,-0.967317946480931,0.967317946480931
2LC2.pdb,S41Q,40,-0.1919500721965517,-0.26400086,-0.07205079064028608,0.07205079064028608
2LC2.pdb,S41E,40,0.2086260585533246,0.22214177,0.013515713955296604,0.013515713955296604
2LC2.pdb,S41N,40,0.3182233226774196,0.37469324,0.05646992201824386,0.05646992201824386
2LC2.pdb,S41H,40,-0.0904344101169125,-0.089770064,0.000664346359016077,0.000664346359016077
2LC2.pdb,S41D,40,0.4783515090704511,0.9124911,0.4341395740746905,0.4341395740746905
2LC2.pdb,S41R,40,-0.3010448377191563,-0.6083193,-0.307274444812582,0.307274444812582
2LC2.pdb,S41K,40,-0.3126228548703782,-0.4308022,-0.11817934139388875,0.11817934139388875
2LC2.pdb,S41T,40,0.1765803056669601,0.12862119,-0.0479591148805984,0.0479591148805984
2LC2.pdb,S41A,40,-0.4376790496404137,-0.36090323,0.07677581635069508,0.07677581635069508
2LC2.pdb,S41G,40,0.196569375031304,0.40064263,0.20407325840680635,0.20407325840680635
2LC2.pdb,S41M,40,0.086255295555758,-0.6116072,-0.6978624895025964,0.6978624895025964
2LC2.pdb,S41L,40,0.2724053911239039,-0.37518266,-0.6475880495578181,0.6475880495578181
2LC2.pdb,S41V,40,0.4068312425187996,-0.08331368,-0.4901449237040451,0.4901449237040451
2LC2.pdb,S41I,40,0.5568755973887956,-0.2683909,-0.8252664913249528,0.8252664913249528
2LC2.pdb,S41W,40,-0.3427360903458023,-0.2917691,0.05096700303119661,0.05096700303119661
2LC2.pdb,S41Y,40,-0.105613947021709,-0.39470854,-0.2890945969941754,0.2890945969941754
2LC2.pdb,S41F,40,-0.1685295102332222,-0.33604625,-0.1675167384411705,0.1675167384411705
2LC2.pdb,S41P,40,2.40207181495093,2.0859914,-0.3160804323520532,0.3160804323520532
2LC2.pdb,S41C,40,-0.3338184711406757,-0.53064,-0.19682153492469295,0.19682153492469295
2LC2.pdb,N42Q,41,-0.161152931634426,-0.15133852,0.009814413968562974,0.009814413968562974
2LC2.pdb,N42E,41,-0.1833908366011063,-0.07702938,0.10636145937904515,0.10636145937904515
2LC2.pdb,N42H,41,0.0287465606733636,-0.13214266,-0.16088922367537775,0.16088922367537775
2LC2.pdb,N42D,41,-0.084333086866748,0.13271819,0.21705127741755215,0.21705127741755215
2LC2.pdb,N42R,41,-0.1482144806107861,-0.20526753,-0.0570530530491489,0.0570530530491489
2LC2.pdb,N42K,41,-0.0626530501324067,-0.12560153,-0.06294847994266654,0.06294847994266654
2LC2.pdb,N42T,41,0.3422122618480632,0.03772421,-0.30448805003604384,0.30448805003604384
2LC2.pdb,N42S,41,0.1911719703478831,-0.00396502,-0.19513699052763164,0.19513699052763164
2LC2.pdb,N42A,41,-0.1771148307661971,-0.2426932,-0.0655783699412385,0.0655783699412385
2LC2.pdb,N42G,41,0.1205618588689554,0.42644888,0.3058870227571737,0.3058870227571737
2LC2.pdb,N42M,41,0.0151780737636162,-0.34431112,-0.3594891918895317,0.3594891918895317
2LC2.pdb,N42L,41,0.049080553197156,-0.18178138,-0.23086193456579307,0.23086193456579307
2LC2.pdb,N42V,41,0.0169167450099267,-0.01881402,-0.03573076486876382,0.03573076486876382
2LC2.pdb,N42I,41,-0.001381424104311,-0.22315495,-0.2217735230573635,0.2217735230573635
2LC2.pdb,N42W,41,-0.5324657289904318,-0.36081666,0.1716490714472494,0.1716490714472494
2LC2.pdb,N42Y,41,-0.1963337800071709,-0.3185734,-0.12223960546989515,0.12223960546989515
2LC2.pdb,N42F,41,-0.0826839948595847,-0.32227343,-0.23958943834888086,0.23958943834888086
2LC2.pdb,N42P,41,2.411642636401483,1.8033451,-0.6082975522111145,0.6082975522111145
2LC2.pdb,N42C,41,-0.6468921816360966,-0.45289308,0.19399910330891768,0.19399910330891768
2LC2.pdb,F43Q,42,1.927806144607226,1.481248,-0.44655812348143265,0.44655812348143265
2LC2.pdb,F43E,42,1.9624862340189344,1.6398854,-0.32260080845130745,0.32260080845130745
2LC2.pdb,F43N,42,2.1891733390560475,1.5037733,-0.6854000074138966,0.6854000074138966
2LC2.pdb,F43H,42,1.5981507910949513,0.9258522,-0.6722986115676686,0.6722986115676686
2LC2.pdb,F43D,42,2.2679659845363056,1.4039937,-0.8639722587596332,0.8639722587596332
2LC2.pdb,F43R,42,2.3483805643075883,1.1643975,-1.1839830862039507,1.1839830862039507
2LC2.pdb,F43K,42,2.249886185416365,1.72176,-0.5281261508552078,0.5281261508552078
2LC2.pdb,F43T,42,1.8207300190108715,1.5612545,-0.25947551766809807,0.25947551766809807
2LC2.pdb,F43S,42,2.027550213283422,1.2311699,-0.7963802742422845,0.7963802742422845
2LC2.pdb,F43A,42,0.8925975106488431,1.0784825,0.18588499801051972,0.18588499801051972
2LC2.pdb,F43G,42,2.2945209319646493,1.5632112,-0.7313097293431894,0.7313097293431894
2LC2.pdb,F43M,42,0.0133512793616175,0.68730414,0.6739528597756506,0.6739528597756506
2LC2.pdb,F43L,42,0.332925011987319,0.78298235,0.45005733740843296,0.45005733740843296
2LC2.pdb,F43V,42,1.1267501534614777,1.4938432,0.36709304436109313,0.36709304436109313
2LC2.pdb,F43I,42,0.4272612691973232,0.9933591,0.5660978197003819,0.5660978197003819
2LC2.pdb,F43W,42,-0.1780106510327694,0.078930795,0.25694144622548787,0.25694144622548787
2LC2.pdb,F43Y,42,0.4954653186053459,-0.3862232,-0.8816885155886833,0.8816885155886833
2LC2.pdb,F43P,42,2.691528346101137,2.4210086,-0.2705197592175921,0.2705197592175921
2LC2.pdb,F43C,42,0.7386549850205908,0.6640683,-0.07458670337004758,0.07458670337004758
2LC2.pdb,L44Q,43,2.8975594175129182,2.2266,-0.6709594857959993,0.6709594857959993
2LC2.pdb,L44E,43,2.82656963730719,2.3153718,-0.5111978855219115,0.5111978855219115
2LC2.pdb,L44N,43,3.0771885779876578,2.4322014,-0.6449871924896109,0.6449871924896109
2LC2.pdb,L44H,43,2.9167118603640825,2.177577,-0.7391348416262895,0.7391348416262895
2LC2.pdb,L44D,43,2.388166511795234,2.5880542,0.19988766835002947,0.19988766835002947
2LC2.pdb,L44R,43,3.92309371289848,2.3974006,-1.5256930952989927,1.5256930952989927
2LC2.pdb,L44K,43,2.881264752613404,2.2628613,-0.6184035007823492,0.6184035007823492
2LC2.pdb,L44T,43,2.729925415444355,1.8017285,-0.9281969284295846,0.9281969284295846
2LC2.pdb,L44A,43,3.011425445738939,1.9998689,-1.011556575957445,1.011556575957445
2LC2.pdb,L44G,43,2.8937202079253623,2.295907,-0.5978131873565147,0.5978131873565147
2LC2.pdb,L44M,43,2.0402637889245643,0.6838536,-1.3564101626733436,1.3564101626733436
2LC2.pdb,L44V,43,2.5218082856401285,1.3505152,-1.171293039248832,1.171293039248832
2LC2.pdb,L44I,43,1.7147112209355708,1.1219019,-0.5928093511617061,0.5928093511617061
2LC2.pdb,L44W,43,2.37393550454801,1.4468032,-0.9271322923821774,0.9271322923821774
2LC2.pdb,L44Y,43,2.23172183033503,1.5590787,-0.6726431369451373,0.6726431369451373
2LC2.pdb,L44F,43,1.4524316900607506,1.3744549,-0.07797683414186629,0.07797683414186629
2LC2.pdb,L44P,43,2.766913896410481,2.632886,-0.13402796348811785,0.13402796348811785
2LC2.pdb,L44C,43,1.9268365010537147,1.1381778,-0.7886587485589027,0.7886587485589027
2LC2.pdb,K45Q,44,-0.0392483119275799,0.225804,0.26505231302049065,0.26505231302049065
2LC2.pdb,K45E,44,0.0777604438815275,0.5417136,0.46395315150879235,0.46395315150879235
2LC2.pdb,K45N,44,0.2455583822498104,0.47595084,0.23039245488550456,0.23039245488550456
2LC2.pdb,K45H,44,0.3248133892094698,0.4387871,0.11397371348981,0.11397371348981
2LC2.pdb,K45D,44,0.4640443121471662,0.7900956,0.32605131516072566,0.32605131516072566
2LC2.pdb,K45R,44,0.0714937655200786,-0.014177561,-0.08567132632635302,0.08567132632635302
2LC2.pdb,K45T,44,0.006329912658316,0.5179497,0.5116197876972138,0.5116197876972138
2LC2.pdb,K45S,44,0.0137726760037808,0.4139802,0.4002075099817844,0.4002075099817844
2LC2.pdb,K45A,44,0.2221812759526829,0.26671585,0.04453457845367392,0.04453457845367392
2LC2.pdb,K45G,44,0.5477603459757803,0.7281276,0.18036725278673194,0.18036725278673194
2LC2.pdb,K45M,44,0.1866634596587095,0.28021017,0.09354670751086142,0.09354670751086142
2LC2.pdb,K45L,44,0.1476172891441987,0.35404608,0.2064287873919799,0.2064287873919799
2LC2.pdb,K45V,44,0.5137657923908905,0.6367066,0.12294079826157533,0.12294079826157533
2LC2.pdb,K45I,44,0.3699606016414694,0.5175304,0.14756978003806553,0.14756978003806553
2LC2.pdb,K45W,44,0.2649785805897333,0.6006374,0.3356587957187079,0.3356587957187079
2LC2.pdb,K45Y,44,0.2179140388680909,0.566425,0.34851098659501334,0.34851098659501334
2LC2.pdb,K45F,44,0.4043280766894233,0.6309619,0.2266338182995904,0.2266338182995904
2LC2.pdb,K45P,44,2.0559415203493847,1.7508485,-0.30509298862636225,0.30509298862636225
2LC2.pdb,K45C,44,-0.4998085253912427,0.27399284,0.7738013618666151,0.7738013618666151
2LC2.pdb,S46Q,45,1.036014378377708,1.0641053,0.028090893915382775,0.028090893915382775
2LC2.pdb,S46E,45,0.7067156113604351,0.87986207,0.17314645872318302,0.17314645872318302
2LC2.pdb,S46N,45,0.7094142978493103,0.6869407,-0.022473568231237806,0.022473568231237806
2LC2.pdb,S46H,45,0.4624723807009712,1.2345366,0.7720642670956597,0.7720642670956597
2LC2.pdb,S46D,45,-0.3170511525401567,0.23043633,0.5474874776133989,0.5474874776133989
2LC2.pdb,S46R,45,0.8465762936682073,1.4988734,0.6522970593362483,0.6522970593362483
2LC2.pdb,S46K,45,0.9632621531438303,1.5102739,0.5470117802668142,0.5470117802668142
2LC2.pdb,S46T,45,0.3841041612931439,0.5314273,0.1473231625250629,0.1473231625250629
2LC2.pdb,S46A,45,0.7525908436337945,0.48270428,-0.26988656182684867,0.26988656182684867
2LC2.pdb,S46G,45,0.4039752561940011,0.66371024,0.25973498035537634,0.25973498035537634
2LC2.pdb,S46M,45,1.1134822180133706,1.4297067,0.3162244746822471,0.3162244746822471
2LC2.pdb,S46L,45,0.9549996163867456,1.5162,0.5612003300167578,0.5612003300167578
2LC2.pdb,S46V,45,0.4551438714253071,1.5202658,1.0651219462169048,1.0651219462169048
2LC2.pdb,S46I,45,0.706215798186141,1.746167,1.0399511463176432,1.0399511463176432
2LC2.pdb,S46W,45,0.6713923833272939,1.5169437,0.8455513098337168,0.8455513098337168
2LC2.pdb,S46Y,45,0.3814351434289014,1.4675996,1.0861644869269336,1.0861644869269336
2LC2.pdb,S46F,45,0.7228061510541326,1.6308615,0.9080553697130793,0.9080553697130793
2LC2.pdb,S46P,45,1.043885735623727,1.6977923,0.6539065560175084,0.6539065560175084
2LC2.pdb,S46C,45,-0.0893210224128866,0.74003917,0.8293601922012472,0.8293601922012472
2LC2.pdb,K47Q,46,0.2917006994882123,0.16983764,-0.12186306075244113,0.12186306075244113
2LC2.pdb,K47E,46,-0.0368218709841436,0.18442275,0.22124461728484093,0.22124461728484093
2LC2.pdb,K47N,46,-0.0150506610031104,0.10607474,0.1211254039759612,0.1211254039759612
2LC2.pdb,K47H,46,0.2548745671915511,0.19428438,-0.06059018770928182,0.06059018770928182
2LC2.pdb,K47D,46,-0.2099745252529357,0.15041779,0.3603923150697921,0.3603923150697921
2LC2.pdb,K47R,46,0.2091625998625836,0.11155796,-0.09760463935232969,0.09760463935232969
2LC2.pdb,K47T,46,-0.0497952348163819,0.20732184,0.25711707236082315,0.25711707236082315
2LC2.pdb,K47S,46,0.0308821635387168,0.09037474,0.05949257443926477,0.05949257443926477
2LC2.pdb,K47A,46,0.3150923525879263,0.0070955604,-0.3079967921564459,0.3079967921564459
2LC2.pdb,K47G,46,-0.1453825678883529,0.2144494,0.3598319735585189,0.3598319735585189
2LC2.pdb,K47M,46,0.5809183506474449,0.24970622,-0.3312121270403816,0.3312121270403816
2LC2.pdb,K47L,46,1.0028465171791043,0.16531402,-0.8375324984527555,0.8375324984527555
2LC2.pdb,K47V,46,0.603499816664935,0.29521212,-0.30828769684720125,0.30828769684720125
2LC2.pdb,K47I,46,0.8352597336322556,0.31516546,-0.5200942735225449,0.5200942735225449
2LC2.pdb,K47W,46,0.6724541026522024,0.22061019,-0.45184391619456843,0.45184391619456843
2LC2.pdb,K47Y,46,0.8548859283136481,0.28867018,-0.5662157460855597,0.5662157460855597
2LC2.pdb,K47F,46,0.442252495089217,0.37117136,-0.07108113984171943,0.07108113984171943
2LC2.pdb,K47P,46,0.3206672580200091,0.16575602,-0.15491124105032833,0.15491124105032833
2LC2.pdb,K47C,46,-0.0900617151262932,0.049826965,0.139888679862278,0.139888679862278
2LC2.pdb,T48Q,47,0.1305522391633333,0.036481977,-0.09407026265423907,0.09407026265423907
2LC2.pdb,T48E,47,-0.0458794750111719,0.19673148,0.24261095298701724,0.24261095298701724
2LC2.pdb,T48N,47,0.1950832251280996,0.21473572,0.01965249145324499,0.01965249145324499
2LC2.pdb,T48H,47,0.1137004032029,0.14562616,0.031925754319301544,0.031925754319301544
2LC2.pdb,T48D,47,0.1093541588652131,0.326324,0.2169698271882537,0.2169698271882537
2LC2.pdb,T48R,47,0.1262289055539911,0.1167441,-0.009484804506475236,0.009484804506475236
2LC2.pdb,T48K,47,0.0795648135548741,0.058595933,-0.020968880534759204,0.020968880534759204
2LC2.pdb,T48S,47,0.1929287124821095,0.16634162,-0.026587094778671688,0.026587094778671688
2LC2.pdb,T48A,47,0.421427395241583,0.121921465,-0.29950593044074836,0.29950593044074836
2LC2.pdb,T48G,47,0.7395756765144141,0.50919944,-0.23037623603513557,0.23037623603513557
2LC2.pdb,T48M,47,0.5684073044683831,0.08117341,-0.4872338919665711,0.4872338919665711
2LC2.pdb,T48L,47,0.5364882480355018,0.0799411,-0.4565471466632598,0.4565471466632598
2LC2.pdb,T48V,47,-0.0716025578055923,-0.052594274,0.019008283523136854,0.019008283523136854
2LC2.pdb,T48I,47,0.1370461391272255,-0.10068712,-0.23773325551173172,0.23773325551173172
2LC2.pdb,T48W,47,0.35270154019745,0.098883,-0.2538185372010053,0.2538185372010053
2LC2.pdb,T48Y,47,0.4549540565788135,0.09983307,-0.35512098534697145,0.35512098534697145
2LC2.pdb,T48F,47,0.4019598623047802,0.14237015,-0.25958971281156273,0.25958971281156273
2LC2.pdb,T48P,47,-0.3634733856987777,0.9309374,1.2944107950997177,1.2944107950997177
2LC2.pdb,T48C,47,-0.0945370517431656,-0.06920862,0.02532842976440583,0.02532842976440583
2LC2.pdb,A49Q,48,0.0439941407674178,0.14703716,0.10304302260939037,0.10304302260939037
2LC2.pdb,A49E,48,-0.017035594473862,0.25851107,0.27554666091062957,0.27554666091062957
2LC2.pdb,A49N,48,0.0657142957418646,0.22079805,0.1550837496549402,0.1550837496549402
2LC2.pdb,A49H,48,0.0661551717663662,0.21240708,0.14625191055289344,0.14625191055289344
2LC2.pdb,A49D,48,-0.0329234258798787,0.3926161,0.4255395190386006,0.4255395190386006
2LC2.pdb,A49R,48,0.0245668624057375,0.047519162,0.02295229989151134,0.02295229989151134
2LC2.pdb,A49K,48,-0.1090358121197203,-0.035278454,0.07375735769676955,0.07375735769676955
2LC2.pdb,A49T,48,0.1635679661988138,0.26274365,0.09917568566809903,0.09917568566809903
2LC2.pdb,A49S,48,0.0742812917581985,0.1317295,0.05744820674739384,0.05744820674739384
2LC2.pdb,A49G,48,0.2059969620589719,0.24963705,0.043640090357829564,0.043640090357829564
2LC2.pdb,A49M,48,0.1079400442645477,0.17084894,0.06290889157796634,0.06290889157796634
2LC2.pdb,A49L,48,0.1169522142495269,0.118465185,0.0015129709158783755,0.0015129709158783755
2LC2.pdb,A49V,48,-0.0067422070546134,0.17300609,0.1797482945961936,0.1797482945961936
2LC2.pdb,A49I,48,0.1069837906441049,0.16507883,0.058095043055121476,0.058095043055121476
2LC2.pdb,A49W,48,0.5370399381971032,0.20555472,-0.33148521445747914,0.33148521445747914
2LC2.pdb,A49Y,48,0.3006670663714406,0.2605443,-0.04012276629209488,0.04012276629209488
2LC2.pdb,A49F,48,0.2248861688690588,0.30319652,0.0783103507442072,0.0783103507442072
2LC2.pdb,A49P,48,-0.4106712868578559,-0.06736663,0.34330465701891244,0.34330465701891244
2LC2.pdb,A49C,48,-0.1809602650015858,0.014236033,0.19519629796438487,0.19519629796438487
2LC2.pdb,G50Q,49,0.8638359586365336,0.6697887,-0.19404724041296184,0.19404724041296184
2LC2.pdb,G50E,49,0.86289175442016,0.91849947,0.055607715336920105,0.055607715336920105
2LC2.pdb,G50N,49,0.3847780755439416,0.40668967,0.021911598118244058,0.021911598118244058
2LC2.pdb,G50H,49,0.310020372315928,0.6249967,0.31497634942860936,0.31497634942860936
2LC2.pdb,G50D,49,0.7095556815295283,0.7284151,0.018859390434735612,0.018859390434735612
2LC2.pdb,G50R,49,0.74604166349051,0.8245718,0.0785301248204946,0.0785301248204946
2LC2.pdb,G50K,49,0.8041823052302788,0.7012542,-0.10292811621584397,0.10292811621584397
2LC2.pdb,G50T,49,0.6416027626428269,1.128839,0.48723625331786646,0.48723625331786646
2LC2.pdb,G50S,49,0.7660510312183302,0.7577345,-0.008316553698341167,0.008316553698341167
2LC2.pdb,G50A,49,0.9109522365774124,0.84196913,-0.06898310415401154,0.06898310415401154
2LC2.pdb,G50M,49,1.1117078140701673,0.8208786,-0.2908291891540906,0.2908291891540906
2LC2.pdb,G50L,49,1.0523957614067614,0.85610163,-0.1962941292885363,0.1962941292885363
2LC2.pdb,G50V,49,1.2734486707121138,1.3186408,0.04519215742051563,0.04519215742051563
2LC2.pdb,G50I,49,1.4961274699382172,1.3323654,-0.16376207629960637,0.16376207629960637
2LC2.pdb,G50W,49,1.260379974743828,0.8487301,-0.4116498874635546,0.4116498874635546
2LC2.pdb,G50Y,49,1.127296966756572,0.82619166,-0.30110530301450655,0.30110530301450655
2LC2.pdb,G50F,49,0.8714939495086136,0.71823,-0.1532639404296341,0.1532639404296341
2LC2.pdb,G50P,49,1.408616608255546,1.5475991,0.13898246896918542,0.13898246896918542
2LC2.pdb,G50C,49,0.337543446590705,0.25614136,-0.08140208201627264,0.08140208201627264
2LC2.pdb,K51Q,50,0.2915136076598097,0.092585534,-0.19892807380246413,0.19892807380246413
2LC2.pdb,K51E,50,-0.0125781336219805,0.43541494,0.4479930737407702,0.4479930737407702
2LC2.pdb,K51N,50,0.8777566411600071,1.104394,0.2266373178854031,0.2266373178854031
2LC2.pdb,K51H,50,0.7082390075331082,0.57688767,-0.13135134035400053,0.13135134035400053
2LC2.pdb,K51D,50,0.9235723684591997,1.3575883,0.43401592270901324,0.43401592270901324
2LC2.pdb,K51R,50,0.5754565510601326,0.2652497,-0.31020685170596085,0.31020685170596085
2LC2.pdb,K51T,50,0.6482902176592118,0.5420707,-0.10621953084204261,0.10621953084204261
2LC2.pdb,K51S,50,1.014951660927848,0.8093003,-0.20565135746868046,0.20565135746868046
2LC2.pdb,K51A,50,0.4613835719311434,0.22821516,-0.23316841394545612,0.23316841394545612
2LC2.pdb,K51G,50,0.9190808770087836,1.0021709,0.08309004336322567,0.08309004336322567
2LC2.pdb,K51M,50,0.205451867710154,-0.028353333,-0.23380520118335957,0.23380520118335957
2LC2.pdb,K51L,50,-0.0124090418711304,-0.16088963,-0.148480583678186,0.148480583678186
2LC2.pdb,K51V,50,0.395064355647075,0.29513368,-0.09993067554186563,0.09993067554186563
2LC2.pdb,K51I,50,0.3389933756455634,0.23726737,-0.10172600065319282,0.10172600065319282
2LC2.pdb,K51W,50,0.3654109660850322,0.35220927,-0.013201696084574444,0.013201696084574444
2LC2.pdb,K51Y,50,-0.2040696435689932,0.28348032,0.48754995996952116,0.48754995996952116
2LC2.pdb,K51F,50,-0.0014396197557831,0.27776134,0.2792009598970795,0.2792009598970795
2LC2.pdb,K51P,50,0.9017255265449772,1.839728,0.938002471234869,0.938002471234869
2LC2.pdb,K51C,50,0.4691884101296413,0.048541605,-0.4206468046570766,0.4206468046570766
2LC2.pdb,Y52Q,51,2.222508514777801,2.6165385,0.39403000984988434,0.39403000984988434
2LC2.pdb,Y52E,51,2.4462672020541163,2.4595153,0.013248131121542883,0.013248131121542883
2LC2.pdb,Y52N,51,2.173279858799904,2.5251052,0.3518253791609114,0.3518253791609114
2LC2.pdb,Y52H,51,2.119559215967514,1.7953104,-0.32424883789286785,0.32424883789286785
2LC2.pdb,Y52D,51,2.7705184919541286,2.2777867,-0.4927317602341579,0.4927317602341579
2LC2.pdb,Y52R,51,2.650071334049421,2.4849386,-0.16513271252842499,0.16513271252842499
2LC2.pdb,Y52K,51,2.468123092535457,2.9487665,0.4806433774199874,0.4806433774199874
2LC2.pdb,Y52T,51,2.203747063798184,2.6470504,0.44330331690860314,0.44330331690860314
2LC2.pdb,Y52S,51,2.1500858870573425,2.5836828,0.43359688844009403,0.43359688844009403
2LC2.pdb,Y52A,51,2.474131076121473,2.6277142,0.1535830809830192,0.1535830809830192
2LC2.pdb,Y52G,51,2.628999811147311,2.683389,0.0543891372932408,0.0543891372932408
2LC2.pdb,Y52M,51,1.4168749196057049,2.3662214,0.9493465083117756,0.9493465083117756
2LC2.pdb,Y52L,51,1.5443418921334393,2.2725837,0.728241830934798,0.728241830934798
2LC2.pdb,Y52V,51,2.4892482395992808,2.5429785,0.0537302855624624,0.0537302855624624
2LC2.pdb,Y52I,51,2.1501379107939087,2.4529276,0.3027896786225952,0.3027896786225952
2LC2.pdb,Y52W,51,0.513286715555572,0.732448,0.21916126627883958,0.21916126627883958
2LC2.pdb,Y52F,51,0.3657720333558156,0.84653056,0.4807585233229564,0.4807585233229564
2LC2.pdb,Y52P,51,2.5129331424043877,2.793816,0.28088294722573925,0.28088294722573925
2LC2.pdb,Y52C,51,1.6757683550470417,1.9317632,0.2559948171026165,0.2559948171026165
2LC2.pdb,D53Q,52,0.5271027949414919,-0.21578582,-0.7428886112533282,0.7428886112533282
2LC2.pdb,D53E,52,0.3100823179881131,-0.08666515,-0.39674747149153106,0.39674747149153106
2LC2.pdb,D53N,52,0.716287707428708,0.21055071,-0.5057369968698167,0.5057369968698167
2LC2.pdb,D53H,52,1.058231686820176,0.2017464,-0.856485282649186,0.856485282649186
2LC2.pdb,D53R,52,0.5622651534866776,-0.056130707,-0.6183958607506241,0.6183958607506241
2LC2.pdb,D53K,52,0.815664799694396,-0.17536221,-0.9910270141404638,0.9910270141404638
2LC2.pdb,D53T,52,0.506519887285938,0.19431993,-0.3121999536330602,0.3121999536330602
2LC2.pdb,D53S,52,0.564396102146671,0.12990126,-0.43449484200911304,0.43449484200911304
2LC2.pdb,D53A,52,0.484066890438692,-0.26597482,-0.7500417100988788,0.7500417100988788
2LC2.pdb,D53G,52,1.0922897111493446,0.48426878,-0.6080209266263343,0.6080209266263343
2LC2.pdb,D53M,52,0.6277574296074668,-0.13800777,-0.7657652045565406,0.7657652045565406
2LC2.pdb,D53L,52,0.5898062235859003,-0.081019476,-0.6708256996419992,0.6708256996419992
2LC2.pdb,D53V,52,0.952073882088019,0.3192703,-0.6328035693019167,0.6328035693019167
2LC2.pdb,D53I,52,0.8654504495522395,0.12778427,-0.7376661824843302,0.7376661824843302
2LC2.pdb,D53W,52,0.409380947479141,0.15126565,-0.2581152964915159,0.2581152964915159
2LC2.pdb,D53Y,52,0.8136211662883079,0.21909732,-0.5945238500232017,0.5945238500232017
2LC2.pdb,D53F,52,0.8145701425665122,0.1990688,-0.6155013429516059,0.6155013429516059
2LC2.pdb,D53P,52,2.44796999744966,1.8252409,-0.6227291470010514,0.6227291470010514
2LC2.pdb,D53C,52,0.0082985793923189,-0.11920561,-0.12750418835628527,0.12750418835628527
2LC2.pdb,R54Q,53,-0.1893752210559292,0.21524246,0.40461768142599297,0.40461768142599297
2LC2.pdb,R54E,53,-0.4308742003743404,0.32718655,0.7580607550446743,0.7580607550446743
2LC2.pdb,R54N,53,-0.1121924712121327,0.43638274,0.5485752119481404,0.5485752119481404
2LC2.pdb,R54H,53,-0.0148629604348782,0.23095202,0.24581498489471706,0.24581498489471706
2LC2.pdb,R54D,53,-0.3894402471890128,0.6543286,1.0437688318600333,1.0437688318600333
2LC2.pdb,R54K,53,-0.2843290931090569,0.023035884,0.3073649770125603,0.3073649770125603
2LC2.pdb,R54T,53,-0.2688542205573423,0.09572814,0.3645823571564062,0.3645823571564062
2LC2.pdb,R54S,53,-0.2943787138030278,0.18035656,0.4747352759406316,0.4747352759406316
2LC2.pdb,R54A,53,-0.524029359651109,-0.087882936,0.436146423650285,0.436146423650285
2LC2.pdb,R54G,53,-0.0236492816501883,0.43363217,0.45728144684374605,0.45728144684374605
2LC2.pdb,R54M,53,-0.2538570118793215,-0.031485945,0.22237106689297814,0.22237106689297814
2LC2.pdb,R54L,53,-0.108236424030236,-0.13430628,-0.026069857774802446,0.026069857774802446
2LC2.pdb,R54V,53,-0.2388336878544805,-0.07084072,0.167992971492481,0.167992971492481
2LC2.pdb,R54I,53,0.022742091049944,-0.16676784,-0.18950992666700944,0.18950992666700944
2LC2.pdb,R54W,53,-0.2566253181744007,-0.27672076,-0.02009544407840691,0.02009544407840691
2LC2.pdb,R54Y,53,-0.127456973261808,-0.10565895,0.02179802484032972,0.02179802484032972
2LC2.pdb,R54F,53,0.0792730468875877,-0.114154205,-0.19342725161380686,0.19342725161380686
2LC2.pdb,R54P,53,0.1861510414039031,0.48468998,0.29853893934141246,0.29853893934141246
2LC2.pdb,R54C,53,-0.5491563975387961,-0.13727152,0.4118848740631491,0.4118848740631491
2LC2.pdb,V55Q,54,1.9234709552627764,1.421164,-0.5023069194656573,0.5023069194656573
2LC2.pdb,V55E,54,2.3535399914769584,1.3966007,-0.9569392682103568,0.9569392682103568
2LC2.pdb,V55N,54,2.442223639693343,1.5910383,-0.8511852934027546,0.8511852934027546
2LC2.pdb,V55H,54,2.175985301182461,1.156245,-1.0197403079726222,1.0197403079726222
2LC2.pdb,V55D,54,2.7360417109677924,1.5090954,-1.2269462805936469,1.2269462805936469
2LC2.pdb,V55K,54,2.477828692663625,1.6173184,-0.8605103008636981,0.8605103008636981
2LC2.pdb,V55T,54,2.21998926504452,1.0660254,-1.1539638887246348,1.1539638887246348
2LC2.pdb,V55S,54,2.5231581448661187,1.4966255,-1.0265326022254326,1.0265326022254326
2LC2.pdb,V55A,54,0.784853721580888,0.98156834,0.19671461490592845,0.19671461490592845
2LC2.pdb,V55G,54,2.976707876663643,1.5795139,-1.3971939692310866,1.3971939692310866
2LC2.pdb,V55M,54,2.1608512703764204,0.6247144,-1.5361368958341841,1.5361368958341841
2LC2.pdb,V55L,54,2.1066532278788603,0.6219227,-1.484730556083969,1.484730556083969
2LC2.pdb,V55I,54,0.0577584064079563,-0.026028395,-0.08378680110705297,0.08378680110705297
2LC2.pdb,V55W,54,2.3513420805184,0.2987255,-2.0526165947167034,2.0526165947167034
2LC2.pdb,V55Y,54,2.0783218763720868,0.32471192,-1.7536099575412152,1.7536099575412152
2LC2.pdb,V55F,54,1.9971498423351,0.11621302,-1.8809368186725328,1.8809368186725328
2LC2.pdb,V55P,54,2.381767920141446,1.4519603,-0.9298075949003572,0.9298075949003572
2LC2.pdb,V55C,54,1.8023504512049804,0.30506194,-1.4972885148265014,1.4972885148265014
2LC2.pdb,Y56Q,55,1.6715083000651112,1.7331883,0.061679971457410776,0.061679971457410776
2LC2.pdb,Y56E,55,2.1395854973315043,2.2296085,0.09002303843509729,0.09002303843509729
2LC2.pdb,Y56N,55,2.390720444474072,2.3033667,-0.08735378340229483,0.08735378340229483
2LC2.pdb,Y56H,55,1.679572836723378,1.3363603,-0.34321250137334136,0.34321250137334136
2LC2.pdb,Y56D,55,2.4204804008316305,2.6216383,0.20115789720303745,0.20115789720303745
2LC2.pdb,Y56R,55,2.002434941313945,1.460455,-0.5419800005180466,0.5419800005180466
2LC2.pdb,Y56K,55,1.3659945883896851,1.5019338,0.13593922470540765,0.13593922470540765
2LC2.pdb,Y56T,55,1.5462282573408386,1.6089793,0.06275108702714238,0.06275108702714238
2LC2.pdb,Y56S,55,2.3714927661983567,1.9449544,-0.42653837090416724,0.42653837090416724
2LC2.pdb,Y56A,55,2.456575397557801,1.5377198,-0.9188555517860113,0.9188555517860113
2LC2.pdb,Y56G,55,2.202083973818011,2.2048693,0.0027852965066959,0.0027852965066959
2LC2.pdb,Y56M,55,0.2127043344302159,0.8075311,0.5948267839627284,0.5948267839627284
2LC2.pdb,Y56L,55,-0.2736766771836958,0.4799397,0.7536163763566694,0.7536163763566694
2LC2.pdb,Y56V,55,0.589231653980979,1.1521243,0.562892631716958,0.562892631716958
2LC2.pdb,Y56I,55,-0.1570882758764824,0.7104831,0.8675713500647149,0.8675713500647149
2LC2.pdb,Y56W,55,0.7793803298259192,0.434148,-0.34523231623415285,0.34523231623415285
2LC2.pdb,Y56F,55,-0.1082926356904119,0.24201572,0.35030835510416924,0.35030835510416924
2LC2.pdb,Y56P,55,2.762301371007255,2.4518518,-0.3104495262196574,0.3104495262196574
2LC2.pdb,Y56C,55,1.0849391543326,0.92561907,-0.15932008857103375,0.15932008857103375
2LC2.pdb,N57Q,56,-0.2854955584634382,-0.11664154,0.1688540221084196,0.1688540221084196
2LC2.pdb,N57E,56,-0.1841479794765064,0.21675555,0.40090353355651587,0.40090353355651587
2LC2.pdb,N57H,56,0.0703509017831045,-0.056505874,-0.12685677558242853,0.12685677558242853
2LC2.pdb,N57D,56,-0.2429004903204661,0.5259509,0.7688513989813548,0.7688513989813548
2LC2.pdb,N57R,56,-0.042895177705815,-0.22531103,-0.1824158482713197,0.1824158482713197
2LC2.pdb,N57K,56,0.0335616699203811,-0.116134256,-0.14969592604487755,0.14969592604487755
2LC2.pdb,N57T,56,0.373336147227723,0.2521059,-0.12123025552316369,0.12123025552316369
2LC2.pdb,N57S,56,0.2790952719488517,0.21819532,-0.06089995277313148,0.06089995277313148
2LC2.pdb,N57A,56,-0.0517400686191455,0.025297403,0.07703747195471679,0.07703747195471679
2LC2.pdb,N57G,56,0.5302251319063283,0.6297645,0.0995393653737926,0.0995393653737926
2LC2.pdb,N57M,56,-0.0644699333664799,-0.2399169,-0.1754469723942852,0.1754469723942852
2LC2.pdb,N57L,56,-0.1186381790658686,-0.064632714,0.05400546527116035,0.05400546527116035
2LC2.pdb,N57V,56,0.2850627518958042,0.09869752,-0.18636523110331993,0.18636523110331993
2LC2.pdb,N57I,56,0.0873121586331899,-0.06698164,-0.15429380207152915,0.15429380207152915
2LC2.pdb,N57W,56,-0.3649511264434908,0.0017879456,0.366739072071657,0.366739072071657
2LC2.pdb,N57Y,56,-0.2422031881167843,0.008442879,0.25064606683992885,0.25064606683992885
2LC2.pdb,N57F,56,-0.1820932879775858,-0.009740144,0.1723531439632273,0.1723531439632273
2LC2.pdb,N57P,56,2.359032864794501,2.103489,-0.2555439426753603,0.2555439426753603
2LC2.pdb,G58Q,57,1.315855682027646,-0.13475592,-1.4506116063717087,1.4506116063717087
2LC2.pdb,G58E,57,1.0945600819913233,0.14807545,-0.9464846355048502,0.9464846355048502
2LC2.pdb,G58N,57,1.2771794295064114,0.13860856,-1.138570869540324,1.138570869540324
2LC2.pdb,G58H,57,1.7430341431578449,-0.00596714,-1.7490012833555988,1.7490012833555988
2LC2.pdb,G58D,57,1.1174651336746508,0.32312936,-0.7943357777672106,0.7943357777672106
2LC2.pdb,G58R,57,1.9662377127471973,-0.39376736,-2.360005069619756,2.360005069619756
2LC2.pdb,G58K,57,2.5220990236434506,-0.22561024,-2.747709264937358,2.747709264937358
2LC2.pdb,G58T,57,2.2833663440346146,0.07258658,-2.2107797629236603,2.2107797629236603
2LC2.pdb,G58S,57,1.8065717370804733,-0.09348491,-1.9000566454228347,1.9000566454228347
2LC2.pdb,G58A,57,1.169068386860176,-0.46309555,-1.6321639326289137,1.6321639326289137
2LC2.pdb,G58M,57,1.281385409950225,-0.6434712,-1.9248565913428948,1.9248565913428948
2LC2.pdb,G58L,57,1.685647339624853,-0.4676208,-2.1532681296295832,2.1532681296295832
2LC2.pdb,G58V,57,1.987391428785306,0.16281934,-1.8245720879602252,1.8245720879602252
2LC2.pdb,G58I,57,1.6804096119784628,-0.21021566,-1.8906252699279105,1.8906252699279105
2LC2.pdb,G58W,57,1.557463516149767,-0.3460948,-1.903558303270586,1.903558303270586
2LC2.pdb,G58Y,57,1.836546931072608,-0.36891693,-2.2054638598407657,2.2054638598407657
2LC2.pdb,G58F,57,1.541041047719222,-0.3724025,-1.9134435369045553,1.9134435369045553
2LC2.pdb,G58P,57,2.2417730859303973,1.9434621,-0.2983109525228045,0.2983109525228045
2LC2.pdb,G58C,57,0.8443826404203305,-0.5158723,-1.3602549400915036,1.3602549400915036
2LC2.pdb,Y59Q,58,2.725372639331594,2.810398,0.08502546247504661,0.08502546247504661
2LC2.pdb,Y59E,58,2.696302940247452,3.2274752,0.5311722260733487,0.5311722260733487
2LC2.pdb,Y59N,58,2.612991689961484,3.2789478,0.6659561402387113,0.6659561402387113
2LC2.pdb,Y59H,58,2.636945428391728,2.1106913,-0.5262541194165085,0.5262541194165085
2LC2.pdb,Y59D,58,2.5741246107224987,3.3133981,0.7392735120649769,0.7392735120649769
2LC2.pdb,Y59R,58,3.2095717690340178,2.4604385,-0.7491332791200773,0.7491332791200773
2LC2.pdb,Y59K,58,2.715359612650599,2.9100726,0.19471295242813635,0.19471295242813635
2LC2.pdb,Y59T,58,2.538194453488764,2.9348943,0.39669986986023487,0.39669986986023487
2LC2.pdb,Y59S,58,2.5246536932710417,3.058247,0.5335933961149446,0.5335933961149446
2LC2.pdb,Y59A,58,2.5450594975317173,2.4375038,-0.10755568283445172,0.10755568283445172
2LC2.pdb,Y59G,58,2.736338940936969,2.9953094,0.2589704119377867,0.2589704119377867
2LC2.pdb,Y59M,58,2.286994083801331,1.996418,-0.29057608453375305,0.29057608453375305
2LC2.pdb,Y59L,58,2.44909566437766,1.7974129,-0.6516827920632067,0.6516827920632067
2LC2.pdb,Y59V,58,2.54267005812634,2.2516618,-0.29100828063000206,0.29100828063000206
2LC2.pdb,Y59I,58,2.135069388734384,1.9908706,-0.14419879375605138,0.14419879375605138
2LC2.pdb,Y59W,58,1.5836698636546076,0.94812524,-0.6355446204676569,0.6355446204676569
2LC2.pdb,Y59F,58,0.84800378555249,0.6220927,-0.22591106170605446,0.22591106170605446
2LC2.pdb,Y59P,58,2.780970912220287,3.3523,0.5713290164448743,0.5713290164448743
2LC2.pdb,Y59C,58,2.0540559854937817,1.8858142,-0.16824179558289298,0.16824179558289298
2LC2.pdb,V60Q,59,0.162090848319556,0.33602715,0.17393629706618619,0.17393629706618619
2LC2.pdb,V60E,59,0.4033135805409147,0.79322517,0.389911588640909,0.389911588640909
2LC2.pdb,V60N,59,1.465740829853817,0.81965685,-0.6460839809463463,0.6460839809463463
2LC2.pdb,V60H,59,0.419485160027679,0.47011375,0.050628594244781944,0.050628594244781944
2LC2.pdb,V60D,59,1.7282481982513491,1.312284,-0.41596420548401514,0.41596420548401514
2LC2.pdb,V60R,59,-0.0487442947965393,0.025655508,0.07439980283792114,0.07439980283792114
2LC2.pdb,V60K,59,-0.2632039430838153,0.120050505,0.3832544478874728,0.3832544478874728
2LC2.pdb,V60T,59,0.741247219032092,0.44841784,-0.29282937664393893,0.29282937664393893
2LC2.pdb,V60S,59,0.3954309727063556,0.59499955,0.1995685790667157,0.1995685790667157
2LC2.pdb,V60A,59,-0.2168713839188747,0.2534432,0.4703145952359371,0.4703145952359371
2LC2.pdb,V60G,59,0.6501736298587053,0.8846817,0.23450807180145095,0.23450807180145095
2LC2.pdb,V60M,59,-0.0489704799922048,-0.05576718,-0.006796698543256624,0.006796698543256624
2LC2.pdb,V60L,59,0.2389745899482402,-0.10405746,-0.34303205097157086,0.34303205097157086
2LC2.pdb,V60I,59,0.3193475490855624,-0.13378519,-0.453132737283652,0.453132737283652
2LC2.pdb,V60W,59,0.7250541188473592,0.18620835,-0.5388457664008031,0.5388457664008031
2LC2.pdb,V60Y,59,0.8857902772340309,0.121628866,-0.7641614116343987,0.7641614116343987
2LC2.pdb,V60F,59,0.8248896861476318,0.19794728,-0.6269424075288192,0.6269424075288192
2LC2.pdb,V60P,59,2.383059941527227,1.7320598,-0.6510001051395928,0.6510001051395928
2LC2.pdb,V60C,59,0.0628445531627321,-0.07037276,-0.13321731345860002,0.13321731345860002
2LC2.pdb,I61Q,60,-0.2516331103119222,0.14801861,0.39965172376960195,0.39965172376960195
2LC2.pdb,I61E,60,-0.1953388667723103,0.4178807,0.613219580711977,0.613219580711977
2LC2.pdb,I61N,60,-0.0769986320091558,0.3963948,0.4733934212280584,0.4733934212280584
2LC2.pdb,I61H,60,-0.1247563812620056,0.32175443,0.4465108070260895,0.4465108070260895
2LC2.pdb,I61D,60,-0.0791531423059046,0.5895055,0.6686586359468043,0.6686586359468043
2LC2.pdb,I61R,60,-0.4181301469153666,0.051192105,0.46932225173180336,0.46932225173180336
2LC2.pdb,I61K,60,-0.2560214847939646,0.050744787,0.30676627165252324,0.30676627165252324
2LC2.pdb,I61T,60,0.0580453539164942,0.3352085,0.2771631514755804,0.2771631514755804
2LC2.pdb,I61S,60,0.0388324766689769,0.3503315,0.311499008602477,0.311499008602477
2LC2.pdb,I61A,60,-0.2943587312362759,0.11563882,0.4099975535533993,0.4099975535533993
2LC2.pdb,I61G,60,0.5667781952572839,0.6130309,0.04625271523465946,0.04625271523465946
2LC2.pdb,I61M,60,-0.3096274769787932,-0.030418456,0.2792090213780547,0.2792090213780547
2LC2.pdb,I61L,60,-0.1393160378033666,-0.0024663508,0.1368496870095281,0.1368496870095281
2LC2.pdb,I61V,60,0.0729167025687695,0.26841012,0.1954934138653278,0.1954934138653278
2LC2.pdb,I61W,60,0.3416447372800628,0.21650648,-0.12513825610940849,0.12513825610940849
2LC2.pdb,I61Y,60,0.2822827270497954,0.21790935,-0.06437337605854632,0.06437337605854632
2LC2.pdb,I61F,60,0.360099719142235,0.2138186,-0.14628112432888812,0.14628112432888812
2LC2.pdb,I61P,60,2.485339870603552,1.6189452,-0.8663946296291258,0.8663946296291258
2LC2.pdb,I61C,60,-0.3414872825499744,-0.0018806756,0.3396066069956989,0.3396066069956989
2LC2.pdb,H62Q,61,1.749071273866655,0.5952637,-1.1538075543079391,1.1538075543079391
2LC2.pdb,H62E,61,2.0875869352184626,0.7651006,-1.3224863368831965,1.3224863368831965
2LC2.pdb,H62N,61,2.183425993513023,0.83965236,-1.343773634027397,1.343773634027397
2LC2.pdb,H62D,61,2.373049738132037,1.071128,-1.30192172738222,1.30192172738222
2LC2.pdb,H62R,61,1.92075668106618,0.38188452,-1.538872165780688,1.538872165780688
2LC2.pdb,H62K,61,1.364460028952178,0.51142085,-0.8530391829667654,0.8530391829667654
2LC2.pdb,H62T,61,1.5919657782505283,0.44326985,-1.148695929426981,1.148695929426981
2LC2.pdb,H62S,61,1.1523622555099642,0.4472083,-0.7051539701782381,0.7051539701782381
2LC2.pdb,H62A,61,0.7075599703646729,0.38247913,-0.32508083914290165,0.32508083914290165
2LC2.pdb,H62G,61,2.165569521956716,0.8643245,-1.3012450118592125,1.3012450118592125
2LC2.pdb,H62M,61,0.8561464508567864,0.26493448,-0.5912119706665093,0.5912119706665093
2LC2.pdb,H62L,61,1.4064455210800524,0.26180467,-1.1446408509846087,1.1446408509846087
2LC2.pdb,H62V,61,1.14717991565916,0.3675413,-0.7796386024877733,0.7796386024877733
2LC2.pdb,H62I,61,1.50707842874857,0.1981872,-1.3088912265333752,1.3088912265333752
2LC2.pdb,H62W,61,-0.5849643753796161,-0.35771978,0.2272445963650287,0.2272445963650287
2LC2.pdb,H62Y,61,-0.7322460287186647,-0.64666426,0.0855817669007326,0.0855817669007326
2LC2.pdb,H62F,61,-0.6935662508131974,-0.25572747,0.4378387808920854,0.4378387808920854
2LC2.pdb,H62P,61,2.648050804696565,1.5780637,-1.069987078271394,1.069987078271394
2LC2.pdb,H62C,61,1.1188850717662169,0.012800515,-1.1060845570681883,1.1060845570681883
2LC2.pdb,L63Q,62,1.19049584532082,0.6602101,-0.5302857723265879,0.5302857723265879
2LC2.pdb,L63E,62,2.001998418554736,1.2384053,-0.7635930716843138,0.7635930716843138
2LC2.pdb,L63N,62,2.184491174329689,1.1134003,-1.0710908342494276,1.0710908342494276
2LC2.pdb,L63H,62,1.4724698225454902,0.78484255,-0.6876272717909431,0.6876272717909431
2LC2.pdb,L63D,62,2.604241559378181,1.8681943,-0.7360472177186352,0.7360472177186352
2LC2.pdb,L63R,62,1.528597233376443,0.48978615,-1.038811085305154,1.038811085305154
2LC2.pdb,L63K,62,1.6992908523856818,0.71100414,-0.9882867143928229,0.9882867143928229
2LC2.pdb,L63T,62,1.439790452005844,0.5035469,-0.9362435584091948,0.9362435584091948
2LC2.pdb,L63S,62,2.1491694104399404,0.7945435,-1.3546259057249745,1.3546259057249745
2LC2.pdb,L63A,62,1.709591163369662,0.72388136,-0.9857097995009487,0.9857097995009487
2LC2.pdb,L63G,62,1.927898998977112,1.4479027,-0.47999631953375266,0.47999631953375266
2LC2.pdb,L63M,62,0.6442890807654704,-0.040148556,-0.6844376369979228,0.6844376369979228
2LC2.pdb,L63V,62,1.0436720413565943,0.29918104,-0.7444909972548792,0.7444909972548792
2LC2.pdb,L63I,62,0.5735354676806077,0.096300006,-0.47723546176782694,0.47723546176782694
2LC2.pdb,L63W,62,1.2085476234877512,0.8092648,-0.3992828443968699,0.3992828443968699
2LC2.pdb,L63Y,62,1.5783802170389838,0.6172396,-0.9611406225794501,0.9611406225794501
2LC2.pdb,L63F,62,1.3719034384545026,0.6642045,-0.7076989601906476,0.7076989601906476
2LC2.pdb,L63P,62,2.7366136922404487,2.5977416,-0.13887208838913034,0.13887208838913034
2LC2.pdb,L63C,62,0.4911276679245353,0.060200274,-0.4309273939339042,0.4309273939339042
2LC2.pdb,D64Q,63,-0.4385968089127448,-0.27183503,0.16676177978753115,0.16676177978753115
2LC2.pdb,D64E,63,-0.3331446511227511,-0.1385128,0.19463184601849542,0.19463184601849542
2LC2.pdb,D64N,63,-0.2990052715920042,-0.14013702,0.1588682548187803,0.1588682548187803
2LC2.pdb,D64H,63,-0.1128609446954991,-0.19169754,-0.07883659320351824,0.07883659320351824
2LC2.pdb,D64R,63,-0.4265647383190791,-0.28241253,0.14415220932737988,0.14415220932737988
2LC2.pdb,D64K,63,-0.5060777716278397,-0.33566368,0.17041409536593788,0.17041409536593788
2LC2.pdb,D64T,63,-0.3317428798907382,-0.11854762,0.21319526150160856,0.21319526150160856
2LC2.pdb,D64S,63,-0.3289089353836716,-0.1359191,0.19298984129797825,0.19298984129797825
2LC2.pdb,D64A,63,-0.5047825554591618,-0.27510262,0.22967994010271653,0.22967994010271653
2LC2.pdb,D64G,63,-0.4314787008003229,0.0715009,0.5029795982078547,0.5029795982078547
2LC2.pdb,D64M,63,-0.46013621451337,-0.35350728,0.10662893416363856,0.10662893416363856
2LC2.pdb,D64L,63,-0.6022815390286609,-0.3114417,0.29083984929897033,0.29083984929897033
2LC2.pdb,D64V,63,-0.1391695323505279,-0.12726897,0.011900562337863102,0.011900562337863102
2LC2.pdb,D64I,63,-0.3512948122001087,-0.24092424,0.11037057304147835,0.11037057304147835
2LC2.pdb,D64W,63,0.0518744263329997,-0.20093572,-0.2528101477303996,0.2528101477303996
2LC2.pdb,D64Y,63,-0.0676186781641683,-0.18419027,-0.1165715951207438,0.1165715951207438
2LC2.pdb,D64F,63,0.0218871924411323,-0.13581373,-0.15770092041602396,0.15770092041602396
2LC2.pdb,D64P,63,1.6833676532805648,0.92079663,-0.7625710205138412,0.7625710205138412
2M9E.pdb,K1Q,0,-0.1943362742033012,0.08447279,0.278809064563752,0.278809064563752
2M9E.pdb,K1E,0,-0.665760730596864,0.11490154,0.7806622732604382,0.7806622732604382
2M9E.pdb,K1R,0,-0.2456862855697319,0.14540198,0.3910882700229332,0.3910882700229332
2M9E.pdb,K1S,0,-0.2522730783650528,0.036007136,0.2882802144715439,0.2882802144715439
2M9E.pdb,K1G,0,-0.3782398559884656,0.15729018,0.5355300315456022,0.5355300315456022
2M9E.pdb,K1M,0,-0.4487507213186887,0.17664021,0.6253909338545469,0.6253909338545469
2M9E.pdb,K1L,0,-0.2101117399279366,0.15368825,0.3637999919001351,0.3637999919001351
2M9E.pdb,K1I,0,-0.2778647717889386,0.24132323,0.5191880044396955,0.5191880044396955
2M9E.pdb,K1W,0,-0.1646638948724375,0.20060086,0.36526475737548925,0.36526475737548925
2M9E.pdb,K1Y,0,0.0061453132190094,0.23180698,0.22566166536432647,0.22566166536432647
2M9E.pdb,K1F,0,-0.0782546135509565,0.32554066,0.40379527536278514,0.40379527536278514
2M9E.pdb,K1P,0,-0.598083855691804,0.29306918,0.8911530395182505,0.8911530395182505
2M9E.pdb,L2Q,1,2.5278056816055456,1.9118732,-0.6159324602081457,0.6159324602081457
2M9E.pdb,L2N,1,2.055170836821529,1.8080257,-0.24714511908623837,0.24714511908623837
2M9E.pdb,L2H,1,1.8032211505823392,1.8051522,0.001931027228329718,0.001931027228329718
2M9E.pdb,L2D,1,1.5810418202006986,1.2419745,-0.33906734720112586,0.33906734720112586
2M9E.pdb,L2R,1,2.504839549311462,2.1896245,-0.3152150013530881,0.3152150013530881
2M9E.pdb,L2T,1,1.5985899929721223,1.4295521,-0.16903791472505203,0.16903791472505203
2M9E.pdb,L2S,1,2.082808827067772,1.6468527,-0.4359560953630601,0.4359560953630601
2M9E.pdb,L2A,1,1.7302175396089223,1.6364291,-0.09378846818253073,0.09378846818253073
2M9E.pdb,L2M,1,0.4002314106154023,1.0009537,0.6007222637010039,0.6007222637010039
2M9E.pdb,L2W,1,1.5023720814143808,1.5048699,0.0024978564823476823,0.0024978564823476823
2M9E.pdb,L2Y,1,1.3887268252612688,1.5206151,0.13188827559932692,0.13188827559932692
2M9E.pdb,L2F,1,1.505939111056691,1.3511237,-0.15481542045152752,0.15481542045152752
2M9E.pdb,P3E,2,1.0992726254372998,1.814142,0.7148693633169727,0.7148693633169727
2M9E.pdb,P3N,2,1.7488413820855615,1.7196298,-0.029211617528676737,0.029211617528676737
2M9E.pdb,P3H,2,1.8736847640971768,1.8510617,-0.0226230623225796,0.0226230623225796
2M9E.pdb,P3D,2,1.104162560879164,1.9411337,0.8369711766849228,0.8369711766849228
2M9E.pdb,P3R,2,1.7907825703441622,1.813546,0.022763371962356338,0.022763371962356338
2M9E.pdb,P3K,2,1.88692320686998,1.8006331,-0.08629013401689156,0.08629013401689156
2M9E.pdb,P3T,2,1.6789279340717842,1.9555951,0.27666720161699754,0.27666720161699754
2M9E.pdb,P3S,2,1.2912835139643373,1.567497,0.2762135010350524,0.2762135010350524
2M9E.pdb,P3A,2,0.844680709754301,1.6657598,0.821079092110323,0.821079092110323
2M9E.pdb,P3G,2,0.874350357498292,1.8410324,0.9666820283278188,0.9666820283278188
2M9E.pdb,P3M,2,1.0892516375032042,1.786707,0.6974554061445619,0.6974554061445619
2M9E.pdb,P3L,2,0.9022943493605022,1.5426135,0.6403191569566364,0.6403191569566364
2M9E.pdb,P3I,2,1.6220075510117382,1.838,0.2159925081160694,0.2159925081160694
2M9E.pdb,P3W,2,1.3944212712100432,2.049252,0.6548307620235994,0.6548307620235994
2M9E.pdb,P3Y,2,1.7316894373517722,1.8972276,0.16553820756857696,0.16553820756857696
2M9E.pdb,P3F,2,1.5511809875648397,1.9366786,0.38549766043015543,0.38549766043015543
2M9E.pdb,P4Q,3,0.055248189432429,0.22085553,0.1656073446442617,0.1656073446442617
2M9E.pdb,P4E,3,-0.1960037194634605,0.060163677,0.2561673962021995,0.2561673962021995
2M9E.pdb,P4N,3,0.3133875526152945,0.35606092,0.04267336953054901,0.04267336953054901
2M9E.pdb,P4D,3,-0.0151090878752868,0.29014194,0.30525102799216913,0.30525102799216913
2M9E.pdb,P4R,3,0.3525480260478191,0.3931083,0.040560282267458,0.040560282267458
2M9E.pdb,P4K,3,0.3067438648039271,0.2506544,-0.05608946540893811,0.05608946540893811
2M9E.pdb,P4S,3,0.2620373289543862,0.23279443,-0.029242895122217616,0.029242895122217616
2M9E.pdb,P4A,3,-0.0214719713036295,6.261468e-05,0.021534585982966047,0.021534585982966047
2M9E.pdb,P4G,3,0.3779690689128143,0.42062452,0.042655455442120405,0.042655455442120405
2M9E.pdb,P4M,3,0.019859717877217,0.15706064,0.13720092019288951,0.13720092019288951
2M9E.pdb,P4L,3,-0.0382780346829862,0.11010512,0.14838315432858173,0.14838315432858173
2M9E.pdb,P4V,3,0.2744364984103677,-0.08614457,-0.3605810649463174,0.3605810649463174
2M9E.pdb,P4I,3,0.140972061140606,0.014065288,-0.12690677313334664,0.12690677313334664
2M9E.pdb,P4W,3,-0.1666422992464009,-0.06661928,0.10002302224597365,0.10002302224597365
2M9E.pdb,P4Y,3,-0.2555810687239757,0.01738526,0.2729663279946437,0.2729663279946437
2M9E.pdb,P4F,3,-0.325759723161048,-0.0072945505,0.31846517262298496,0.31846517262298496
2M9E.pdb,G5Q,4,1.009139859256879,1.9123199,0.9031800393484677,0.9031800393484677
2M9E.pdb,G5E,4,0.6243213200423607,1.8245863,1.2002649521973243,1.2002649521973243
2M9E.pdb,G5N,4,0.5012292787178003,1.3052595,0.8040301874534643,0.8040301874534643
2M9E.pdb,G5H,4,0.3474146288857049,1.4505405,1.103125913716834,1.103125913716834
2M9E.pdb,G5D,4,1.0458379612092994,1.3185096,0.2726716174955346,0.2726716174955346
2M9E.pdb,G5R,4,2.033253111645413,2.0106337,-0.022619404598904325,0.022619404598904325
2M9E.pdb,G5K,4,2.018378886444592,1.9806004,-0.03777852938892812,0.03777852938892812
2M9E.pdb,G5S,4,1.2070738552642282,1.7316501,0.5245762587952201,0.5245762587952201
2M9E.pdb,G5A,4,1.041945556227092,1.7744187,0.7324731554352004,0.7324731554352004
2M9E.pdb,G5M,4,1.0638775363217357,1.7233628,0.6594852671374318,0.6594852671374318
2M9E.pdb,G5L,4,1.61098141639223,1.6403863,0.02940492661008931,0.02940492661008931
2M9E.pdb,G5V,4,1.715093584405761,1.9173046,0.2022110506421515,0.2022110506421515
2M9E.pdb,G5I,4,1.767640786605234,2.0480115,0.2803707547613432,0.2803707547613432
2M9E.pdb,G5W,4,1.172436847625114,1.2815089,0.10907207495179039,0.10907207495179039
2M9E.pdb,G5F,4,0.4611135273414941,0.9517996,0.49068604417263556,0.49068604417263556
2M9E.pdb,G5P,4,0.2746996348602835,2.4674602,2.192760520626777,2.192760520626777
2M9E.pdb,W6E,5,2.3898018740823934,3.2399235,0.8501216030904581,0.8501216030904581
2M9E.pdb,W6N,5,3.077589625729191,2.815428,-0.2621616071592445,0.2621616071592445
2M9E.pdb,W6H,5,2.8640785958456827,2.3846679,-0.47941072246311434,0.47941072246311434
2M9E.pdb,W6K,5,3.348018520299717,3.082162,-0.26585661691836915,0.26585661691836915
2M9E.pdb,W6T,5,2.785834871915066,2.3858082,-0.4000266424686547,0.4000266424686547
2M9E.pdb,W6G,5,3.075384508963088,3.328413,0.2530285006804669,0.2530285006804669
2M9E.pdb,W6M,5,2.902633803236822,2.272116,-0.6305178574207821,0.6305178574207821
2M9E.pdb,W6L,5,2.442188814831041,2.0475848,-0.39460404272105576,0.39460404272105576
2M9E.pdb,W6V,5,2.873750648768433,2.119225,-0.754525623591431,0.754525623591431
2M9E.pdb,W6I,5,2.457960172195121,2.0846965,-0.37326364089934483,0.37326364089934483
2M9E.pdb,W6Y,5,2.353270253002313,0.9936348,-1.359635433017877,1.359635433017877
2M9E.pdb,W6F,5,2.211115247003894,0.9469652,-1.2641500294135621,1.2641500294135621
2M9E.pdb,W6P,5,2.7675114004250103,2.8487177,0.08120628908914984,0.08120628908914984
2M9E.pdb,E7Q,6,0.5877736126973909,0.54638624,-0.04138737078454913,0.04138737078454913
2M9E.pdb,E7N,6,1.3320774223668606,1.4431288,0.11105140186714824,0.11105140186714824
2M9E.pdb,E7H,6,0.6774732162683628,1.0689831,0.3915098617345669,0.3915098617345669
2M9E.pdb,E7D,6,1.154524102539184,1.1918819,0.0373577925261237,0.0373577925261237
2M9E.pdb,E7R,6,1.244814046581182,1.3774947,0.1326806462212471,0.1326806462212471
2M9E.pdb,E7K,6,1.4257526948036436,1.2876091,-0.13814359446184676,0.13814359446184676
2M9E.pdb,E7S,6,0.37393436427595,0.8742213,0.5002869606447042,0.5002869606447042
2M9E.pdb,E7M,6,1.0380119391643905,0.58253074,-0.4554812022411727,0.4554812022411727
2M9E.pdb,E7L,6,0.8007714983847807,0.77329874,-0.027472757997817787,0.027472757997817787
2M9E.pdb,E7V,6,-0.0247663173911263,0.1218335,0.14659982063743368,0.14659982063743368
2M9E.pdb,E7I,6,0.3556500873358024,0.25621808,-0.09943201158354409,0.09943201158354409
2M9E.pdb,E7Y,6,1.1552035112840653,0.8457968,-0.3094066877824784,0.3094066877824784
2M9E.pdb,E7F,6,1.0620725033156233,0.82118523,-0.24088727210682204,0.24088727210682204
2M9E.pdb,K8E,7,-0.408027201096826,0.39301953,0.8010467282937102,0.8010467282937102
2M9E.pdb,K8R,7,-0.2145839030581817,0.16214484,0.37672874282182306,0.37672874282182306
2M9E.pdb,K8A,7,-0.0829231239152425,0.40995583,0.49287895329718523,0.49287895329718523
2M9E.pdb,K8G,7,1.179485803533105,1.523026,0.34354018599936564,0.34354018599936564
2M9E.pdb,K8M,7,-0.7128276341766808,-0.2505998,0.46222783263630607,0.46222783263630607
2M9E.pdb,K8L,7,-0.4758333553451837,-0.14689106,0.3289422978538812,0.3289422978538812
2M9E.pdb,K8V,7,-0.5102455426777031,-0.31331694,0.19692860141641155,0.19692860141641155
2M9E.pdb,K8I,7,-0.4436695510754438,-0.21705687,0.22661268061493356,0.22661268061493356
2M9E.pdb,K8W,7,0.303581688989027,0.33391982,0.030338134180681264,0.030338134180681264
2M9E.pdb,K8Y,7,0.399109498103896,0.20231573,-0.19679376526717268,0.19679376526717268
2M9E.pdb,K8F,7,0.1847098376426794,0.26464915,0.07993931511305791,0.07993931511305791
2M9E.pdb,K8P,7,0.6400564864988012,1.9798012,1.3397446914797144,1.3397446914797144
2M9E.pdb,R9Q,8,1.1881642887269286,0.87860143,-0.30956285688030993,0.30956285688030993
2M9E.pdb,R9E,8,2.0718714328269474,1.7351991,-0.33667233900828286,0.33667233900828286
2M9E.pdb,R9N,8,2.102652277938549,1.5086665,-0.5939857625882072,0.5939857625882072
2M9E.pdb,R9D,8,2.626309996080329,2.6125593,-0.013750677537848421,0.013750677537848421
2M9E.pdb,R9K,8,0.0708383325475363,0.40186387,0.33102554045737703,0.33102554045737703
2M9E.pdb,R9T,8,1.8366428723418584,1.3642849,-0.4723579993331304,0.4723579993331304
2M9E.pdb,R9S,8,1.4139787122482708,1.3484036,-0.06557513921207692,0.06557513921207692
2M9E.pdb,R9A,8,1.3921720311190615,0.9180807,-0.47409134359617333,0.47409134359617333
2M9E.pdb,R9G,8,1.6849414897502824,1.465203,-0.2197384429515763,0.2197384429515763
2M9E.pdb,R9M,8,0.2529320033260753,0.40658474,0.1536527363589833,0.1536527363589833
2M9E.pdb,R9L,8,0.2604203687309558,0.19843805,-0.061982320368223875,0.061982320368223875
2M9E.pdb,R9V,8,0.7178784894924455,0.92077804,0.20289954662510823,0.20289954662510823
2M9E.pdb,R9I,8,0.08763260583568,0.9044966,0.8168640043289623,0.8168640043289623
2M9E.pdb,R9W,8,1.119409298268255,0.4773062,-0.6421031111153925,0.6421031111153925
2M9E.pdb,R9F,8,0.5919797965149218,0.5360952,-0.0558845945457751,0.0558845945457751
2M9E.pdb,M10Q,9,-0.0963371658049494,0.34484804,0.44118520257100163,0.44118520257100163
2M9E.pdb,M10E,9,0.2775249402886137,0.7233799,0.44585496970360433,0.44585496970360433
2M9E.pdb,M10N,9,0.5462690515735655,1.4209787,0.8747096137783021,0.8747096137783021
2M9E.pdb,M10H,9,0.1152135393894076,0.7542114,0.6389978863918424,0.6389978863918424
2M9E.pdb,M10D,9,1.5146330648020054,1.8359709,0.3213378137990688,0.3213378137990688
2M9E.pdb,M10R,9,0.1328514515888379,0.65123695,0.5183854997623278,0.5183854997623278
2M9E.pdb,M10K,9,0.3130669648852322,0.64332175,0.33025478766298555,0.33025478766298555
2M9E.pdb,M10T,9,-0.2807549578373636,0.12139264,0.4021475953285898,0.4021475953285898
2M9E.pdb,M10S,9,0.2639296588909863,0.82076055,0.5568308892237903,0.5568308892237903
2M9E.pdb,M10A,9,0.2008055502315304,0.8293041,0.6284985488514163,0.6284985488514163
2M9E.pdb,M10L,9,0.267835873596558,0.32318392,0.05534805036317403,0.05534805036317403
2M9E.pdb,M10V,9,-0.1820228968362092,-0.06976831,0.11225458724300852,0.11225458724300852
2M9E.pdb,M10Y,9,-0.2067912604013284,0.26157957,0.46837083355577785,0.46837083355577785
2M9E.pdb,M10F,9,-0.3146822424919793,0.17672437,0.4914066167862603,0.4914066167862603
2M9E.pdb,M10P,9,2.190590940863971,2.4681852,0.2775942455221374,0.2775942455221374
2M9E.pdb,F11Q,10,0.0484535932671787,0.84542185,0.7969682574141262,0.7969682574141262
2M9E.pdb,F11E,10,0.112163241079422,1.2207615,1.108598296472458,1.108598296472458
2M9E.pdb,F11N,10,-0.3143351460409076,1.3736421,1.6879772330236347,1.6879772330236347
2M9E.pdb,F11H,10,-0.2538774405355677,1.2139378,1.4678151999349818,1.4678151999349818
2M9E.pdb,F11D,10,-0.4534809932738328,1.1797063,1.6331873283415819,1.6331873283415819
2M9E.pdb,F11K,10,0.44109839853926,0.97287506,0.5317766601117104,0.5317766601117104
2M9E.pdb,F11T,10,-0.7426653075003813,1.2571781,1.999843375661392,1.999843375661392
2M9E.pdb,F11S,10,-0.3502704060756549,1.2732608,1.6235312379085407,1.6235312379085407
2M9E.pdb,F11A,10,-0.017480998845313,0.59893477,0.6164157684757451,0.6164157684757451
2M9E.pdb,F11G,10,-0.0259819206449467,0.8876277,0.9136096414777715,0.9136096414777715
2M9E.pdb,F11L,10,-0.5376711580347546,-0.14029181,0.39737934799904906,0.39737934799904906
2M9E.pdb,F11V,10,1.1605840325618677,1.2797061,0.11912208792916013,0.11912208792916013
2M9E.pdb,F11W,10,0.154436115281308,0.4201377,0.2657015881374237,0.2657015881374237
2M9E.pdb,F11Y,10,-0.473263036611943,0.6989463,1.1722093337806747,1.1722093337806747
2M9E.pdb,F11P,10,2.176932671567614,1.6449656,-0.5319670229164908,0.5319670229164908
2M9E.pdb,A12Q,11,0.3492037482598737,0.14322181,-0.20598193779978308,0.20598193779978308
2M9E.pdb,A12N,11,0.1828748144349816,0.27544606,0.09257124288465951,0.09257124288465951
2M9E.pdb,A12H,11,0.3437013380243083,0.28998774,-0.05371359512345991,0.05371359512345991
2M9E.pdb,A12D,11,0.2864801745566803,0.37424397,0.08776380012898866,0.08776380012898866
2M9E.pdb,A12R,11,0.3162966543221741,0.18222986,-0.13406679270508576,0.13406679270508576
2M9E.pdb,A12T,11,0.2679768980404651,0.2836447,0.015667807970353387,0.015667807970353387
2M9E.pdb,A12G,11,0.3620187779773509,0.29610804,-0.06591074074399822,0.06591074074399822
2M9E.pdb,A12W,11,0.4881496485011292,0.28922457,-0.1989250834719849,0.1989250834719849
2M9E.pdb,A12P,11,-0.1736110031961786,0.055555448,0.22916645113223663,0.22916645113223663
2M9E.pdb,N13Q,12,1.719757094255034,1.4718801,-0.24787701593929912,0.24787701593929912
2M9E.pdb,N13E,12,1.4845550371721516,1.2309029,-0.2536521269396077,0.2536521269396077
2M9E.pdb,N13H,12,1.5424285535028814,1.1861919,-0.35623663703712216,0.35623663703712216
2M9E.pdb,N13R,12,1.5398933834119652,1.3330455,-0.2068479007764672,0.2068479007764672
2M9E.pdb,N13K,12,1.6947955508715786,1.5816532,-0.11314231352874415,0.11314231352874415
2M9E.pdb,N13T,12,0.6507300298578116,1.0235076,0.37277756520444427,0.37277756520444427
2M9E.pdb,N13S,12,0.9455791445579886,0.7374471,-0.20813206156162023,0.20813206156162023
2M9E.pdb,N13A,12,1.7354414104544582,1.2767211,-0.45872029057378194,0.45872029057378194
2M9E.pdb,N13G,12,0.93716189159783,0.7020727,-0.23508921160133955,0.23508921160133955
2M9E.pdb,N13M,12,1.8266923560571755,1.3197297,-0.5069626702737893,0.5069626702737893
2M9E.pdb,N13L,12,2.062443385767174,1.338902,-0.723541389154625,0.723541389154625
2M9E.pdb,N13I,12,1.9527273188660572,1.8675878,-0.08513951407174569,0.08513951407174569
2M9E.pdb,N13W,12,1.2068647344122754,1.0296094,-0.17725529265507323,0.17725529265507323
2M9E.pdb,N13Y,12,1.6039265950088926,1.1560456,-0.44788103894047215,0.44788103894047215
2M9E.pdb,N13F,12,1.735607853862247,0.9061503,-0.8294575724329563,0.8294575724329563
2M9E.pdb,G14Q,13,1.5856566824323584,1.3242078,-0.261448899686997,0.261448899686997
2M9E.pdb,G14E,13,1.908045666327189,1.6400038,-0.2680418659350381,0.2680418659350381
2M9E.pdb,G14H,13,1.592996901588295,1.1573228,-0.4356741371916275,0.4356741371916275
2M9E.pdb,G14R,13,2.165374513790813,1.4002365,-0.7651380264022021,0.7651380264022021
2M9E.pdb,G14K,13,1.4897058014336682,1.283395,-0.2063107494774914,0.2063107494774914
2M9E.pdb,G14S,13,1.7708804459069232,1.2867248,-0.484155640075014,0.484155640075014
2M9E.pdb,G14A,13,1.594362138624399,1.5078571,-0.08650505435010691,0.08650505435010691
2M9E.pdb,G14M,13,1.190761705812547,1.3940685,0.20330677372541683,0.20330677372541683
2M9E.pdb,G14L,13,1.5426984181442298,1.4023298,-0.14036861563110725,0.14036861563110725
2M9E.pdb,G14I,13,1.9004486730046608,2.1106777,0.21022904611155013,0.21022904611155013
2M9E.pdb,G14W,13,1.7607753793648535,1.4482147,-0.31256072921073974,0.31256072921073974
2M9E.pdb,G14Y,13,1.3798940616254671,1.336032,-0.04386202865885336,0.04386202865885336
2M9E.pdb,G14F,13,1.7149655561478347,1.2036971,-0.5112684707672805,0.5112684707672805
2M9E.pdb,T15Q,14,-0.1881135749871196,-0.00088998675,0.18722358823365584,0.18722358823365584
2M9E.pdb,T15N,14,0.4502598493715908,0.48972142,0.039461568055472185,0.039461568055472185
2M9E.pdb,T15H,14,0.1709779838062344,0.27136478,0.10038679447402377,0.10038679447402377
2M9E.pdb,T15R,14,0.0151080472922671,0.009722054,-0.005385993287597911,0.005385993287597911
2M9E.pdb,T15K,14,-0.3278949488370579,0.014157683,0.3420526314942997,0.3420526314942997
2M9E.pdb,T15S,14,0.5290283677006675,0.34119055,-0.18783782094964518,0.18783782094964518
2M9E.pdb,T15A,14,0.2278710108654409,0.37402734,0.1461563307387919,0.1461563307387919
2M9E.pdb,T15M,14,-0.0746602933628546,0.019653082,0.0943133752567755,0.0943133752567755
2M9E.pdb,T15L,14,-0.0230418157448362,0.20024438,0.22328619776864755,0.22328619776864755
2M9E.pdb,T15V,14,-0.2486504738869968,-0.1120176,0.13663287215855746,0.13663287215855746
2M9E.pdb,T15I,14,-0.1687313220961663,-0.17576373,-0.007032404138269749,0.007032404138269749
2M9E.pdb,T15W,14,0.5191946817295641,0.2237747,-0.29541998037267625,0.29541998037267625
2M9E.pdb,T15Y,14,0.7299774135222821,0.174102,-0.5558754200807003,0.5558754200807003
2M9E.pdb,T15F,14,0.5112815589058437,0.16220337,-0.3490781873810329,0.3490781873810329
2M9E.pdb,T15P,14,1.8201712255403415,2.0275393,0.20736802769452178,0.20736802769452178
2M9E.pdb,V16Q,15,1.004512728368667,0.7950039,-0.20950883737745607,0.20950883737745607
2M9E.pdb,V16E,15,0.3518679215878859,0.6282912,0.27642326808267687,0.27642326808267687
2M9E.pdb,V16N,15,1.469607898329795,1.7273291,0.25772123661130597,0.25772123661130597
2M9E.pdb,V16H,15,0.7814034779771082,1.0221968,0.24079329173724728,0.24079329173724728
2M9E.pdb,V16D,15,1.4935839449983002,1.6223905,0.12880656365343324,0.12880656365343324
2M9E.pdb,V16R,15,1.9476184774411076,1.4292173,-0.5184011388790959,0.5184011388790959
2M9E.pdb,V16T,15,0.3574035957011272,0.6603761,0.30297247622880447,0.30297247622880447
2M9E.pdb,V16A,15,0.6400907095268833,0.88893807,0.2488473598166836,0.2488473598166836
2M9E.pdb,V16G,15,1.436814481592028,1.5576327,0.12081820311561353,0.12081820311561353
2M9E.pdb,V16M,15,0.865840228083413,0.53428656,-0.3315536694553307,0.3315536694553307
2M9E.pdb,V16L,15,0.768804817958836,0.44421166,-0.32459315614319273,0.32459315614319273
2M9E.pdb,V16I,15,-0.4691291710734599,0.14115739,0.6102865597605938,0.6102865597605938
2M9E.pdb,V16Y,15,0.2953135755508356,0.51565754,0.22034396858521177,0.22034396858521177
2M9E.pdb,V16F,15,0.1405020127107117,0.54882735,0.4083253374289062,0.4083253374289062
2M9E.pdb,V16P,15,0.652375513287847,1.5354393,0.8830637395655465,0.8830637395655465
2M9E.pdb,Y17Q,16,1.4892311346388178,2.3193483,0.8301172006272954,0.8301172006272954
2M9E.pdb,Y17E,16,1.5647894608007689,2.6674943,1.102704836226819,1.102704836226819
2M9E.pdb,Y17N,16,2.9778867548658554,2.8393629,-0.13852389513990326,0.13852389513990326
2M9E.pdb,Y17H,16,1.9870656666539448,1.6463807,-0.340685003735854,0.340685003735854
2M9E.pdb,Y17D,16,1.913069816002023,2.9797807,1.06671085797869,1.06671085797869
2M9E.pdb,Y17R,16,2.0174086985270927,2.3303497,0.312940985234504,0.312940985234504
2M9E.pdb,Y17K,16,2.013140856208242,2.6215491,0.608408273277842,0.608408273277842
2M9E.pdb,Y17T,16,2.22422525241214,2.272556,0.04833081410092133,0.04833081410092133
2M9E.pdb,Y17S,16,1.846898786414624,2.4576833,0.6107845383992188,0.6107845383992188
2M9E.pdb,Y17A,16,2.2045303529491225,2.2341237,0.02959335386850448,0.02959335386850448
2M9E.pdb,Y17L,16,1.0406041497547334,1.7803136,0.7397094612758452,0.7397094612758452
2M9E.pdb,Y17V,16,0.958054776123892,1.717923,0.7598682690344942,0.7598682690344942
2M9E.pdb,Y17I,16,0.6007149349329941,1.6375306,1.0368156303288467,1.0368156303288467
2M9E.pdb,Y17W,16,0.6460046110198459,0.630955,-0.015049630169626127,0.015049630169626127
2M9E.pdb,Y17P,16,2.9511974482937484,3.075777,0.1245796055392594,0.1245796055392594
2M9E.pdb,Y18E,17,2.629063919590332,3.0257921,0.3967282022968752,0.3967282022968752
2M9E.pdb,Y18N,17,3.278775230957655,2.9896617,-0.28911353738465717,0.28911353738465717
2M9E.pdb,Y18H,17,3.53273423273543,2.0309007,-1.5018335159538139,1.5018335159538139
2M9E.pdb,Y18D,17,2.8595507288705138,2.851161,-0.00838972575772079,0.00838972575772079
2M9E.pdb,Y18K,17,3.91586228124776,3.1127748,-0.8030874323097716,0.8030874323097716
2M9E.pdb,Y18T,17,3.7563640751823937,2.6497893,-1.1065747418388878,1.1065747418388878
2M9E.pdb,Y18L,17,3.4295667876985205,2.3417268,-1.0878400077607764,1.0878400077607764
2M9E.pdb,Y18V,17,2.9417631681914997,2.5081906,-0.43357253632504467,0.43357253632504467
2M9E.pdb,Y18I,17,2.7769755720028826,2.379364,-0.3976115583310076,0.3976115583310076
2M9E.pdb,Y18W,17,0.2859634437815144,0.95023596,0.6642725190862224,0.6642725190862224
2M9E.pdb,Y18F,17,0.4811430137999419,1.1304058,0.6492627698533173,0.6492627698533173
2M9E.pdb,Y18P,17,2.561104057046941,2.978429,0.4173250220088449,0.4173250220088449
2M9E.pdb,F19Q,18,1.8936514519449223,1.3958778,-0.4977736138101567,0.4977736138101567
2M9E.pdb,F19E,18,1.7611563548345703,1.7862093,0.025052990029321265,0.025052990029321265
2M9E.pdb,F19N,18,2.1224094825732696,2.153089,0.030679563905001928,0.030679563905001928
2M9E.pdb,F19H,18,0.6481065474589878,1.0120032,0.3638966359058804,0.3638966359058804
2M9E.pdb,F19D,18,2.706619607480506,2.4397666,-0.26685296204898723,0.26685296204898723
2M9E.pdb,F19R,18,1.867479021503556,1.5813328,-0.28614621873103396,0.28614621873103396
2M9E.pdb,F19K,18,1.5884728715314491,1.6774366,0.08896371866325303,0.08896371866325303
2M9E.pdb,F19T,18,1.6103566885995009,1.499682,-0.11067473898402236,0.11067473898402236
2M9E.pdb,F19S,18,2.0929088019253195,1.7572536,-0.33565515507473354,0.33565515507473354
2M9E.pdb,F19G,18,2.441875206317881,2.139896,-0.3019792903327736,0.3019792903327736
2M9E.pdb,F19M,18,1.7003435565115517,0.8837662,-0.8165773821951454,0.8165773821951454
2M9E.pdb,F19L,18,1.5812917698104678,1.0475895,-0.5337022293289004,0.5337022293289004
2M9E.pdb,F19V,18,0.8610978702881802,0.97010225,0.1090043802878391,0.1090043802878391
2M9E.pdb,F19I,18,1.0590306123314863,0.82138973,-0.23764087758646069,0.23764087758646069
2M9E.pdb,F19W,18,0.3838576916026737,0.29224235,-0.09161534340855138,0.09161534340855138
2M9E.pdb,F19Y,18,-0.3162716840857023,-0.09705603,0.21921565285859046,0.21921565285859046
2M9E.pdb,F19P,18,2.766173678372001,2.8486788,0.08250514891376559,0.08250514891376559
2M9E.pdb,N20Q,19,1.993275189204943,2.3012035,0.3079283000986459,0.3079283000986459
2M9E.pdb,N20E,19,1.9003486750096004,2.1189427,0.21859406256974534,0.21859406256974534
2M9E.pdb,N20H,19,1.2529542481208156,1.2255478,-0.027406457593471822,0.027406457593471822
2M9E.pdb,N20K,19,2.501343463049861,2.4895096,-0.011833880530329743,0.011833880530329743
2M9E.pdb,N20T,19,2.334367668445384,2.4557428,0.12137516755315136,0.12137516755315136
2M9E.pdb,N20S,19,1.0590191479949294,1.7553855,0.6963663700791063,0.6963663700791063
2M9E.pdb,N20A,19,2.369524916641781,2.3418453,-0.02767964267022327,0.02767964267022327
2M9E.pdb,N20G,19,2.567620872980571,2.0730672,-0.4945536847176317,0.4945536847176317
2M9E.pdb,N20M,19,2.1681111746136934,2.0937302,-0.07438096335575883,0.07438096335575883
2M9E.pdb,N20L,19,1.1647904636875877,1.7953907,0.6306002614482156,0.6306002614482156
2M9E.pdb,N20V,19,1.9241013617983669,1.8859758,-0.03812552409084735,0.03812552409084735
2M9E.pdb,N20I,19,1.8085629004812525,2.1404738,0.33191094213959715,0.33191094213959715
2M9E.pdb,N20W,19,1.6388497440783008,1.8610753,0.22222553801856204,0.22222553801856204
2M9E.pdb,N20Y,19,1.1745646232607734,1.8489565,0.674391842460357,0.674391842460357
2M9E.pdb,N20P,19,2.763979080385904,2.7635608,-0.0004183084437654472,0.0004183084437654472
2M9E.pdb,H21E,20,0.4517298587176732,0.90731025,0.45558038870359147,0.45558038870359147
2M9E.pdb,H21N,20,-0.0800606692383829,0.5889028,0.6689634407113139,0.6689634407113139
2M9E.pdb,H21D,20,1.095246880779609,1.1790411,0.0837942664524467,0.0837942664524467
2M9E.pdb,H21R,20,-0.1153591710772916,0.32231244,0.43767161552576267,0.43767161552576267
2M9E.pdb,H21T,20,-0.7324381110353486,0.122680426,0.8551185366792695,0.8551185366792695
2M9E.pdb,H21S,20,-0.136447123793316,0.39283398,0.5292811017310144,0.5292811017310144
2M9E.pdb,H21A,20,-0.1752721996155184,0.6949652,0.8702373833504122,0.8702373833504122
2M9E.pdb,H21G,20,0.8301965751709943,0.93727434,0.10707776164388605,0.10707776164388605
2M9E.pdb,H21M,20,-0.2222509526824261,0.5537219,0.7759728574370648,0.7759728574370648
2M9E.pdb,H21L,20,-0.5229984721418441,0.4734301,0.996428569244963,0.996428569244963
2M9E.pdb,H21V,20,-0.7671812896245935,0.31095722,1.0781385128015497,1.0781385128015497
2M9E.pdb,H21I,20,-0.7165916390594087,0.3011977,1.0177893467124544,1.0177893467124544
2M9E.pdb,H21F,20,-0.4231780197579384,0.09910664,0.5222846593815804,0.5222846593815804
2M9E.pdb,H21P,20,0.5848906255425708,1.923526,1.3386354231177076,1.3386354231177076
2M9E.pdb,I22Q,21,0.3364050269176815,0.674548,0.3381429433772709,0.3381429433772709
2M9E.pdb,I22E,21,0.198151821523612,0.90110904,0.7029572182598658,0.7029572182598658
2M9E.pdb,I22N,21,0.4711552557200997,0.9460377,0.4748824539928825,0.4748824539928825
2M9E.pdb,I22H,21,0.0660190217185969,0.7556169,0.6895978815864569,0.6895978815864569
2M9E.pdb,I22D,21,0.447425151390469,1.1554549,0.7080297226482273,0.7080297226482273
2M9E.pdb,I22R,21,0.6530601773735052,0.7610762,0.1080160345558161,0.1080160345558161
2M9E.pdb,I22K,21,0.3797310724470031,0.7429647,0.3632336125162232,0.3632336125162232
2M9E.pdb,I22T,21,0.4731538785006837,0.8054011,0.3322472083065673,0.3322472083065673
2M9E.pdb,I22A,21,0.4565506475695828,0.8394716,0.38292093102843966,0.38292093102843966
2M9E.pdb,I22M,21,0.0772982542713958,0.40102816,0.3237299020091218,0.3237299020091218
2M9E.pdb,I22L,21,-0.1760750013777885,0.17470163,0.3507766324469719,0.3507766324469719
2M9E.pdb,I22V,21,0.1819358816223326,0.33019516,0.14825927709768388,0.14825927709768388
2M9E.pdb,I22W,21,0.406963751838548,0.6351572,0.22819347567762632,0.22819347567762632
2M9E.pdb,I22Y,21,-0.1254003307497262,0.62694305,0.7523433825647592,0.7523433825647592
2M9E.pdb,I22F,21,-0.0914960250791199,0.60598886,0.69748488520943,0.69748488520943
2M9E.pdb,T23Q,22,1.3936993361854468,1.3180797,-0.07561962617873297,0.07561962617873297
2M9E.pdb,T23E,22,1.211474031749351,1.4303737,0.2188996369213032,0.2188996369213032
2M9E.pdb,T23N,22,0.8049975799727895,0.9259352,0.1209376288246653,0.1209376288246653
2M9E.pdb,T23H,22,1.3355332672782183,1.215815,-0.11971831919624809,0.11971831919624809
2M9E.pdb,T23D,22,1.1036968879901383,1.0177822,-0.08591467668642738,0.08591467668642738
2M9E.pdb,T23R,22,1.7405063492420374,1.3321435,-0.40836280409128056,0.40836280409128056
2M9E.pdb,T23S,22,0.530045116377011,0.50381154,-0.026233578157559112,0.026233578157559112
2M9E.pdb,T23G,22,1.541448209692576,1.4424223,-0.09902593891773459,0.09902593891773459
2M9E.pdb,T23M,22,1.1080436240572629,1.2434139,0.13537030111363557,0.13537030111363557
2M9E.pdb,T23V,22,1.7344867429334838,1.1976475,-0.5368392905790527,0.5368392905790527
2M9E.pdb,T23I,22,1.228504469546991,1.2466885,0.01818401559857774,0.01818401559857774
2M9E.pdb,T23W,22,1.0582599487334834,1.1734719,0.11521197890933887,0.11521197890933887
2M9E.pdb,T23Y,22,1.2134034291353053,1.0632668,-0.15013667498491468,0.15013667498491468
2M9E.pdb,T23F,22,1.087906804301208,1.1325464,0.04463962056451476,0.04463962056451476
2M9E.pdb,T23P,22,2.196120469050308,2.104809,-0.09131142325868202,0.09131142325868202
2M9E.pdb,N24Q,23,-0.250314140872792,0.3525918,0.6029059534834182,0.6029059534834182
2M9E.pdb,N24H,23,-0.2571774954188126,0.2894171,0.5465945834505814,0.5465945834505814
2M9E.pdb,N24D,23,1.022365881463932,0.6727402,-0.34962566044037247,0.34962566044037247
2M9E.pdb,N24R,23,0.1658006057639065,0.4254964,0.25969579363871187,0.25969579363871187
2M9E.pdb,N24K,23,-0.2952589921884914,0.39668274,0.6919417314463039,0.6919417314463039
2M9E.pdb,N24T,23,0.9677215764752278,1.0566527,0.0889310886630168,0.0889310886630168
2M9E.pdb,N24S,23,0.070023537797621,0.5759012,0.5058776725104539,0.5058776725104539
2M9E.pdb,N24A,23,0.4049695340807773,0.6089877,0.20401815493747222,0.20401815493747222
2M9E.pdb,N24G,23,-0.9643872952976212,0.16189516,1.1262824512042986,1.1262824512042986
2M9E.pdb,N24L,23,-0.3785816159947535,0.5295857,0.908167335103335,0.908167335103335
2M9E.pdb,N24V,23,1.520854967113167,1.16791,-0.35294498729291557,0.35294498729291557
2M9E.pdb,N24I,23,1.3891190894698888,1.2292056,-0.1599134811019689,0.1599134811019689
2M9E.pdb,N24W,23,1.080151321539122,0.7096176,-0.37053370679302833,0.37053370679302833
2M9E.pdb,N24Y,23,0.8575086018578499,0.71720797,-0.14030063362283407,0.14030063362283407
2M9E.pdb,N24F,23,0.3083779781562912,0.6390578,0.33067983691862946,0.33067983691862946
2M9E.pdb,N24C,23,-0.2819556166008556,-0.069895744,0.21205987227712514,0.21205987227712514
2M9E.pdb,A25Q,24,-0.605480201065109,-0.3814643,0.22401589852528359,0.22401589852528359
2M9E.pdb,A25E,24,-0.5747508162443307,-0.26353726,0.3112135583345559,0.3112135583345559
2M9E.pdb,A25N,24,0.3500545728656927,0.3075861,-0.04246846918794306,0.04246846918794306
2M9E.pdb,A25H,24,-0.0320263286717956,0.06480247,0.09682879649482416,0.09682879649482416
2M9E.pdb,A25D,24,0.5037555477136078,0.29506084,-0.20869470448431393,0.20869470448431393
2M9E.pdb,A25R,24,0.0065455942580148,0.053808685,0.04726309113412654,0.04726309113412654
2M9E.pdb,A25K,24,-0.2047555008558816,-0.041557718,0.1631977827875203,0.1631977827875203
2M9E.pdb,A25T,24,-0.2507050136604869,-0.09342399,0.15728102126508592,0.15728102126508592
2M9E.pdb,A25S,24,0.0628166773464453,0.07287699,0.010060312495015877,0.010060312495015877
2M9E.pdb,A25G,24,1.0419602919962294,0.6605412,-0.38141911520026994,0.38141911520026994
2M9E.pdb,A25M,24,-0.2203775190038586,-0.33540413,-0.11502660883236882,0.11502660883236882
2M9E.pdb,A25L,24,-0.2095698496390117,-0.1559928,0.05357704368121752,0.05357704368121752
2M9E.pdb,A25V,24,-0.4526164300940825,-0.05083939,0.4017770394883944,0.4017770394883944
2M9E.pdb,A25I,24,-0.3725909470618354,-0.17473736,0.19785358300810918,0.19785358300810918
2M9E.pdb,A25Y,24,0.5975420569169483,-0.017385084,-0.6149271410989723,0.6149271410989723
2M9E.pdb,A25F,24,0.4471033716633585,0.020854816,-0.4262485558226374,0.4262485558226374
2M9E.pdb,S26Q,25,-0.1508666363619362,-0.13302375,0.017842882599691023,0.017842882599691023
2M9E.pdb,S26E,25,0.1965703081725025,0.1592723,-0.03729800995568275,0.03729800995568275
2M9E.pdb,S26N,25,0.8569586050393112,0.8390862,-0.01787243007440642,0.01787243007440642
2M9E.pdb,S26H,25,-0.039931383441047,0.06412704,0.10405842633064202,0.10405842633064202
2M9E.pdb,S26D,25,1.7650855820955198,1.2190965,-0.5459890406907957,0.5459890406907957
2M9E.pdb,S26R,25,-0.1084982485307,0.17154081,0.2800390601886056,0.2800390601886056
2M9E.pdb,S26K,25,0.1068508194860218,0.26274943,0.15589861403143424,0.15589861403143424
2M9E.pdb,S26T,25,-0.3994234456312582,-0.23235561,0.16706783609508724,0.16706783609508724
2M9E.pdb,S26A,25,-0.1015684966235905,-0.08047948,0.021089016297414817,0.021089016297414817
2M9E.pdb,S26G,25,0.4289430734842003,0.8404336,0.41149052408049697,0.41149052408049697
2M9E.pdb,S26M,25,-0.7307333036902897,-0.70532006,0.02541324343714635,0.02541324343714635
2M9E.pdb,S26L,25,-0.4611368514305636,-0.30618423,0.15495261919560877,0.15495261919560877
2M9E.pdb,S26V,25,-0.6477779897373654,-0.5902034,0.05757458531079074,0.05757458531079074
2M9E.pdb,S26I,25,-0.8551846464804465,-0.68613315,0.1690515001944357,0.1690515001944357
2M9E.pdb,S26W,25,-0.981087698172158,-0.50989527,0.47119243306977154,0.47119243306977154
2M9E.pdb,S26Y,25,-0.1503612512255046,-0.55193394,-0.4015726929998067,0.4015726929998067
2M9E.pdb,S26F,25,-0.3552884008201857,-0.61880594,-0.2635175440994005,0.2635175440994005
2M9E.pdb,S26P,25,2.083248872931584,1.8518621,-0.231386799986943,0.231386799986943
2M9E.pdb,Q27E,26,1.7042011873187433,0.7188538,-0.9853474156321893,0.9853474156321893
2M9E.pdb,Q27N,26,1.572021955935671,1.3001997,-0.27182220885009967,0.27182220885009967
2M9E.pdb,Q27H,26,1.2294170592366411,0.8970126,-0.3324044678746416,0.3324044678746416
2M9E.pdb,Q27D,26,1.9254429416367165,1.5885063,-0.3369366006561867,0.3369366006561867
2M9E.pdb,Q27R,26,1.4308557677565723,0.6004245,-0.8304312396346241,0.8304312396346241
2M9E.pdb,Q27K,26,1.1680116587024498,0.5887903,-0.5792213611942101,0.5792213611942101
2M9E.pdb,Q27S,26,0.3120899179716421,0.67079985,0.3587099334458994,0.3587099334458994
2M9E.pdb,Q27A,26,0.7101790612795922,0.48224294,-0.2279361194232079,0.2279361194232079
2M9E.pdb,Q27G,26,1.965093889591104,1.3174982,-0.6475956824988189,0.6475956824988189
2M9E.pdb,Q27M,26,0.5548460917490292,-0.29560822,-0.8504543142336178,0.8504543142336178
2M9E.pdb,Q27L,26,1.232010637834535,0.25140542,-0.9806052199153761,0.9806052199153761
2M9E.pdb,Q27I,26,0.5635341395917166,-0.112673104,-0.6762072434010733,0.6762072434010733
2M9E.pdb,Q27W,26,1.0361725800652402,0.72724855,-0.3089240306038754,0.3089240306038754
2M9E.pdb,Q27Y,26,1.3876203754584042,0.61547786,-0.7721425154844967,0.7721425154844967
2M9E.pdb,Q27F,26,1.2141987085838026,0.43029678,-0.7839019299049086,0.7839019299049086
2M9E.pdb,F28Q,27,0.7379180588806973,1.2268872,0.48896916722403905,0.48896916722403905
2M9E.pdb,F28E,27,0.7068529710254943,1.2948654,0.5880123987712587,0.5880123987712587
2M9E.pdb,F28N,27,0.6974311134861653,1.4760005,0.7785694339228924,0.7785694339228924
2M9E.pdb,F28H,27,0.5646118376695948,1.1229995,0.5583877112424536,0.5583877112424536
2M9E.pdb,F28D,27,1.12860503867004,1.5529445,0.4243395023074381,0.4243395023074381
2M9E.pdb,F28R,27,0.6085369191544361,1.4566679,0.8481309809310131,0.8481309809310131
2M9E.pdb,F28K,27,0.5459063001392126,1.2430048,0.6970984987499476,0.6970984987499476
2M9E.pdb,F28T,27,0.1828056793620014,1.0747458,0.8919400949071026,0.8919400949071026
2M9E.pdb,F28S,27,0.6958815846886441,1.2846274,0.5887458529029086,0.5887458529029086
2M9E.pdb,F28A,27,0.4868224502438463,1.1657715,0.6789490341311537,0.6789490341311537
2M9E.pdb,F28G,27,1.1372754396514193,1.3232722,0.1859967885895475,0.1859967885895475
2M9E.pdb,F28M,27,0.1372994920714978,0.43835604,0.30105654983676633,0.30105654983676633
2M9E.pdb,F28L,27,-0.0964995504693142,0.6743649,0.7708644749001614,0.7708644749001614
2M9E.pdb,F28V,27,0.3337776033399939,1.0446253,0.7108476789476037,0.7108476789476037
2M9E.pdb,F28I,27,0.1119171714178164,0.7861334,0.6742162371286313,0.6742162371286313
2M9E.pdb,F28W,27,0.1599436945784527,0.36703676,0.20709306527491034,0.20709306527491034
2M9E.pdb,F28Y,27,-0.0177971170760433,0.4032904,0.42108750804436607,0.42108750804436607
2M9E.pdb,F28P,27,0.7999049461676111,1.5752674,0.7753624879525671,0.7753624879525671
2M9E.pdb,E29Q,28,0.2743511582666911,0.046871126,-0.2274800325686015,0.2274800325686015
2M9E.pdb,E29N,28,0.640629808967343,0.35427698,-0.28635282403730455,0.28635282403730455
2M9E.pdb,E29H,28,0.5447408448089046,0.25854182,-0.28619902237543293,0.28619902237543293
2M9E.pdb,E29D,28,0.0532040181523587,0.34756944,0.29436541768252594,0.29436541768252594
2M9E.pdb,E29R,28,1.3298789999376357,0.27420098,-1.0556780240427077,1.0556780240427077
2M9E.pdb,E29K,28,0.985014723400892,0.17677568,-0.8082390444086206,0.8082390444086206
2M9E.pdb,E29T,28,-1.4776499995633454,0.18858597,1.6662359663888306,1.6662359663888306
2M9E.pdb,E29S,28,0.9830364370925566,0.17969869,-0.8033377463205,0.8033377463205
2M9E.pdb,E29A,28,0.6288654666880893,0.105060965,-0.5238045018653201,0.5238045018653201
2M9E.pdb,E29G,28,0.8647467771264887,0.46226826,-0.40247851402491097,0.40247851402491097
2M9E.pdb,E29M,28,0.836145606070192,0.1432031,-0.6929425114685608,0.6929425114685608
2M9E.pdb,E29L,28,0.739540126363341,0.22986871,-0.5096714163222948,0.5096714163222948
2M9E.pdb,E29V,28,0.7172942246184526,0.27581972,-0.44147450578071457,0.44147450578071457
2M9E.pdb,E29I,28,0.7190503053003323,0.2689318,-0.4501184992128384,0.4501184992128384
2M9E.pdb,E29W,28,0.395052282286167,0.3863855,-0.00866678185510622,0.00866678185510622
2M9E.pdb,E29F,28,0.3717579721377158,0.3915094,0.01975144158146147,0.01975144158146147
2M9E.pdb,E29P,28,1.0630999013027738,1.5058436,0.44274373807100553,0.44274373807100553
2M9E.pdb,R30Q,29,0.329909007341048,0.24127898,-0.08863003113903689,0.08863003113903689
2M9E.pdb,R30E,29,0.0361774858361134,0.63159925,0.5954217616194836,0.5954217616194836
2M9E.pdb,R30N,29,0.057253628074612,1.4709847,1.4137310692673069,1.4137310692673069
2M9E.pdb,R30H,29,-0.1909988869552465,0.96486354,1.155862425697312,1.155862425697312
2M9E.pdb,R30D,29,0.1663189512738538,1.9599952,1.7936761992922472,1.7936761992922472
2M9E.pdb,R30T,29,0.4578169959854237,0.75171083,0.29389383613356435,0.29389383613356435
2M9E.pdb,R30A,29,0.3669072886917734,0.44038,0.0734727183368063,0.0734727183368063
2M9E.pdb,R30G,29,1.808650345072368,1.393044,-0.41560635016880365,0.41560635016880365
2M9E.pdb,R30M,29,0.0615605005788233,0.3849847,0.32342420129304866,0.32342420129304866
2M9E.pdb,R30L,29,-0.0201738851880604,0.5688514,0.5890252965306813,0.5890252965306813
2M9E.pdb,R30V,29,-0.0416455318362869,0.35087383,0.392519359770552,0.392519359770552
2M9E.pdb,R30W,29,-0.1904735473168735,0.67818135,0.8686548975480441,0.8686548975480441
2M9E.pdb,R30Y,29,-0.2179123386183796,0.48877653,0.7066888734141408,0.7066888734141408
2M9E.pdb,R30F,29,-0.4869540328783377,0.6321657,1.1191197032732352,1.1191197032732352
2M9E.pdb,R30P,29,-0.0206121880105629,1.6035225,1.624134727149357,1.624134727149357
2M9E.pdb,P31Q,30,2.433217087979998,2.2470295,-0.18618754505702428,0.18618754505702428
2M9E.pdb,P31E,30,2.5238091348268923,2.4499316,-0.07387751327537861,0.07387751327537861
2M9E.pdb,P31N,30,2.5087873328064387,2.1298926,-0.37889474514469557,0.37889474514469557
2M9E.pdb,P31H,30,2.498382867737536,2.341313,-0.1570699824531121,0.1570699824531121
2M9E.pdb,P31D,30,2.8668368511354223,2.5540075,-0.31282932092301996,0.31282932092301996
2M9E.pdb,P31R,30,3.039950452098897,2.2241943,-0.815756163845113,0.815756163845113
2M9E.pdb,P31K,30,2.040051916815696,2.152738,0.11268617751413812,0.11268617751413812
2M9E.pdb,P31T,30,2.495273899874558,2.5423865,0.04711263195527593,0.04711263195527593
2M9E.pdb,P31S,30,2.1778043030908765,2.0659347,-0.11186964504033936,0.11186964504033936
2M9E.pdb,P31A,30,2.6162464931792435,1.5751919,-1.0410546377486405,1.0410546377486405
2M9E.pdb,P31G,30,2.5660716322460573,2.0157642,-0.550307395795862,0.550307395795862
2M9E.pdb,P31M,30,2.5258887684530484,1.8226821,-0.703206626195358,0.703206626195358
2M9E.pdb,P31L,30,2.274156201097956,1.4538722,-0.8202839972710518,0.8202839972710518
2M9E.pdb,P31V,30,2.217770586475651,1.8737638,-0.34400678680829255,0.34400678680829255
2M9E.pdb,P31I,30,2.387849623176319,1.9162631,-0.4715865196912117,0.4715865196912117
2M9E.pdb,P31W,30,2.3231205612040293,2.1513152,-0.17180534895427346,0.17180534895427346
2M9E.pdb,P31Y,30,2.87173251020506,2.0810857,-0.790646828289777,0.790646828289777
2M9E.pdb,P31F,30,2.352378476706855,1.9186587,-0.43371974333893526,0.43371974333893526
2M9E.pdb,S32Q,31,-0.1681551620362888,-0.012360111,0.1557950511573444,0.1557950511573444
2M9E.pdb,S32E,31,-0.0626443390044224,0.008624263,0.07126860211219904,0.07126860211219904
2M9E.pdb,S32N,31,-0.0457967488207753,0.1521043,0.19790105206155137,0.19790105206155137
2M9E.pdb,S32H,31,0.0637239968166807,0.11524502,0.051521025062992304,0.051521025062992304
2M9E.pdb,S32D,31,-0.0502152212099362,0.17227177,0.2224869944290448,0.2224869944290448
2M9E.pdb,S32K,31,0.0995855755365529,0.033138007,-0.06644756861097001,0.06644756861097001
2M9E.pdb,S32T,31,-0.3681193941331981,0.068931945,0.4370513388014911,0.4370513388014911
2M9E.pdb,S32A,31,0.1192195328662246,0.012503438,-0.10671609516833717,0.10671609516833717
2M9E.pdb,S32G,31,-0.2761553108735928,0.20143175,0.4775870621248135,0.4775870621248135
2M9E.pdb,S32M,31,-0.0612026279414377,0.14084469,0.2020473157609186,0.2020473157609186
2M9E.pdb,S32L,31,-0.0801835176171827,0.06134896,0.14153247742076394,0.14153247742076394
2M9E.pdb,S32V,31,-0.2815327309042281,0.042622894,0.3241556249529189,0.3241556249529189
2M9E.pdb,S32I,31,-0.1486431201011879,0.10465715,0.2533002709061844,0.2533002709061844
2M9E.pdb,S32W,31,0.4152594347321039,0.22756037,-0.1876990635715967,0.1876990635715967
2M9E.pdb,S32Y,31,0.2410816737540031,0.25705498,0.015973310815546454,0.015973310815546454
2M9E.pdb,S32F,31,0.029135152907072,0.36788437,0.33874921479731945,0.33874921479731945
2M9E.pdb,S32P,31,0.1540772703529347,0.09213908,-0.061938190186117986,0.061938190186117986
2M9F.pdb,K1Q,0,-0.2301314380066661,0.07920788,0.30933932029178424,0.30933932029178424
2M9F.pdb,K1E,0,-0.3279964728694078,0.0922824,0.42027887240458695,0.42027887240458695
2M9F.pdb,K1N,0,-0.0768013660910313,0.07878965,0.15559101748492168,0.15559101748492168
2M9F.pdb,K1H,0,0.0713872181385038,0.10117073,0.029783515432548757,0.029783515432548757
2M9F.pdb,K1D,0,-0.3904138625583107,0.107192114,0.49760597655386274,0.49760597655386274
2M9F.pdb,K1R,0,0.0659603417865146,0.13697231,0.07101196637235992,0.07101196637235992
2M9F.pdb,K1T,0,-0.0645690208199987,0.10404862,0.16861763800416085,0.16861763800416085
2M9F.pdb,K1S,0,-0.1397548043165546,-0.0010351539,0.1387196504507404,0.1387196504507404
2M9F.pdb,K1A,0,-0.1811610622230191,-0.06328313,0.11787793169647642,0.11787793169647642
2M9F.pdb,K1G,0,-0.1446003511474645,0.060993984,0.2055943354890859,0.2055943354890859
2M9F.pdb,K1M,0,-0.0027459374154177,0.16751671,0.17026264578944114,0.17026264578944114
2M9F.pdb,K1L,0,-0.1003122743347231,0.14350642,0.24381869697361624,0.24381869697361624
2M9F.pdb,K1V,0,-0.1186812189631516,0.15609872,0.27477994237471165,0.27477994237471165
2M9F.pdb,K1I,0,-0.0753665836023054,0.24161758,0.3169841588901243,0.3169841588901243
2M9F.pdb,K1W,0,0.0370518305334441,0.1652931,0.1282412669625886,0.1282412669625886
2M9F.pdb,K1Y,0,0.0980573055674685,0.20034501,0.1022877039978849,0.1022877039978849
2M9F.pdb,K1F,0,0.0323356855580923,0.30367815,0.27134246938728124,0.27134246938728124
2M9F.pdb,K1P,0,-0.3969764191560325,0.1853506,0.5823270160607872,0.5823270160607872
2M9F.pdb,L2Q,1,2.0386472614087703,1.7710812,-0.267566052226031,0.267566052226031
2M9F.pdb,L2E,1,0.7572746049647203,1.3595427,0.6022681225056776,0.6022681225056776
2M9F.pdb,L2N,1,2.2019920462172395,1.658499,-0.5434930437605745,0.5434930437605745
2M9F.pdb,L2H,1,2.416563269666209,1.6520741,-0.7644891710791728,0.7644891710791728
2M9F.pdb,L2D,1,1.5248640774723998,1.0492473,-0.4756168126103393,0.4756168126103393
2M9F.pdb,L2R,1,2.504561967871309,2.0682964,-0.43626553537619195,0.43626553537619195
2M9F.pdb,L2K,1,1.2148283440130807,1.9124613,0.6976329368096732,0.6976329368096732
2M9F.pdb,L2T,1,1.815781538008678,1.2892332,-0.5265483303060412,0.5265483303060412
2M9F.pdb,L2S,1,2.292172753953605,1.4906161,-0.8015566708084636,0.8015566708084636
2M9F.pdb,L2A,1,1.831460753113891,1.5532844,-0.2781763464519036,0.2781763464519036
2M9F.pdb,L2G,1,2.2504670922824355,1.365637,-0.8848301475116225,0.8848301475116225
2M9F.pdb,L2M,1,0.8123726140545013,0.9648391,0.15246648678320618,0.15246648678320618
2M9F.pdb,L2V,1,1.7399841030561345,1.121422,-0.6185620506727116,0.6185620506727116
2M9F.pdb,L2I,1,1.2478275680371809,0.92508113,-0.3227464341947126,0.3227464341947126
2M9F.pdb,L2W,1,1.5965566608314428,1.3729693,-0.22358739107894032,0.22358739107894032
2M9F.pdb,L2Y,1,1.423620229409019,1.389852,-0.033768182442466266,0.033768182442466266
2M9F.pdb,L2F,1,1.6057768427969608,1.2740967,-0.33168011542574494,0.33168011542574494
2M9F.pdb,L2P,1,0.3433879454109738,1.2049468,0.8615588109519412,0.8615588109519412
2M9F.pdb,P3Q,2,1.4605619732125614,1.6709334,0.21037139260927695,0.21037139260927695
2M9F.pdb,P3E,2,1.2848265696925294,1.7966802,0.5118536423283446,0.5118536423283446
2M9F.pdb,P3N,2,1.7365044687043032,1.5656791,-0.17082539537056296,0.17082539537056296
2M9F.pdb,P3H,2,1.7083422684292615,1.5732609,-0.13508136507080204,0.13508136507080204
2M9F.pdb,P3D,2,1.2804517275605816,1.6657219,0.3852701657499653,0.3852701657499653
2M9F.pdb,P3R,2,1.802985230902425,1.7549369,-0.04804829738496896,0.04804829738496896
2M9F.pdb,P3K,2,1.6980727368943316,1.695717,-0.0023557597748857795,0.0023557597748857795
2M9F.pdb,P3T,2,1.78349001895963,1.778717,-0.004772977944005108,0.004772977944005108
2M9F.pdb,P3S,2,1.3794570080322788,1.5344015,0.15494452795557523,0.15494452795557523
2M9F.pdb,P3A,2,1.0512611349798442,1.391022,0.3397608319543599,0.3397608319543599
2M9F.pdb,P3G,2,0.991859500227608,1.7050445,0.7131850077527386,0.7131850077527386
2M9F.pdb,P3M,2,1.394783136221451,1.6266255,0.23184240165086356,0.23184240165086356
2M9F.pdb,P3L,2,1.143022144771948,1.4123101,0.26928797867165555,0.26928797867165555
2M9F.pdb,P3V,2,1.9295942654436848,1.5824087,-0.34718559883296707,0.34718559883296707
2M9F.pdb,P3I,2,1.765588103201723,1.4918934,-0.2736946925190449,0.2736946925190449
2M9F.pdb,P3W,2,1.375353500832432,1.4309666,0.055613114844447864,0.055613114844447864
2M9F.pdb,P3Y,2,1.6222791041782394,1.3824724,-0.23980670828132777,0.23980670828132777
2M9F.pdb,P3F,2,1.933253965992686,1.3092175,-0.6240365129897563,0.6240365129897563
2M9F.pdb,P3C,2,0.998791128428548,1.1828911,0.1841000020188397,0.1841000020188397
2M9F.pdb,P4Q,3,0.3928012193859369,0.22927317,-0.16352804915316405,0.16352804915316405
2M9F.pdb,P4E,3,0.1742973491477157,0.0734156,-0.10088174938432229,0.10088174938432229
2M9F.pdb,P4N,3,0.4342274481655557,0.34027112,-0.09395633286251615,0.09395633286251615
2M9F.pdb,P4H,3,0.1511303640735675,0.14970016,-0.0014301992786456275,0.0014301992786456275
2M9F.pdb,P4D,3,0.2545510652431546,0.2859417,0.03139062496337314,0.03139062496337314
2M9F.pdb,P4R,3,0.5003763542596302,0.37575778,-0.1246185706082783,0.1246185706082783
2M9F.pdb,P4K,3,0.4314967365514133,0.24618831,-0.18530842378247714,0.18530842378247714
2M9F.pdb,P4T,3,0.5822394321953337,0.17313749,-0.40910194621434615,0.40910194621434615
2M9F.pdb,P4S,3,0.3845612962108431,0.23141879,-0.15314250777776817,0.15314250777776817
2M9F.pdb,P4A,3,0.2063103609327559,0.0024007857,-0.20390957524817033,0.20390957524817033
2M9F.pdb,P4G,3,0.7044518555323767,0.423214,-0.2812378669898199,0.2812378669898199
2M9F.pdb,P4M,3,0.3225498881451867,0.14440382,-0.1781460728757165,0.1781460728757165
2M9F.pdb,P4L,3,0.2459453280889074,0.09868908,-0.14725624880423943,0.14725624880423943
2M9F.pdb,P4V,3,0.456270978957904,-0.1042251,-0.5604960780446655,0.5604960780446655
2M9F.pdb,P4I,3,0.3495054361951912,-0.015616164,-0.36512159980660325,0.36512159980660325
2M9F.pdb,P4W,3,-0.0395820087121134,-0.09889142,-0.05930941344040583,0.05930941344040583
2M9F.pdb,P4Y,3,-0.1646215225132703,-0.0173036,0.14731792160594456,0.14731792160594456
2M9F.pdb,P4F,3,-0.0708914534733229,-0.039942905,0.0309485481665068,0.0309485481665068
2M9F.pdb,G5Q,4,0.9760982394778206,1.8807096,0.9046114086545036,0.9046114086545036
2M9F.pdb,G5E,4,0.7441001964803133,1.7945735,1.0504733489756193,1.0504733489756193
2M9F.pdb,G5N,4,0.5922232540869641,1.2624226,0.6701993075585437,0.6701993075585437
2M9F.pdb,G5H,4,0.325594122047768,1.4176252,1.0920310667797466,1.0920310667797466
2M9F.pdb,G5D,4,1.0605263814434809,1.263849,0.20332263856079158,0.20332263856079158
2M9F.pdb,G5R,4,2.108482307581433,1.9829152,-0.12556714454127205,0.12556714454127205
2M9F.pdb,G5K,4,2.2275858442879195,1.9560609,-0.27152495790486286,0.27152495790486286
2M9F.pdb,G5T,4,1.8434236838077216,1.9179476,0.07452396614802792,0.07452396614802792
2M9F.pdb,G5S,4,1.4410258767764226,1.6961833,0.2551574470837459,0.2551574470837459
2M9F.pdb,G5A,4,1.1224473097012997,1.7369587,0.6145114324404239,0.6145114324404239
2M9F.pdb,G5M,4,1.244024830096079,1.7033602,0.4593353698322047,0.4593353698322047
2M9F.pdb,G5L,4,1.7917359577711922,1.6204953,-0.17124063840473713,0.17124063840473713
2M9F.pdb,G5V,4,1.726516971578112,1.8990583,0.17254137040186857,0.17254137040186857
2M9F.pdb,G5I,4,1.804413954750604,2.025518,0.22110398577063628,0.22110398577063628
2M9F.pdb,G5W,4,1.0705935037798815,1.2280426,0.157449098759181,0.157449098759181
2M9F.pdb,G5Y,4,0.6646159522270572,1.0274295,0.36281350925212985,0.36281350925212985
2M9F.pdb,G5F,4,0.6707404261683201,0.9151074,0.2443670028592373,0.2443670028592373
2M9F.pdb,G5P,4,0.3262357098541506,2.4281702,2.101934494308447,2.101934494308447
2M9F.pdb,W6Q,5,3.1045115714280795,2.9474053,-0.15710623314072603,0.15710623314072603
2M9F.pdb,W6E,5,3.2203172533922584,3.2410483,0.02073108263679435,0.02073108263679435
2M9F.pdb,W6N,5,3.5984993001830814,2.8040261,-0.7944731733215091,0.7944731733215091
2M9F.pdb,W6H,5,3.139552741728633,2.386929,-0.7526237065418653,0.7526237065418653
2M9F.pdb,W6D,5,3.285973650417392,3.0158925,-0.27008114477164025,0.27008114477164025
2M9F.pdb,W6R,5,3.174019784412282,2.9480488,-0.22597095437993353,0.22597095437993353
2M9F.pdb,W6K,5,3.888422130802701,3.0869808,-0.8014413111005525,0.8014413111005525
2M9F.pdb,W6T,5,3.221533065215481,2.3955696,-0.8259635023034937,0.8259635023034937
2M9F.pdb,W6S,5,3.63226496187224,2.8487606,-0.7835043570138414,0.7835043570138414
2M9F.pdb,W6A,5,3.57200115552076,2.4813414,-1.0906597935212483,1.0906597935212483
2M9F.pdb,W6G,5,3.1722969706627344,3.3470945,0.1747975651649023,0.1747975651649023
2M9F.pdb,W6M,5,2.9854170519551,2.321065,-0.6643521029194557,0.6643521029194557
2M9F.pdb,W6L,5,2.8454002336704938,2.0709934,-0.7744068102085797,0.7744068102085797
2M9F.pdb,W6V,5,2.688996195067569,2.153706,-0.5352901213065828,0.5352901213065828
2M9F.pdb,W6I,5,2.936662693828985,2.1200166,-0.8166461189693659,0.8166461189693659
2M9F.pdb,W6Y,5,2.503829595617054,0.9686302,-1.5351994009530525,1.5351994009530525
2M9F.pdb,W6F,5,2.403920381397912,0.97549534,-1.4284250429579708,1.4284250429579708
2M9F.pdb,W6P,5,3.240261084905565,2.8596587,-0.3806023667964342,0.3806023667964342
2M9F.pdb,E7Q,6,0.8230514707883043,0.55210876,-0.2709427061398668,0.2709427061398668
2M9F.pdb,E7N,6,1.5576132867696282,1.4456606,-0.1119526956441399,0.1119526956441399
2M9F.pdb,E7H,6,0.8090599409170922,1.0733062,0.26424626197139656,0.26424626197139656
2M9F.pdb,E7D,6,1.403546751181414,1.1961346,-0.20741218392067173,0.20741218392067173
2M9F.pdb,E7R,6,1.2433961445672974,1.3826137,0.13921751433773188,0.13921751433773188
2M9F.pdb,E7K,6,1.4358117266517665,1.296983,-0.13882872303543348,0.13882872303543348
2M9F.pdb,E7T,6,0.6477718766073788,0.5495583,-0.09821359470888025,0.09821359470888025
2M9F.pdb,E7S,6,0.6237815605422963,0.8906523,0.26687073838501085,0.26687073838501085
2M9F.pdb,E7A,6,1.085473204474282,0.9926207,-0.09285249791605454,0.09285249791605454
2M9F.pdb,E7G,6,1.755165741563887,1.615428,-0.13973777067765658,0.13973777067765658
2M9F.pdb,E7M,6,1.053814368631786,0.5796796,-0.4741347602867543,0.4741347602867543
2M9F.pdb,E7L,6,1.103555855346245,0.7619782,-0.34157764632753773,0.34157764632753773
2M9F.pdb,E7V,6,0.2686877647959043,0.101460874,-0.16722689071524632,0.16722689071524632
2M9F.pdb,E7I,6,0.6002413619405149,0.23249328,-0.367748080576074,0.367748080576074
2M9F.pdb,E7W,6,1.5262569996054345,0.9383286,-0.587928375833767,0.587928375833767
2M9F.pdb,E7Y,6,1.3514752241578618,0.84524566,-0.5062295648065129,0.5062295648065129
2M9F.pdb,E7F,6,1.0384469986727003,0.821498,-0.21694902189276255,0.21694902189276255
2M9F.pdb,E7P,6,2.897707437681432,2.8640428,-0.03366467873978163,0.03366467873978163
2M9F.pdb,K8Q,7,-0.122864368859453,-0.09739447,0.025469902459306512,0.025469902459306512
2M9F.pdb,K8E,7,-0.1116239227685707,0.35413894,0.46576286334130934,0.46576286334130934
2M9F.pdb,K8N,7,1.9275278142502723,1.509494,-0.41803386722115854,0.41803386722115854
2M9F.pdb,K8H,7,1.1731327889616363,0.7837178,-0.3894149778540008,0.3894149778540008
2M9F.pdb,K8D,7,2.21203124173336,2.0340753,-0.17795598157100656,0.17795598157100656
2M9F.pdb,K8R,7,-0.0181826581484192,0.15992638,0.17810904283584292,0.17810904283584292
2M9F.pdb,K8T,7,0.5142211192857453,0.40922412,-0.10499699652306527,0.10499699652306527
2M9F.pdb,K8S,7,0.8144966316709579,0.78507423,-0.02942239766216881,0.02942239766216881
2M9F.pdb,K8A,7,0.234469515510173,0.3955831,0.16111357765617831,0.16111357765617831
2M9F.pdb,K8G,7,1.5042441049278732,1.5047235,0.00047944396128696276,0.00047944396128696276
2M9F.pdb,K8M,7,-0.5138700693523859,-0.25523967,0.2586304038441156,0.2586304038441156
2M9F.pdb,K8L,7,-0.1674931546564155,-0.14748818,0.020004977833753157,0.020004977833753157
2M9F.pdb,K8V,7,-0.3061964627972915,-0.3256114,-0.01941494972788549,0.01941494972788549
2M9F.pdb,K8I,7,-0.3051491984593508,-0.22617912,0.0789700755345461,0.0789700755345461
2M9F.pdb,K8W,7,0.737160713022194,0.32649243,-0.41066828424259194,0.41066828424259194
2M9F.pdb,K8Y,7,0.5821961679815231,0.1961792,-0.3860169717430053,0.3860169717430053
2M9F.pdb,K8F,7,0.6327940028660466,0.25685996,-0.3759340446942021,0.3759340446942021
2M9F.pdb,K8P,7,1.076627479409424,1.963697,0.8870694772250975,0.8870694772250975
2M9F.pdb,R9Q,8,1.5421943220552554,0.85427994,-0.6879143866953006,0.6879143866953006
2M9F.pdb,R9E,8,2.578503544426648,1.6939178,-0.8845857931143923,0.8845857931143923
2M9F.pdb,R9N,8,2.022550289773393,1.5001575,-0.5223928143018965,0.5223928143018965
2M9F.pdb,R9H,8,1.118524591965992,0.7019113,-0.41661332134755336,0.41661332134755336
2M9F.pdb,R9D,8,2.817827512842606,2.5831933,-0.234634210688065,0.234634210688065
2M9F.pdb,R9K,8,0.5313332722533812,0.39322656,-0.13810670832286975,0.13810670832286975
2M9F.pdb,R9T,8,1.7935579748228223,1.3514388,-0.442119214065376,0.442119214065376
2M9F.pdb,R9S,8,1.7987082536104135,1.3324587,-0.46624951909808443,0.46624951909808443
2M9F.pdb,R9A,8,1.5311310902577302,0.89399284,-0.6371382490139863,0.6371382490139863
2M9F.pdb,R9G,8,1.77797419355278,1.4392073,-0.3387668781078337,0.3387668781078337
2M9F.pdb,R9M,8,0.4959004292409799,0.40152848,-0.09437195157221767,0.09437195157221767
2M9F.pdb,R9L,8,0.6137305414022753,0.20307577,-0.4106547748388598,0.4106547748388598
2M9F.pdb,R9V,8,0.8693201451206649,0.9009024,0.03158224535937659,0.03158224535937659
2M9F.pdb,R9I,8,0.9037998454236162,0.88763905,-0.016160799708284213,0.016160799708284213
2M9F.pdb,R9W,8,1.7487431942077492,0.453682,-1.2950611888023231,1.2950611888023231
2M9F.pdb,R9Y,8,0.9139140790058388,0.104328334,-0.8095857446743263,0.8095857446743263
2M9F.pdb,R9F,8,0.977490809969316,0.51005304,-0.4674377713722091,0.4674377713722091
2M9F.pdb,R9P,8,3.4597857470092546,2.5412695,-0.9185162062225114,0.9185162062225114
2M9F.pdb,M10Q,9,0.1880673391311402,0.39011848,0.20205114059755852,0.20205114059755852
2M9F.pdb,M10E,9,0.3844105940388975,0.73023325,0.34582265800959494,0.34582265800959494
2M9F.pdb,M10N,9,0.98618492642382,1.3835001,0.39731517275830885,0.39731517275830885
2M9F.pdb,M10H,9,0.4046036993666715,0.7139193,0.3093155825928622,0.3093155825928622
2M9F.pdb,M10D,9,1.760344996339176,1.7866473,0.02630232345452521,0.02630232345452521
2M9F.pdb,M10R,9,0.5033945227215151,0.66047716,0.15708263868595562,0.15708263868595562
2M9F.pdb,M10K,9,0.4861116193699897,0.65553194,0.16942032347440117,0.16942032347440117
2M9F.pdb,M10T,9,0.0351488894857818,0.1311793,0.09603041344505012,0.09603041344505012
2M9F.pdb,M10S,9,0.4699192575956052,0.8390607,0.3691414661859805,0.3691414661859805
2M9F.pdb,M10A,9,0.505144008404558,0.84437597,0.3392319595748732,0.3392319595748732
2M9F.pdb,M10G,9,1.5658504741481512,1.7196982,0.15384771654093576,0.15384771654093576
2M9F.pdb,M10L,9,0.3625818947865649,0.28374797,-0.07883392372867304,0.07883392372867304
2M9F.pdb,M10V,9,-0.0832443351461207,-0.06334108,0.019903254003695164,0.019903254003695164
2M9F.pdb,M10I,9,0.1094855947279489,-0.14331615,-0.2528017444395578,0.2528017444395578
2M9F.pdb,M10W,9,0.1471741038309511,0.28049183,0.13331772508750594,0.13331772508750594
2M9F.pdb,M10Y,9,-0.1059725968699769,0.18454069,0.29051328586152353,0.29051328586152353
2M9F.pdb,M10F,9,0.0393335591038939,0.11531407,0.0759805073061708,0.0759805073061708
2M9F.pdb,M10P,9,2.1762495030180267,2.4293683,0.25311875450455634,0.25311875450455634
2M9F.pdb,F11Q,10,0.0976062917023012,0.8143325,0.7167261934966734,0.7167261934966734
2M9F.pdb,F11E,10,0.2784031462602763,1.1483265,0.8699233698911519,0.8699233698911519
2M9F.pdb,F11N,10,-0.2081805242928429,1.3315505,1.5397310032280846,1.5397310032280846
2M9F.pdb,F11H,10,-0.0169228605227131,1.1804501,1.1973729423479695,1.1973729423479695
2M9F.pdb,F11D,10,-0.9127024889203867,1.1174089,2.0301113605710825,2.0301113605710825
2M9F.pdb,F11R,10,0.5184764994602484,1.4079915,0.8895150290507989,0.8895150290507989
2M9F.pdb,F11K,10,0.357404577473289,0.9448059,0.5874013426507649,0.5874013426507649
2M9F.pdb,F11T,10,-0.8410565778887,1.2076851,2.048741690841886,2.048741690841886
2M9F.pdb,F11S,10,-0.2557375615865931,1.2300625,1.485800046327804,1.485800046327804
2M9F.pdb,F11A,10,-0.1247393983986175,0.5829884,0.7077277797844207,0.7077277797844207
2M9F.pdb,F11G,10,0.2054274125908111,0.89927614,0.6938487247611786,0.6938487247611786
2M9F.pdb,F11M,10,-0.5328293756550218,-0.024919868,0.5079095081394578,0.5079095081394578
2M9F.pdb,F11L,10,-0.4878946993689279,-0.18277776,0.305116936955903,0.305116936955903
2M9F.pdb,F11V,10,1.3653428960149392,1.2322105,-0.13313237908531272,0.13313237908531272
2M9F.pdb,F11I,10,1.272064277428121,0.7000128,-0.5720514743504233,0.5720514743504233
2M9F.pdb,F11W,10,0.3001490445604444,0.3982668,0.09811774773691889,0.09811774773691889
2M9F.pdb,F11Y,10,-0.1426263847878401,0.6768077,0.8194340863755171,0.8194340863755171
2M9F.pdb,F11P,10,1.9578209687042285,1.6393039,-0.31851704605103026,0.31851704605103026
2M9F.pdb,F11C,10,-0.3201384387672559,0.25429225,0.5744306884468213,0.5744306884468213
2M9F.pdb,A12Q,11,0.3641226696922541,0.15166578,-0.21245689272425178,0.21245689272425178
2M9F.pdb,A12E,11,0.2234799224381203,0.2291737,0.0056937825436836065,0.0056937825436836065
2M9F.pdb,A12N,11,0.5607631913587809,0.27353412,-0.28722907222960004,0.28722907222960004
2M9F.pdb,A12H,11,0.6458149427453557,0.28775287,-0.35806207600036055,0.35806207600036055
2M9F.pdb,A12D,11,0.3714104795423423,0.38801175,0.01660127401677025,0.01660127401677025
2M9F.pdb,A12R,11,0.4665480934505006,0.17500484,-0.2915432535533448,0.2915432535533448
2M9F.pdb,A12K,11,0.3261880555968623,0.048367873,-0.2778201827626567,0.2778201827626567
2M9F.pdb,A12T,11,0.4689777968002708,0.28789723,-0.18108056760562968,0.18108056760562968
2M9F.pdb,A12S,11,0.2243218711271133,0.12593499,-0.09838688286684413,0.09838688286684413
2M9F.pdb,A12G,11,0.7016756709372438,0.30123404,-0.40044163425320756,0.40044163425320756
2M9F.pdb,A12M,11,0.5917556153097934,0.25659686,-0.33515875203998746,0.33515875203998746
2M9F.pdb,A12L,11,0.660038483767281,0.20793054,-0.4521079486892323,0.4521079486892323
2M9F.pdb,A12V,11,0.7382120183458567,0.3038236,-0.4343884280672312,0.4343884280672312
2M9F.pdb,A12I,11,0.8276017900809487,0.31516507,-0.512436717401429,0.512436717401429
2M9F.pdb,A12W,11,0.6510623344883832,0.27550918,-0.375553155849925,0.375553155849925
2M9F.pdb,A12Y,11,1.0421328464437332,0.37333262,-0.6688002267766799,0.6688002267766799
2M9F.pdb,A12F,11,1.0112890176928686,0.40948254,-0.6018064789927648,0.6018064789927648
2M9F.pdb,A12P,11,-0.2056646193579947,0.05167769,0.2573423083142554,0.2573423083142554
2M9F.pdb,A12C,11,0.0541038369782405,0.06489825,0.01079441550894212,0.01079441550894212
2M9F.pdb,N13Q,12,1.7287000071567826,1.4560177,-0.27268227453654337,0.27268227453654337
2M9F.pdb,N13E,12,1.218471419756279,1.2312157,0.012744295652046267,0.012744295652046267
2M9F.pdb,N13H,12,1.6323140789541497,1.1633755,-0.46893858208983086,0.46893858208983086
2M9F.pdb,N13D,12,-0.5772250015727591,0.011671424,0.5888964254848075,0.5888964254848075
2M9F.pdb,N13R,12,1.898365624717154,1.3167672,-0.5815984089883943,0.5815984089883943
2M9F.pdb,N13K,12,1.9124285419789115,1.5626376,-0.34979097445876994,0.34979097445876994
2M9F.pdb,N13T,12,1.2156535116319789,1.0270915,-0.18856200848866833,0.18856200848866833
2M9F.pdb,N13S,12,0.7891014539470564,0.7359681,-0.0531333410014998,0.0531333410014998
2M9F.pdb,N13A,12,1.7285478024133936,1.2558997,-0.4726481346735254,0.4726481346735254
2M9F.pdb,N13G,12,0.9499669924849016,0.68716526,-0.26280173216996017,0.26280173216996017
2M9F.pdb,N13M,12,1.926187240118347,1.3040636,-0.6221236815398559,0.6221236815398559
2M9F.pdb,N13L,12,1.844675330698625,1.3241606,-0.5205147548319258,0.5205147548319258
2M9F.pdb,N13V,12,1.6785078195805634,1.7851982,0.10669039208935849,0.10669039208935849
2M9F.pdb,N13I,12,1.96787045518861,1.8416013,-0.12626920263276276,0.12626920263276276
2M9F.pdb,N13W,12,1.198589519943582,0.98576146,-0.21282805630146173,0.21282805630146173
2M9F.pdb,N13Y,12,1.9555953477751704,1.1166623,-0.8389330839049312,0.8389330839049312
2M9F.pdb,N13F,12,1.8920342435233397,0.86152226,-1.0305119861953063,1.0305119861953063
2M9F.pdb,N13P,12,1.9983390965799788,1.820803,-0.1775360503534773,0.1775360503534773
2M9F.pdb,G14Q,13,1.5254103928110836,1.2991328,-0.2262775688669918,0.2262775688669918
2M9F.pdb,G14E,13,1.8781300667662253,1.6004831,-0.2776470068831076,0.2776470068831076
2M9F.pdb,G14N,13,1.546565330464012,1.0029622,-0.5436030988279645,0.5436030988279645
2M9F.pdb,G14H,13,2.0308444979777645,1.1325902,-0.8982543233027767,0.8982543233027767
2M9F.pdb,G14D,13,1.8793271023308529,1.4947639,-0.3845632511650814,0.3845632511650814
2M9F.pdb,G14R,13,1.968554056532077,1.3852224,-0.5833316215345183,0.5833316215345183
2M9F.pdb,G14K,13,1.679695932450323,1.2701082,-0.4095877094888971,0.4095877094888971
2M9F.pdb,G14T,13,1.9977445424029283,1.6865145,-0.3112300455996446,0.3112300455996446
2M9F.pdb,G14S,13,1.838200418610806,1.292989,-0.5452114030315824,0.5452114030315824
2M9F.pdb,G14A,13,1.82058404121396,1.4928181,-0.32776592407223637,0.32776592407223637
2M9F.pdb,G14M,13,1.70267645615177,1.3809352,-0.3217412640436157,0.3217412640436157
2M9F.pdb,G14L,13,1.6656380195524756,1.389698,-0.27593999098802247,0.27593999098802247
2M9F.pdb,G14V,13,2.205525132539001,1.912734,-0.29279110086175475,0.29279110086175475
2M9F.pdb,G14I,13,1.9079909710854075,2.0953171,0.18732615423502708,0.18732615423502708
2M9F.pdb,G14W,13,1.798627126288192,1.4189241,-0.37970303304173214,0.37970303304173214
2M9F.pdb,G14Y,13,2.1215910113047025,1.314806,-0.8067850268076322,0.8067850268076322
2M9F.pdb,G14F,13,1.728794948201446,1.1840527,-0.5447422424366755,0.5447422424366755
2M9F.pdb,G14P,13,3.7708036632568582,2.1019397,-1.6688639850647196,1.6688639850647196
2M9F.pdb,T15Q,14,-0.088052439308663,0.0101643205,0.09821675977756558,0.09821675977756558
2M9F.pdb,T15E,14,0.1930745654495411,0.49486002,0.3017854578105755,0.3017854578105755
2M9F.pdb,T15N,14,0.7942232519909758,0.4683919,-0.3258313566967863,0.3258313566967863
2M9F.pdb,T15H,14,0.8494950092935882,0.25918332,-0.5903116918707214,0.5903116918707214
2M9F.pdb,T15D,14,0.3357560734584583,0.9443919,0.6086358328029857,0.6086358328029857
2M9F.pdb,T15R,14,0.2663789800882967,-0.0021259785,-0.2685049585581453,0.2685049585581453
2M9F.pdb,T15K,14,0.1249077801594062,0.012167558,-0.11274022208540871,0.11274022208540871
2M9F.pdb,T15S,14,0.5401583325640109,0.33870214,-0.20145619032539397,0.20145619032539397
2M9F.pdb,T15A,14,0.4681754931390673,0.3752841,-0.09289138759974541,0.09289138759974541
2M9F.pdb,T15G,14,0.76660656980911,0.92521006,0.15860348888000741,0.15860348888000741
2M9F.pdb,T15M,14,0.1589107465878698,0.017303437,-0.1416073095933172,0.1416073095933172
2M9F.pdb,T15L,14,0.2299497399250918,0.1939313,-0.03601844345731073,0.03601844345731073
2M9F.pdb,T15V,14,-0.1033169158709896,-0.10580039,-0.0024834743725406783,0.0024834743725406783
2M9F.pdb,T15I,14,0.1098003879722306,-0.17928499,-0.28908537780606236,0.28908537780606236
2M9F.pdb,T15W,14,0.9294836883128874,0.20325013,-0.7262335632623427,0.7262335632623427
2M9F.pdb,T15Y,14,0.921098028018061,0.1619642,-0.7591338350315726,0.7591338350315726
2M9F.pdb,T15F,14,0.7060193803033457,0.14889991,-0.5571194674691782,0.5571194674691782
2M9F.pdb,T15P,14,1.7972119561125597,2.0326033,0.23539130774242079,0.23539130774242079
2M9F.pdb,V16Q,15,1.2509051183502766,0.8304453,-0.4204598287384602,0.4204598287384602
2M9F.pdb,V16E,15,0.4789704361106923,0.6800759,0.20110544775466416,0.20110544775466416
2M9F.pdb,V16N,15,1.8195493995602632,1.7756321,-0.0439172565396333,0.0439172565396333
2M9F.pdb,V16H,15,0.942936469348127,1.0788146,0.13587815639192424,0.13587815639192424
2M9F.pdb,V16D,15,1.6769057720382174,1.683603,0.006697276286367515,0.006697276286367515
2M9F.pdb,V16R,15,1.6879299539778212,1.457442,-0.2304879087660292,0.2304879087660292
2M9F.pdb,V16K,15,1.614003558481676,1.286108,-0.32789554151390266,0.32789554151390266
2M9F.pdb,V16T,15,0.6824461996689473,0.6730685,-0.00937767626196484,0.00937767626196484
2M9F.pdb,V16S,15,0.991541527109804,1.2137698,0.22222826640063298,0.22222826640063298
2M9F.pdb,V16A,15,0.9591952124242452,0.9475748,-0.011620418131795263,0.011620418131795263
2M9F.pdb,V16G,15,1.8102140448613449,1.6494579,-0.16075611334279016,0.16075611334279016
2M9F.pdb,V16M,15,1.0208870844037954,0.5526296,-0.4682574943693105,0.4682574943693105
2M9F.pdb,V16L,15,0.993040694599142,0.4470455,-0.5459951895522975,0.5459951895522975
2M9F.pdb,V16I,15,-0.1028847431041271,0.12190634,0.22479108322635,0.22479108322635
2M9F.pdb,V16W,15,0.3641274122672424,0.5078273,0.14369986968466192,0.14369986968466192
2M9F.pdb,V16Y,15,0.2789468655381175,0.5459404,0.2669935336318044,0.2669935336318044
2M9F.pdb,V16F,15,0.2111311698334796,0.5808866,0.36975543256825383,0.36975543256825383
2M9F.pdb,V16P,15,0.7623755285155949,1.6622593,0.89988381177066,0.89988381177066
2M9F.pdb,Y17Q,16,1.8272892967282568,2.3230321,0.49574284400355473,0.49574284400355473
2M9F.pdb,Y17E,16,1.5668499778412848,2.6802337,1.113383739123437,1.113383739123437
2M9F.pdb,Y17N,16,2.565514414715865,2.8552194,0.2897049494503947,0.2897049494503947
2M9F.pdb,Y17H,16,1.8356661634571123,1.6475048,-0.18816135693855762,0.18816135693855762
2M9F.pdb,Y17D,16,1.8856280551771356,2.9967787,1.1111506714006232,1.1111506714006232
2M9F.pdb,Y17R,16,2.262399944904192,2.3308518,0.06845184838499252,0.06845184838499252
2M9F.pdb,Y17K,16,1.847873294480928,2.614151,0.7662777064956345,0.7662777064956345
2M9F.pdb,Y17T,16,2.1325924840026937,2.2712517,0.13865919446410313,0.13865919446410313
2M9F.pdb,Y17S,16,2.147373667952853,2.460955,0.3135812366034214,0.3135812366034214
2M9F.pdb,Y17A,16,2.1320233131730064,2.2184384,0.08641507374410784,0.08641507374410784
2M9F.pdb,Y17G,16,1.822388248940717,2.6365821,0.8141938872134578,0.8141938872134578
2M9F.pdb,Y17M,16,1.1886199973924771,1.6477759,0.459155891050516,0.459155891050516
2M9F.pdb,Y17L,16,1.323698349999149,1.7715293,0.4478309669030116,0.4478309669030116
2M9F.pdb,Y17V,16,0.986755856463342,1.719931,0.7331751499682376,0.7331751499682376
2M9F.pdb,Y17I,16,0.8463791258347233,1.6479862,0.8016070477950374,0.8016070477950374
2M9F.pdb,Y17W,16,0.7684477791767566,0.60945,-0.1589977965336291,0.1589977965336291
2M9F.pdb,Y17F,16,0.7183093919983801,0.38245225,-0.3358571424714025,0.3358571424714025
2M9F.pdb,Y17P,16,3.291353289098608,3.0821452,-0.2092080750177976,0.2092080750177976
2M9F.pdb,Y18Q,17,3.1375575704066616,2.9559531,-0.18160444922135888,0.18160444922135888
2M9F.pdb,Y18E,17,3.1296283821282507,3.0177243,-0.11190410653926142,0.11190410653926142
2M9F.pdb,Y18N,17,3.0658369695777137,2.9902403,-0.07559663411323614,0.07559663411323614
2M9F.pdb,Y18H,17,3.024357871118421,2.027734,-0.9966238299044319,0.9966238299044319
2M9F.pdb,Y18D,17,3.0612199688148736,2.8649707,-0.1962492847633599,0.1962492847633599
2M9F.pdb,Y18K,17,3.606394970129193,3.0910883,-0.5153066751462827,0.5153066751462827
2M9F.pdb,Y18T,17,3.75144625630671,2.6154115,-1.1360347363024377,1.1360347363024377
2M9F.pdb,Y18M,17,2.913758654379127,2.6509693,-0.26278938748764746,0.26278938748764746
2M9F.pdb,Y18L,17,2.962863992772949,2.308245,-0.6546190491541748,0.6546190491541748
2M9F.pdb,Y18I,17,2.81527651210958,2.340959,-0.47431743999654286,0.47431743999654286
2M9F.pdb,Y18W,17,0.586584142484313,0.92168534,0.3351011955360117,0.3351011955360117
2M9F.pdb,Y18F,17,0.7666501390670195,1.1208068,0.35415667417303176,0.35415667417303176
2M9F.pdb,Y18P,17,2.903877369313953,2.952684,0.048806556314709315,0.048806556314709315
2M9F.pdb,F19Q,18,2.068982058731085,1.4278215,-0.6411605417404234,0.6411605417404234
2M9F.pdb,F19E,18,2.2399550754094864,1.8114971,-0.4284579831624771,0.4284579831624771
2M9F.pdb,F19N,18,2.844243882969708,2.16263,-0.6816138017929503,0.6816138017929503
2M9F.pdb,F19H,18,0.8928025880601829,1.031985,0.13918245641918725,0.13918245641918725
2M9F.pdb,F19D,18,3.296945753365173,2.4422536,-0.854692163735046,0.854692163735046
2M9F.pdb,F19R,18,2.125665419498654,1.5919728,-0.5336925915872772,0.5336925915872772
2M9F.pdb,F19K,18,1.8630646256944496,1.6933641,-0.1697004823228676,0.1697004823228676
2M9F.pdb,F19T,18,1.9583784338166736,1.5383534,-0.4200249906709217,0.4200249906709217
2M9F.pdb,F19S,18,2.367195966801788,1.7893205,-0.5778754978992002,0.5778754978992002
2M9F.pdb,F19A,18,2.2073614629032567,1.5006891,-0.7066723140003637,0.7066723140003637
2M9F.pdb,F19G,18,2.8250188981248296,2.1574836,-0.6675353203965582,0.6675353203965582
2M9F.pdb,F19M,18,1.908228348943084,0.90431285,-1.0039154998982842,1.0039154998982842
2M9F.pdb,F19L,18,1.553211726764624,1.0698414,-0.4833703418769286,0.4833703418769286
2M9F.pdb,F19V,18,1.011640080284249,1.0085833,-0.0030567730180135477,0.0030567730180135477
2M9F.pdb,F19I,18,1.0334400885328243,0.85037947,-0.18306062152232627,0.18306062152232627
2M9F.pdb,F19W,18,0.635884892104309,0.28918773,-0.3466971627456359,0.3466971627456359
2M9F.pdb,F19Y,18,-0.1628705030677619,-0.09198856,0.07088193953016425,0.07088193953016425
2M9F.pdb,F19P,18,2.794886594694276,2.8443272,0.049440616685728855,0.049440616685728855
2M9F.pdb,N20Q,19,1.9519006770177405,2.326628,0.3747272927240808,0.3747272927240808
2M9F.pdb,N20E,19,2.333121015862176,2.131034,-0.20208711846227345,0.20208711846227345
2M9F.pdb,N20H,19,1.3573485299641035,1.2540721,-0.10327645984233835,0.10327645984233835
2M9F.pdb,N20D,19,1.7697276849907322,1.3215888,-0.4481389303368015,0.4481389303368015
2M9F.pdb,N20R,19,2.367883555146614,2.0258198,-0.34206377670423116,0.34206377670423116
2M9F.pdb,N20K,19,2.3968209136180394,2.520603,0.12378202789502213,0.12378202789502213
2M9F.pdb,N20T,19,2.74855198900874,2.4799378,-0.2686141971843994,0.2686141971843994
2M9F.pdb,N20S,19,1.3219316745591354,1.7670679,0.44513623468158725,0.44513623468158725
2M9F.pdb,N20A,19,2.654688975905428,2.3602147,-0.2944742656698325,0.2944742656698325
2M9F.pdb,N20G,19,2.922957667098434,2.0875187,-0.8354389750818325,0.8354389750818325
2M9F.pdb,N20M,19,2.1598549134546268,2.1179762,-0.0418787247949588,0.0418787247949588
2M9F.pdb,N20L,19,1.9833662158806664,1.8212768,-0.16208943193749015,0.16208943193749015
2M9F.pdb,N20V,19,2.3650202153855515,1.9166679,-0.44835227715312964,0.44835227715312964
2M9F.pdb,N20I,19,2.007473477843983,2.171644,0.16417049455286747,0.16417049455286747
2M9F.pdb,N20W,19,1.8480478760603567,1.8730255,0.024977660476813712,0.024977660476813712
2M9F.pdb,N20Y,19,1.6314392615696094,1.8737097,0.24227041708029295,0.24227041708029295
2M9F.pdb,N20F,19,1.806101558317764,1.7353014,-0.07080018292866486,0.07080018292866486
2M9F.pdb,N20P,19,3.507690385411398,2.7610455,-0.7466449294787809,0.7466449294787809
2M9F.pdb,H21Q,20,0.3757403609952301,0.5357617,0.1600213529863983,0.1600213529863983
2M9F.pdb,H21E,20,0.7623906519508457,0.8883883,0.12599762414931304,0.12599762414931304
2M9F.pdb,H21N,20,0.0792184840736132,0.5709761,0.4917575944366712,0.4917575944366712
2M9F.pdb,H21D,20,1.3491101168932085,1.1460919,-0.20301817887440965,0.20301817887440965
2M9F.pdb,H21R,20,0.0368018467256523,0.32074198,0.2839401345422768,0.2839401345422768
2M9F.pdb,H21K,20,0.0216338323650253,0.3908536,0.3692197812500107,0.3692197812500107
2M9F.pdb,H21T,20,-0.67880940793943,0.10550934,0.784318748702522,0.784318748702522
2M9F.pdb,H21S,20,-0.0276604820349128,0.38817686,0.41583734046005316,0.41583734046005316
2M9F.pdb,H21A,20,0.1367019472460069,0.6840825,0.5473805608411513,0.5473805608411513
2M9F.pdb,H21G,20,0.9869817310814022,0.942713,-0.04426870884934653,0.04426870884934653
2M9F.pdb,H21M,20,0.1237042925247604,0.5522589,0.4285546162238663,0.4285546162238663
2M9F.pdb,H21L,20,-0.2788281818023059,0.4606419,0.7394700725665424,0.7394700725665424
2M9F.pdb,H21V,20,-0.7472564740232728,0.2883296,1.0355860753111146,1.0355860753111146
2M9F.pdb,H21I,20,-0.597471978571523,0.2760192,0.8734911643530019,0.8734911643530019
2M9F.pdb,H21W,20,-0.1537222440367771,-0.007194072,0.14652817202864415,0.14652817202864415
2M9F.pdb,H21Y,20,-0.3508521889439855,-0.23879108,0.1120611106148992,0.1120611106148992
2M9F.pdb,H21F,20,-0.2309301577245359,0.09495172,0.32588187677017494,0.32588187677017494
2M9F.pdb,H21P,20,0.5595683448345388,1.8968266,1.3372582800357615,1.3372582800357615
2M9F.pdb,I22Q,21,0.6473733250522833,0.6825341,0.03516077357289982,0.03516077357289982
2M9F.pdb,I22E,21,0.4727398981640633,0.8922609,0.41952101091644206,0.41952101091644206
2M9F.pdb,I22N,21,0.5197739197912337,0.9499627,0.430188755780208,0.430188755780208
2M9F.pdb,I22H,21,0.4993239731790542,0.76529276,0.2659687905309678,0.2659687905309678
2M9F.pdb,I22D,21,0.6047308398897271,1.1450223,0.5402914331739326,0.5402914331739326
2M9F.pdb,I22R,21,0.8244044230901668,0.77075714,-0.05364728436107136,0.05364728436107136
2M9F.pdb,I22K,21,0.8051125506320687,0.7604578,-0.044654736892292046,0.044654736892292046
2M9F.pdb,I22T,21,0.6865316440484173,0.80795115,0.12141950827625925,0.12141950827625925
2M9F.pdb,I22S,21,0.866249653734279,1.0234236,0.15717389877884358,0.15717389877884358
2M9F.pdb,I22A,21,0.7506478324736707,0.8406298,0.08998198358162712,0.08998198358162712
2M9F.pdb,I22G,21,1.1963879521572267,1.463759,0.2673709933078612,0.2673709933078612
2M9F.pdb,I22M,21,0.3984456366177809,0.40825352,0.009807884109376719,0.009807884109376719
2M9F.pdb,I22L,21,0.2012569762901042,0.18796134,-0.013295636339542671,0.013295636339542671
2M9F.pdb,I22V,21,0.2895106809358272,0.33082741,0.04131673405364422,0.04131673405364422
2M9F.pdb,I22W,21,0.5230743302297296,0.63438374,0.11130940781119447,0.11130940781119447
2M9F.pdb,I22Y,21,0.2053002909454391,0.6286119,0.42331163131866,0.42331163131866
2M9F.pdb,I22F,21,0.0452746902810168,0.60957664,0.5643019522322583,0.5643019522322583
2M9F.pdb,I22P,21,2.127545590755293,2.2529802,0.12543464148347638,0.12543464148347638
2M9F.pdb,T23Q,22,1.4814943450898437,1.4070601,-0.07443419875805657,0.07443419875805657
2M9F.pdb,T23E,22,1.345142521315941,1.494121,0.1489784341512832,0.1489784341512832
2M9F.pdb,T23N,22,0.979866056538929,0.9417941,-0.03807195911537553,0.03807195911537553
2M9F.pdb,T23H,22,1.7355475750477345,1.3079612,-0.42758634953809094,0.42758634953809094
2M9F.pdb,T23D,22,1.310868338362479,0.97470146,-0.3361668741863011,0.3361668741863011
2M9F.pdb,T23R,22,1.7190084558863687,1.4175982,-0.3014102083582926,0.3014102083582926
2M9F.pdb,T23K,22,1.7431275133716202,1.4799738,-0.26315372034183504,0.26315372034183504
2M9F.pdb,T23S,22,0.863163257777237,0.49501598,-0.3681472789640656,0.3681472789640656
2M9F.pdb,T23A,22,1.5575941425374773,1.439206,-0.11838813839471607,0.11838813839471607
2M9F.pdb,T23G,22,2.088320883663933,1.4483535,-0.6399673546874927,0.6399673546874927
2M9F.pdb,T23M,22,1.1866006985055866,1.3633801,0.17677937599545102,0.17677937599545102
2M9F.pdb,T23L,22,0.9225613123790724,1.3793609,0.45679960185127433,0.45679960185127433
2M9F.pdb,T23V,22,1.6178972090135386,1.3120917,-0.30580550083025004,0.30580550083025004
2M9F.pdb,T23I,22,1.3468774058326054,1.3794792,0.032601764012975654,0.032601764012975654
2M9F.pdb,T23W,22,1.4135007779276785,1.2879313,-0.12556945487622584,0.12556945487622584
2M9F.pdb,T23Y,22,1.2609461929301946,1.1670415,-0.09390465278432059,0.09390465278432059
2M9F.pdb,T23F,22,1.2302459613746113,1.2478669,0.017620907598167035,0.017620907598167035
2M9F.pdb,T23P,22,2.8999336389771724,2.0712957,-0.8286379007569575,0.8286379007569575
2M9F.pdb,N24Q,23,-0.037783719895208,0.33915126,0.3769349831322075,0.3769349831322075
2M9F.pdb,N24E,23,0.5289719458165805,0.75991434,0.23094239277213413,0.23094239277213413
2M9F.pdb,N24H,23,0.1149687681564008,0.27581787,0.16084910293734922,0.16084910293734922
2M9F.pdb,N24D,23,1.083974277334689,0.6731831,-0.41079119380044826,0.41079119380044826
2M9F.pdb,N24R,23,0.4176576027177883,0.4274333,0.009775709221451212,0.009775709221451212
2M9F.pdb,N24K,23,0.0143949860486407,0.386356,0.37196101008325627,0.37196101008325627
2M9F.pdb,N24T,23,1.010865243661415,1.0673534,0.05648812414406601,0.05648812414406601
2M9F.pdb,N24S,23,0.464185729832594,0.56697863,0.10279290357118409,0.10279290357118409
2M9F.pdb,N24A,23,0.569128718692252,0.6003664,0.031237694901040225,0.031237694901040225
2M9F.pdb,N24G,23,-0.952128078370008,0.05930102,1.0114290970849127,1.0114290970849127
2M9F.pdb,N24M,23,0.0486475587230219,0.41786176,0.3692142009396063,0.3692142009396063
2M9F.pdb,N24L,23,0.0358727113631363,0.5163708,0.4804980619522934,0.4804980619522934
2M9F.pdb,N24V,23,1.6474382587255427,1.183306,-0.4641322799505183,0.4641322799505183
2M9F.pdb,N24I,23,1.581610156032802,1.263372,-0.31823821160531174,0.31823821160531174
2M9F.pdb,N24W,23,1.0359213393076523,0.70393074,-0.33199060371957856,0.33199060371957856
2M9F.pdb,N24Y,23,0.797972849646361,0.7060174,-0.09195547465399034,0.09195547465399034
2M9F.pdb,N24F,23,0.5167915421352602,0.62331116,0.10651961985967384,0.10651961985967384
2M9F.pdb,N24P,23,2.5893566464113755,2.0072608,-0.5820958470034165,0.5820958470034165
2M9F.pdb,A25Q,24,-0.4547122605082081,-0.37358847,0.08112378790345653,0.08112378790345653
2M9F.pdb,A25E,24,-0.3727368310606058,-0.2695282,0.10320862089748933,0.10320862089748933
2M9F.pdb,A25N,24,0.6306546222027056,0.39827457,-0.23238005149919916,0.23238005149919916
2M9F.pdb,A25H,24,0.1274735231225583,0.15196976,0.02449623753379851,0.02449623753379851
2M9F.pdb,A25D,24,0.5914691730108603,0.3297542,-0.2617149694528922,0.2617149694528922
2M9F.pdb,A25R,24,0.1599372858065066,0.12449419,-0.03544309827265116,0.03544309827265116
2M9F.pdb,A25K,24,-0.0200202087067498,0.0029425472,0.02296275590886009,0.02296275590886009
2M9F.pdb,A25T,24,-0.11342474591022,0.06178399,0.17520873766427503,0.17520873766427503
2M9F.pdb,A25S,24,0.337232627389207,0.14062256,-0.1966100711796428,0.1966100711796428
2M9F.pdb,A25G,24,0.992790745436384,0.67367446,-0.31911628121061497,0.31911628121061497
2M9F.pdb,A25M,24,-0.1311881095296829,-0.28594017,-0.15475206075840303,0.15475206075840303
2M9F.pdb,A25L,24,0.0512458499841721,-0.097740695,-0.14898654486465762,0.14898654486465762
2M9F.pdb,A25V,24,-0.2741505126594528,0.1254287,0.3995792190669998,0.3995792190669998
2M9F.pdb,A25I,24,-0.0861179802592757,-0.009945989,0.07617199160418536,0.07617199160418536
2M9F.pdb,A25W,24,0.6823622108552958,0.14850064,-0.5338615746353175,0.5338615746353175
2M9F.pdb,A25Y,24,0.7479031418647937,0.10469283,-0.6432103102293185,0.6432103102293185
2M9F.pdb,A25F,24,0.6521879082586661,0.13047564,-0.5217122679617301,0.5217122679617301
2M9F.pdb,A25P,24,2.8420832625061863,2.1099575,-0.7321258059174411,0.7321258059174411
2M9F.pdb,S26Q,25,0.0668137144002529,-0.13331601,-0.20012972463699302,0.20012972463699302
2M9F.pdb,S26E,25,0.5137985356499453,0.14580674,-0.3679917909552355,0.3679917909552355
2M9F.pdb,S26N,25,0.95128082391698,0.7590518,-0.19222902414281007,0.19222902414281007
2M9F.pdb,S26H,25,0.2855875667533674,-0.018684343,-0.30427190925691505,0.30427190925691505
2M9F.pdb,S26D,25,1.8065928060945704,1.1571692,-0.6494235832628443,0.6494235832628443
2M9F.pdb,S26R,25,0.1903947093206439,0.12612022,-0.06427448472557401,0.06427448472557401
2M9F.pdb,S26K,25,0.3010694710895456,0.2127323,-0.08833717092723026,0.08833717092723026
2M9F.pdb,S26T,25,-0.333576659676583,-0.20633307,0.12724358868315955,0.12724358868315955
2M9F.pdb,S26A,25,0.1501254466320447,-0.05755022,-0.20767566831363954,0.20767566831363954
2M9F.pdb,S26G,25,0.9620737882576926,0.8063389,-0.15573488196954566,0.15573488196954566
2M9F.pdb,S26M,25,-0.6918528220464868,-0.6845678,0.007285012941567359,0.007285012941567359
2M9F.pdb,S26L,25,-0.3479474893355205,-0.29194152,0.05600596578357958,0.05600596578357958
2M9F.pdb,S26V,25,-0.7206027009653861,-0.5376876,0.18291510130642008,0.18291510130642008
2M9F.pdb,S26I,25,-1.147906996323456,-0.634398,0.5135090127724307,0.5135090127724307
2M9F.pdb,S26W,25,-0.847681267982638,-0.563249,0.28443227601639043,0.28443227601639043
2M9F.pdb,S26Y,25,-0.0310479698586529,-0.60356885,-0.5725208820891315,0.5725208820891315
2M9F.pdb,S26F,25,-0.217022519336155,-0.6626832,-0.44566066957909767,0.44566066957909767
2M9F.pdb,S26P,25,1.986839283204345,1.7966933,-0.1901459581616205,0.1901459581616205
2M9F.pdb,Q27E,26,1.629450461962514,0.6529888,-0.9764616704967548,0.9764616704967548
2M9F.pdb,Q27N,26,1.7037810815499046,1.1029058,-0.6008753312752464,0.6008753312752464
2M9F.pdb,Q27H,26,1.48923449030167,0.7791624,-0.7100720833802834,0.7100720833802834
2M9F.pdb,Q27D,26,2.026205122641397,1.3377525,-0.6884526612079864,0.6884526612079864
2M9F.pdb,Q27R,26,1.1539243101163594,0.5968686,-0.5570557354970662,0.5570557354970662
2M9F.pdb,Q27K,26,1.6872317701184656,0.56421506,-1.1230167060696985,1.1230167060696985
2M9F.pdb,Q27T,26,0.508281965835097,-0.1436921,-0.6519740718436267,0.6519740718436267
2M9F.pdb,Q27S,26,0.4617432052932968,0.39368275,-0.0680604572139969,0.0680604572139969
2M9F.pdb,Q27A,26,1.03418817504055,0.2976331,-0.7365550635636517,0.7365550635636517
2M9F.pdb,Q27G,26,2.1483373103355485,1.0608318,-1.0875055251335222,1.0875055251335222
2M9F.pdb,Q27M,26,0.8704519115382401,-0.38385126,-1.2543031714850632,1.2543031714850632
2M9F.pdb,Q27L,26,1.263494770674888,0.17886287,-1.0846319009353556,1.0846319009353556
2M9F.pdb,Q27V,26,0.7514941797906434,-0.015449196,-0.7669433758908784,0.7669433758908784
2M9F.pdb,Q27I,26,0.9061460744567048,-0.09233335,-0.9984794210620057,0.9984794210620057
2M9F.pdb,Q27W,26,1.3770969616637028,0.6118312,-0.7652657734617985,0.7652657734617985
2M9F.pdb,Q27Y,26,1.3163658106022602,0.50656486,-0.8098009550266987,0.8098009550266987
2M9F.pdb,Q27F,26,1.3644378922100562,0.3085457,-1.0558921835537451,1.0558921835537451
2M9F.pdb,Q27P,26,2.865800278578791,2.1388822,-0.7269181183920232,0.7269181183920232
2M9F.pdb,F28Q,27,0.8048977178127701,1.1888268,0.3839290815799301,0.3839290815799301
2M9F.pdb,F28E,27,0.8227596768984826,1.2254236,0.4026638975491492,0.4026638975491492
2M9F.pdb,F28N,27,0.8319730734888204,1.4738268,0.6418536925252787,0.6418536925252787
2M9F.pdb,F28H,27,0.9092550625001832,1.099591,0.190335954269226,0.190335954269226
2M9F.pdb,F28D,27,1.120927583995733,1.5370197,0.4160921456185249,0.4160921456185249
2M9F.pdb,F28R,27,0.6361603925952406,1.412576,0.7764155675640612,0.7764155675640612
2M9F.pdb,F28K,27,0.6953413344061832,1.2070206,0.5116793059670468,0.5116793059670468
2M9F.pdb,F28T,27,0.350729344434995,1.0055605,0.6548311728761012,0.6548311728761012
2M9F.pdb,F28S,27,0.6242554178918134,1.275309,0.6510535487448443,0.6510535487448443
2M9F.pdb,F28A,27,0.6960109599123387,1.1432533,0.4472423665036769,0.4472423665036769
2M9F.pdb,F28G,27,1.2945060031082547,1.3627912,0.06828517750240204,0.06828517750240204
2M9F.pdb,F28M,27,0.2524318516702024,0.40769678,0.15526493187243068,0.15526493187243068
2M9F.pdb,F28L,27,0.0343762943188545,0.58539,0.5510136774142388,0.5510136774142388
2M9F.pdb,F28V,27,0.391942723967611,0.9047188,0.512776092312754,0.512776092312754
2M9F.pdb,F28I,27,0.2859118897586601,0.6336665,0.3477546255916817,0.3477546255916817
2M9F.pdb,F28W,27,0.3993160599520915,0.34413743,-0.05517862976105148,0.05517862976105148
2M9F.pdb,F28Y,27,0.1798297692505959,0.37692702,0.19709724891499247,0.19709724891499247
2M9F.pdb,F28P,27,0.966770013346959,1.5810125,0.61424247406454,0.61424247406454
2M9F.pdb,E29Q,28,0.4505980736333281,0.06179768,-0.38880039516271653,0.38880039516271653
2M9F.pdb,E29N,28,0.6402749864704336,0.38348648,-0.25678850694963584,0.25678850694963584
2M9F.pdb,E29H,28,0.4640615858441288,0.3133276,-0.15073397535142252,0.15073397535142252
2M9F.pdb,E29D,28,0.2645494610780159,0.36386317,0.09931370906892623,0.09931370906892623
2M9F.pdb,E29R,28,1.2240217399169273,0.28743482,-0.9365869235564537,0.9365869235564537
2M9F.pdb,E29K,28,1.084734745353804,0.19107702,-0.893657721609221,0.893657721609221
2M9F.pdb,E29T,28,0.4054955923079086,0.2175464,-0.18794918889985807,0.18794918889985807
2M9F.pdb,E29S,28,0.8737181792196176,0.17744899,-0.6962691912588022,0.6962691912588022
2M9F.pdb,E29A,28,0.7453827265815325,0.07119742,-0.6741853062228746,0.6741853062228746
2M9F.pdb,E29G,28,0.9099062368546948,0.45840406,-0.45150217267622805,0.45150217267622805
2M9F.pdb,E29M,28,0.7324246415071651,0.16907218,-0.5633524605207607,0.5633524605207607
2M9F.pdb,E29L,28,0.8350560634045165,0.26949418,-0.5655618874935668,0.5655618874935668
2M9F.pdb,E29V,28,0.7212687152885624,0.30576414,-0.4155045765899845,0.4155045765899845
2M9F.pdb,E29I,28,0.7720557363459073,0.30571344,-0.4663422913977109,0.4663422913977109
2M9F.pdb,E29W,28,0.5964260616816497,0.44307226,-0.15335380225553275,0.15335380225553275
2M9F.pdb,E29Y,28,0.8240463688233803,0.42773432,-0.3963120534280251,0.3963120534280251
2M9F.pdb,E29F,28,0.7792755406336007,0.45264477,-0.32663077525655604,0.32663077525655604
2M9F.pdb,E29P,28,1.2038834607421227,1.5224359,0.3185524428070716,0.3185524428070716
2M9F.pdb,R30Q,29,0.7008366254661689,0.377325,-0.3235116270874152,0.3235116270874152
2M9F.pdb,R30E,29,0.4011644184030785,0.75499415,0.35382973557336195,0.35382973557336195
2M9F.pdb,R30N,29,0.4953237655172846,1.449198,0.9538742420663335,0.9538742420663335
2M9F.pdb,R30H,29,-0.0220639140497076,0.88433063,0.9063945443521368,0.9063945443521368
2M9F.pdb,R30D,29,0.3909307853039849,1.9539136,1.5629827841463935,1.5629827841463935
2M9F.pdb,R30K,29,0.4335111547118173,0.04555124,-0.38795991426763393,0.38795991426763393
2M9F.pdb,R30T,29,0.8136691270721301,0.7839813,-0.029687803829942627,0.029687803829942627
2M9F.pdb,R30S,29,0.7717878454568026,0.8656214,0.09383354250172404,0.09383354250172404
2M9F.pdb,R30A,29,0.4543423051869042,0.40158373,-0.05275857401243522,0.05275857401243522
2M9F.pdb,R30G,29,1.8229378866022612,1.3661388,-0.4567990707224394,0.4567990707224394
2M9F.pdb,R30M,29,0.2705329429481726,0.41536605,0.1448331106330652,0.1448331106330652
2M9F.pdb,R30L,29,0.2586260950739296,0.55158645,0.29296035407234117,0.29296035407234117
2M9F.pdb,R30V,29,0.1401891435843323,0.36000225,0.21981310589496153,0.21981310589496153
2M9F.pdb,R30I,29,0.0781975626081363,0.49495512,0.4167575598627194,0.4167575598627194
2M9F.pdb,R30W,29,0.0944324969418581,0.5385692,0.4441367150179808,0.4441367150179808
2M9F.pdb,R30Y,29,0.0373678814418769,0.29091483,0.2535469521038079,0.2535469521038079
2M9F.pdb,R30F,29,-0.2351737677675429,0.49041778,0.7255915462595168,0.7255915462595168
2M9F.pdb,R30P,29,0.0645678624181189,1.5978086,1.533240737053927,1.533240737053927
2M9F.pdb,P31Q,30,2.632123499354894,2.1467469,-0.48537662549930305,0.48537662549930305
2M9F.pdb,P31E,30,2.438868727293728,2.30831,-0.13055869540285903,0.13055869540285903
2M9F.pdb,P31N,30,2.498090529203012,2.0965068,-0.40158369517286063,0.40158369517286063
2M9F.pdb,P31H,30,2.6100868258097445,2.244606,-0.36548080774333824,0.36548080774333824
2M9F.pdb,P31D,30,2.5422673618117497,2.4926147,-0.049652615717999726,0.049652615717999726
2M9F.pdb,P31R,30,2.46666002211529,2.1368496,-0.32981038031536336,0.32981038031536336
2M9F.pdb,P31K,30,2.3841142308243057,2.087745,-0.2963692795761368,0.2963692795761368
2M9F.pdb,P31T,30,2.693918582250138,2.477636,-0.21628248338844358,0.21628248338844358
2M9F.pdb,P31S,30,2.547394648943613,2.0592697,-0.48812498227185985,0.48812498227185985
2M9F.pdb,P31A,30,2.2662876114863444,1.5978578,-0.668429778577714,0.668429778577714
2M9F.pdb,P31G,30,2.4985987380341994,2.051535,-0.44706384690565937,0.44706384690565937
2M9F.pdb,P31M,30,2.419425053783884,1.7519768,-0.6674482061352633,0.6674482061352633
2M9F.pdb,P31L,30,2.4076014612121344,1.4015392,-1.0060622547073126,1.0060622547073126
2M9F.pdb,P31V,30,2.254290819326572,1.7132815,-0.541009307066135,0.541009307066135
2M9F.pdb,P31I,30,2.4832412273355384,1.7646248,-0.7186163932748695,0.7186163932748695
2M9F.pdb,P31W,30,2.1595238494282007,2.0996084,-0.059915428102517154,0.059915428102517154
2M9F.pdb,P31Y,30,2.3331627699816355,2.023726,-0.30943678350092263,0.30943678350092263
2M9F.pdb,P31F,30,2.3725505629442094,1.8937714,-0.4787791529558061,0.4787791529558061
2M9F.pdb,S32Q,31,0.1037754864449884,-0.16516125,-0.26893673846677796,0.26893673846677796
2M9F.pdb,S32E,31,-0.0111850926503747,0.01335926,0.02454435246439867,0.02454435246439867
2M9F.pdb,S32N,31,0.0402932773162914,0.03206939,-0.008223888539273805,0.008223888539273805
2M9F.pdb,S32H,31,0.2037002513734829,-0.06476,-0.268460250887109,0.268460250887109
2M9F.pdb,S32D,31,0.1102202831729255,0.29867658,0.1884562970177331,0.1884562970177331
2M9F.pdb,S32R,31,0.4132120297919228,-0.10264323,-0.5158552588592484,0.5158552588592484
2M9F.pdb,S32K,31,0.329003069676149,-0.11851829,-0.44752136258004915,0.44752136258004915
2M9F.pdb,S32T,31,-0.0982571216554242,-0.10259467,-0.004337551978151236,0.004337551978151236
2M9F.pdb,S32A,31,0.1936450544586283,0.021043275,-0.1726017799069983,0.1726017799069983
2M9F.pdb,S32G,31,0.0652678068624927,0.3932093,0.3279415015233563,0.3279415015233563
2M9F.pdb,S32M,31,-0.0409700050377233,-0.11107403,-0.07010402536159921,0.07010402536159921
2M9F.pdb,S32L,31,0.104637381120102,-0.18634786,-0.2909852382377549,0.2909852382377549
2M9F.pdb,S32V,31,-0.0137487723339106,-0.35129496,-0.3375461922180151,0.3375461922180151
2M9F.pdb,S32I,31,0.0097949147229683,-0.44980383,-0.4595987439160835,0.4595987439160835
2M9F.pdb,S32W,31,0.1849282687468965,-0.042151492,-0.22707976083592962,0.22707976083592962
2M9F.pdb,S32Y,31,0.0691347088981255,-0.03048521,-0.09961991797572216,0.09961991797572216
2M9F.pdb,S32F,31,0.2400377702455718,0.0036106147,-0.23642715555836744,0.23642715555836744
2M9F.pdb,S32P,31,0.3285699840553548,0.4342726,0.10570260324399211,0.10570260324399211
2M9F.pdb,G33Q,32,0.0922632479926179,0.5637435,0.47148022410668633,0.47148022410668633
2M9F.pdb,G33E,32,-0.1099384084258021,0.33187124,0.44180964975690257,0.44180964975690257
2M9F.pdb,G33N,32,0.0949753890068607,0.25039762,0.15542223357843593,0.15542223357843593
2M9F.pdb,G33H,32,0.0517849808411172,0.20329171,0.15150673335031956,0.15150673335031956
2M9F.pdb,G33D,32,-0.0185227894588178,0.19289225,0.21141504285771306,0.21141504285771306
2M9F.pdb,G33R,32,0.475326466253605,0.6203301,0.14500362903753272,0.14500362903753272
2M9F.pdb,G33K,32,0.5143409201396736,0.58983684,0.07549591572153247,0.07549591572153247
2M9F.pdb,G33T,32,0.0869803796786343,0.09573258,0.008752197466465342,0.008752197466465342
2M9F.pdb,G33S,32,0.0548272581348867,0.07296555,0.018138289307549516,0.018138289307549516
2M9F.pdb,G33A,32,-0.0222157138177938,0.14983562,0.17205133016796775,0.17205133016796775
2M9F.pdb,G33M,32,-0.1333617281389796,0.37339178,0.5067535054159724,0.5067535054159724
2M9F.pdb,G33L,32,0.0137884162339649,0.30188867,0.2881002582636395,0.2881002582636395
2M9F.pdb,G33V,32,0.0093631924106256,0.18022382,0.17086063018306336,0.17086063018306336
2M9F.pdb,G33I,32,-0.064739488152993,0.28171253,0.34645202019645005,0.34645202019645005
2M9F.pdb,G33W,32,-0.532849651322794,-0.20230779,0.33054186080498704,0.33054186080498704
2M9F.pdb,G33Y,32,-0.112973161934343,-0.109546036,0.003427126406160011,0.003427126406160011
2M9F.pdb,G33F,32,-0.2644818109559006,-0.1010209,0.1634609085606522,0.1634609085606522
2M9F.pdb,G33P,32,0.1558317242902736,0.33615857,0.18032684933719834,0.18032684933719834
2M9I.pdb,K1Q,0,-0.2013270572581187,0.052364707,0.25369176425122175,0.25369176425122175
2M9I.pdb,K1E,0,-0.5237490688789583,0.08446522,0.6082142894495226,0.6082142894495226
2M9I.pdb,K1N,0,-0.3098085066363489,0.12371084,0.43351934757682437,0.43351934757682437
2M9I.pdb,K1H,0,-0.1681669136770793,0.13138764,0.2995545497425624,0.2995545497425624
2M9I.pdb,K1D,0,-0.481938384701063,0.1742311,0.6561694818032282,0.6561694818032282
2M9I.pdb,K1R,0,-0.0866448927228225,0.11719216,0.20383704933569557,0.20383704933569557
2M9I.pdb,K1T,0,-0.1558776472033949,0.039532103,0.1954097498478384,0.1954097498478384
2M9I.pdb,K1S,0,-0.3800559981711544,0.03363748,0.41369347711879384,0.41369347711879384
2M9I.pdb,K1A,0,-0.3997527345029719,-0.0051136166,0.3946391179172404,0.3946391179172404
2M9I.pdb,K1G,0,0.0410972274465366,0.26173326,0.2206360362844662,0.2206360362844662
2M9I.pdb,K1M,0,0.1591382464552623,0.16247202,0.0033337781047123594,0.0033337781047123594
2M9I.pdb,K1L,0,-0.164191279317966,0.114123605,0.2783148845096736,0.2783148845096736
2M9I.pdb,K1V,0,-0.1677882325455608,0.02723711,0.19502534238547703,0.19502534238547703
2M9I.pdb,K1I,0,-0.0557427565257278,0.09923732,0.1549800793330398,0.1549800793330398
2M9I.pdb,K1W,0,-0.1262137940226118,0.19990943,0.3261232277451078,0.3261232277451078
2M9I.pdb,K1Y,0,-0.0457978019727272,0.21599914,0.26179694330821457,0.26179694330821457
2M9I.pdb,K1F,0,0.0214744070747257,0.3018388,0.28036437833520167,0.28036437833520167
2M9I.pdb,K1P,0,-0.3967045166748804,0.27155828,0.6682628014344019,0.6682628014344019
2M9I.pdb,L2Q,1,1.1898437990224626,1.8227371,0.6328932987177107,0.6328932987177107
2M9I.pdb,L2E,1,-1.2062617182748936,1.3974307,2.6036923766153475,2.6036923766153475
2M9I.pdb,L2N,1,1.307469804293982,1.77461,0.4671402382780394,0.4671402382780394
2M9I.pdb,L2H,1,2.021236952747066,1.7288579,-0.29237907787676587,0.29237907787676587
2M9I.pdb,L2D,1,-1.355236722843938,1.1502795,2.505516244786077,2.505516244786077
2M9I.pdb,L2R,1,0.9599572214013194,2.1533854,1.1934281793707753,1.1934281793707753
2M9I.pdb,L2K,1,-0.525804445252132,1.9932599,2.519064352020931,2.519064352020931
2M9I.pdb,L2T,1,0.9018437106109785,1.4546065,0.5527628224395587,0.5527628224395587
2M9I.pdb,L2S,1,0.9027301217152276,1.5740649,0.6713347290919623,0.6713347290919623
2M9I.pdb,L2A,1,1.419372860670534,1.548976,0.12960308384850894,0.12960308384850894
2M9I.pdb,L2G,1,0.5884381174577777,1.4456198,0.8571817040906842,0.8571817040906842
2M9I.pdb,L2M,1,0.5708356235935226,1.0299144,0.45907875552635047,0.45907875552635047
2M9I.pdb,L2V,1,0.3968924198081932,1.1821493,0.7852568712303201,0.7852568712303201
2M9I.pdb,L2I,1,0.7409209904740781,0.94146585,0.20054486417069728,0.20054486417069728
2M9I.pdb,L2W,1,0.900759506961706,1.4662272,0.5654676668435308,0.5654676668435308
2M9I.pdb,L2Y,1,0.9981931284391344,1.4679314,0.46973826136952035,0.46973826136952035
2M9I.pdb,L2F,1,0.7523303902467633,1.3736849,0.6213544928709125,0.6213544928709125
2M9I.pdb,L2P,1,-1.7833831130502016,1.1748687,2.9582518159386906,2.9582518159386906
2M9I.pdb,L2C,1,0.1557919195977273,1.1792032,1.0234112330588279,1.0234112330588279
2M9I.pdb,P3Q,2,0.9699287187606274,1.673965,0.7040362585037769,0.7040362585037769
2M9I.pdb,P3E,2,1.0212695770333102,1.7131679,0.6918983287741849,0.6918983287741849
2M9I.pdb,P3N,2,1.5752174017323923,1.5834985,0.008281076203398685,0.008281076203398685
2M9I.pdb,P3H,2,1.3875142146462731,1.6325895,0.24507524477297737,0.24507524477297737
2M9I.pdb,P3D,2,0.8008613762914927,1.7307518,0.9298903765619009,0.9298903765619009
2M9I.pdb,P3R,2,1.180767843218526,1.7774966,0.5967287330906781,0.5967287330906781
2M9I.pdb,P3K,2,1.139227003754484,1.7556893,0.616462259589327,0.616462259589327
2M9I.pdb,P3T,2,1.2809132980662925,1.8992958,0.6183825088184731,0.6183825088184731
2M9I.pdb,P3S,2,1.295870064701062,1.59431,0.29843998054124765,0.29843998054124765
2M9I.pdb,P3A,2,0.5050709920643573,1.5592613,1.0541903299571271,1.0541903299571271
2M9I.pdb,P3G,2,0.8128243703741431,1.7299882,0.9171638469796777,0.9171638469796777
2M9I.pdb,P3M,2,1.0043921892172682,1.6158214,0.6114291723244798,0.6114291723244798
2M9I.pdb,P3L,2,0.7472617568343086,1.411737,0.6644752083451347,0.6644752083451347
2M9I.pdb,P3V,2,1.0376038452993652,1.6128561,0.5752523043740967,0.5752523043740967
2M9I.pdb,P3I,2,1.2160027876339805,1.5469508,0.3309480294741738,0.3309480294741738
2M9I.pdb,P3W,2,0.9862922011314762,1.6512755,0.6649833144248593,0.6649833144248593
2M9I.pdb,P3Y,2,1.138817404064897,1.5299152,0.39109780952000284,0.39109780952000284
2M9I.pdb,P3F,2,1.4004826606094665,1.48124,0.08075737349392709,0.08075737349392709
2M9I.pdb,P3C,2,0.2056668303194294,1.2369914,1.0313245751676312,1.0313245751676312
2M9I.pdb,P4Q,3,0.4444200015648767,0.24357793,-0.20084207421387879,0.20084207421387879
2M9I.pdb,P4E,3,0.2095622244101671,0.10425217,-0.10531005736409699,0.10531005736409699
2M9I.pdb,P4N,3,0.2849914922435361,0.33246088,0.04746938803600492,0.04746938803600492
2M9I.pdb,P4H,3,0.2942577800412875,0.15622637,-0.13803141328294094,0.13803141328294094
2M9I.pdb,P4D,3,0.1153500425685383,0.30063498,0.18528493763318288,0.18528493763318288
2M9I.pdb,P4R,3,0.3266569719588612,0.39222318,0.06556620738150137,0.06556620738150137
2M9I.pdb,P4K,3,0.453120095448823,0.26417306,-0.1889470347932291,0.1889470347932291
2M9I.pdb,P4T,3,0.4570893775143918,0.23855524,-0.21853413986352055,0.21853413986352055
2M9I.pdb,P4S,3,0.2627250243345383,0.27400184,0.011276812442195083,0.011276812442195083
2M9I.pdb,P4A,3,0.0156417802231396,0.07280808,0.057166299198380635,0.057166299198380635
2M9I.pdb,P4G,3,0.735125703201599,0.43096548,-0.30416022001296983,0.30416022001296983
2M9I.pdb,P4M,3,0.263099332156226,0.18997008,-0.07312925607208903,0.07312925607208903
2M9I.pdb,P4L,3,0.344538215988783,0.14772922,-0.19680899798264895,0.19680899798264895
2M9I.pdb,P4V,3,0.2867673759122651,-0.039148584,-0.32591595992048195,0.32591595992048195
2M9I.pdb,P4I,3,0.2309222755795652,0.05223962,-0.17868265638410394,0.17868265638410394
2M9I.pdb,P4W,3,0.1308645109475624,-0.023860648,-0.1547251592219841,0.1547251592219841
2M9I.pdb,P4Y,3,-0.2327922595306117,0.025668189,0.25846044846016947,0.25846044846016947
2M9I.pdb,P4F,3,0.0008019967667962,0.020268485,0.019466488183269414,0.019466488183269414
2M9I.pdb,G5Q,4,0.93733139593427,2.0696554,1.1323240224617261,1.1323240224617261
2M9I.pdb,G5E,4,0.6312745509085279,1.9317514,1.3004768195214647,1.3004768195214647
2M9I.pdb,G5N,4,0.5844648914202795,1.4501623,0.865697400106515,0.865697400106515
2M9I.pdb,G5H,4,0.5204720146314457,1.6362574,1.1157853954179928,1.1157853954179928
2M9I.pdb,G5D,4,0.7081347285442883,1.4165438,0.7084091128177112,0.7084091128177112
2M9I.pdb,G5R,4,1.1938867163822338,2.182509,0.9886222290828541,0.9886222290828541
2M9I.pdb,G5K,4,1.55746727591227,2.1360629,0.5785955845766215,0.5785955845766215
2M9I.pdb,G5T,4,2.063459253325421,2.1118772,0.04841794966224988,0.04841794966224988
2M9I.pdb,G5S,4,1.0314922320802566,1.863209,0.8317167770902756,0.8317167770902756
2M9I.pdb,G5A,4,0.9252564383330264,1.9203836,0.9951271342454038,0.9951271342454038
2M9I.pdb,G5M,4,1.161467339534578,1.8807135,0.7192461232950118,0.7192461232950118
2M9I.pdb,G5L,4,1.1220581148012612,1.7830775,0.6610193636075523,0.6610193636075523
2M9I.pdb,G5V,4,1.2128079264805065,2.0586774,0.8458695084407581,0.8458695084407581
2M9I.pdb,G5I,4,1.1724639178040095,2.2162285,1.0437645673034124,1.0437645673034124
2M9I.pdb,G5W,4,0.6953400935835519,1.4880133,0.792673173933538,0.792673173933538
2M9I.pdb,G5Y,4,0.6507662613103746,1.2859962,0.6352299373438002,0.6352299373438002
2M9I.pdb,G5F,4,0.5208040910637466,1.1354651,0.6146610540473374,0.6146610540473374
2M9I.pdb,G5P,4,0.306101658115024,2.50167,2.1955682256130036,2.1955682256130036
2M9I.pdb,G5C,4,0.1399579656965567,1.1977913,1.0578333722703623,1.0578333722703623
2M9I.pdb,W6Q,5,1.278451708671477,2.7522807,1.4738290034562085,1.4738290034562085
2M9I.pdb,W6E,5,1.393919846328715,3.0652804,1.6713605911407674,1.6713605911407674
2M9I.pdb,W6N,5,1.285076088202539,2.704278,1.4192019040459962,1.4192019040459962
2M9I.pdb,W6H,5,1.0745862010132856,2.223133,1.1485468861449175,1.1485468861449175
2M9I.pdb,W6D,5,1.1967006381353218,2.9144773,1.717776710192315,1.717776710192315
2M9I.pdb,W6R,5,1.3440244525563751,2.8355093,1.4914848476755584,1.4914848476755584
2M9I.pdb,W6K,5,1.42600176537389,2.9039645,1.4779627541268425,1.4779627541268425
2M9I.pdb,W6T,5,0.6951457883738315,2.126557,1.4314113233662809,1.4314113233662809
2M9I.pdb,W6S,5,1.187146589912154,2.6606336,1.4734869740832073,1.4734869740832073
2M9I.pdb,W6A,5,1.3165020238844178,2.2481909,0.9316888559373595,0.9316888559373595
2M9I.pdb,W6G,5,1.6162305898688976,3.234291,1.6180604867912587,1.6180604867912587
2M9I.pdb,W6M,5,1.140462697125973,2.0538125,0.9133498066887242,0.9133498066887242
2M9I.pdb,W6L,5,1.239296026863189,1.808161,0.5688649934157417,0.5688649934157417
2M9I.pdb,W6V,5,0.6793934576368568,1.7716994,1.0923059709214928,1.0923059709214928
2M9I.pdb,W6I,5,1.3565872468555484,1.6935856,0.33699838737601895,0.33699838737601895
2M9I.pdb,W6Y,5,1.2360016193429333,0.9198115,-0.3161901321450573,0.3161901321450573
2M9I.pdb,W6F,5,1.254837059385832,0.87512803,-0.37970902860885447,0.37970902860885447
2M9I.pdb,W6P,5,1.4094221664237705,2.7430847,1.3336625026893887,1.3336625026893887
2M9I.pdb,E7Q,6,0.1238341617071014,0.4336105,0.3097763371980805,0.3097763371980805
2M9I.pdb,E7N,6,0.7401288393428621,1.310504,0.5703751203128996,0.5703751203128996
2M9I.pdb,E7H,6,0.2487684528245985,0.8591615,0.6103930433378161,0.6103930433378161
2M9I.pdb,E7D,6,0.8859968454659524,1.186917,0.30092010189885476,0.30092010189885476
2M9I.pdb,E7R,6,0.3523861112422549,1.1853675,0.8329813537769712,0.8329813537769712
2M9I.pdb,E7K,6,0.3082172002880846,1.1183295,0.810112324705812,0.810112324705812
2M9I.pdb,E7T,6,0.0489813864108834,0.52074075,0.47175936104089883,0.47175936104089883
2M9I.pdb,E7S,6,0.1818515676589177,0.8603227,0.6784711461930111,0.6784711461930111
2M9I.pdb,E7A,6,0.2956744891165153,0.88250256,0.5868280667306527,0.5868280667306527
2M9I.pdb,E7G,6,0.2471557821541639,1.5232009,1.2760450874060778,1.2760450874060778
2M9I.pdb,E7M,6,0.3889190551071197,0.43967718,0.05075812375259098,0.05075812375259098
2M9I.pdb,E7L,6,0.2284036530141497,0.5612154,0.3328117476816511,0.3328117476816511
2M9I.pdb,E7V,6,-0.1149017902087394,-0.048325896,0.06657589394561685,0.06657589394561685
2M9I.pdb,E7I,6,0.1033860803897843,0.044356883,-0.05902919781761022,0.05902919781761022
2M9I.pdb,E7W,6,0.3309419473818183,0.71136063,0.3804186859914422,0.3804186859914422
2M9I.pdb,E7Y,6,0.3464208338384456,0.6248503,0.27842943929387864,0.27842943929387864
2M9I.pdb,E7F,6,0.3023920080575064,0.6289088,0.32651680494221896,0.32651680494221896
2M9I.pdb,E7P,6,1.1282717030407148,2.651063,1.5227912623523516,1.5227912623523516
2M9I.pdb,K8Q,7,-0.0386998967597977,-0.115528435,-0.07682853775520168,0.07682853775520168
2M9I.pdb,K8E,7,-0.0364924165727797,0.27485785,0.31135026545545486,0.31135026545545486
2M9I.pdb,K8N,7,1.0224176883369367,1.3927909,0.37037322524491145,0.37037322524491145
2M9I.pdb,K8H,7,0.7099987664482377,0.7572746,0.0472758612373092,0.0472758612373092
2M9I.pdb,K8D,7,0.93871701335787,1.8594891,0.9207720699322302,0.9207720699322302
2M9I.pdb,K8R,7,-0.1574549555297804,0.1510522,0.30850716228446484,0.30850716228446484
2M9I.pdb,K8T,7,0.2640131913787469,0.25358486,-0.01042832962337581,0.01042832962337581
2M9I.pdb,K8S,7,0.5678538056502089,0.6538941,0.08604032076504375,0.08604032076504375
2M9I.pdb,K8A,7,0.0183524493146618,0.26559144,0.24723899327032967,0.24723899327032967
2M9I.pdb,K8G,7,0.7487908101671086,1.4170761,0.6682853006727352,0.6682853006727352
2M9I.pdb,K8M,7,-0.4443440677405592,-0.28539062,0.15895345227730234,0.15895345227730234
2M9I.pdb,K8L,7,-0.1198025629760037,-0.20000583,-0.08020326635825534,0.08020326635825534
2M9I.pdb,K8V,7,-0.4364292700458319,-0.47799128,-0.041562012894079015,0.041562012894079015
2M9I.pdb,K8I,7,-0.2869886211886649,-0.37933958,-0.09235095457885217,0.09235095457885217
2M9I.pdb,K8W,7,0.7197303389743857,0.28657353,-0.4331568097309164,0.4331568097309164
2M9I.pdb,K8Y,7,0.3641605581868583,0.21346925,-0.15069130619653998,0.15069130619653998
2M9I.pdb,K8F,7,0.161001014899854,0.25396493,0.09296391587292738,0.09296391587292738
2M9I.pdb,K8P,7,0.9005352998792793,1.7063727,0.8058374380052422,0.8058374380052422
2M9I.pdb,R9Q,8,1.032678603686478,0.84802663,-0.18465197042384363,0.18465197042384363
2M9I.pdb,R9E,8,0.9606669311101472,1.6495693,0.6889023418848479,0.6889023418848479
2M9I.pdb,R9N,8,0.9278847583205828,1.5582205,0.6303357473938337,0.6303357473938337
2M9I.pdb,R9H,8,0.6295584433287216,1.0785781,0.44901967118086095,0.44901967118086095
2M9I.pdb,R9D,8,1.4247223226575991,2.6029434,1.1782210977525571,1.1782210977525571
2M9I.pdb,R9K,8,0.2912739119536559,0.39816958,0.10689566516807875,0.10689566516807875
2M9I.pdb,R9T,8,1.271567478793285,1.3051859,0.033618435246326905,0.033618435246326905
2M9I.pdb,R9S,8,0.8565603364630094,1.3449323,0.4883719812707552,0.4883719812707552
2M9I.pdb,R9A,8,0.9646909926275664,0.9882523,0.023561289515072747,0.023561289515072747
2M9I.pdb,R9G,8,1.3738163898799638,1.7965163,0.4226999093677779,0.4226999093677779
2M9I.pdb,R9M,8,0.2165598635386603,0.3296981,0.11313822224625181,0.11313822224625181
2M9I.pdb,R9L,8,0.4452132054905953,0.25583005,-0.18938315597582478,0.18938315597582478
2M9I.pdb,R9V,8,0.5252059928275918,0.86514103,0.3399350412986899,0.3399350412986899
2M9I.pdb,R9I,8,0.6299872505484937,0.8141441,0.1841568243683459,0.1841568243683459
2M9I.pdb,R9W,8,0.9493504061072802,0.76090086,-0.18844955104288807,0.18844955104288807
2M9I.pdb,R9Y,8,0.4005211707613112,0.5467214,0.1462002280691026,0.1462002280691026
2M9I.pdb,R9F,8,0.3624305788341129,0.84429836,0.4818677838978207,0.4818677838978207
2M9I.pdb,M10Q,9,0.1589791550608371,0.34792554,0.18894638872425812,0.18894638872425812
2M9I.pdb,M10E,9,0.2723908448494665,0.63897157,0.36658072230446415,0.36658072230446415
2M9I.pdb,M10N,9,0.518392215107643,1.0100343,0.49164210763100447,0.49164210763100447
2M9I.pdb,M10H,9,0.1874400611172135,0.49648145,0.309041387294728,0.309041387294728
2M9I.pdb,M10D,9,1.5582329130103385,1.4507535,-0.10747946261666175,0.10747946261666175
2M9I.pdb,M10R,9,-0.1341418308250443,0.4717126,0.6058544200889603,0.6058544200889603
2M9I.pdb,M10K,9,0.3016571625172979,0.5104877,0.20883051314951118,0.20883051314951118
2M9I.pdb,M10T,9,-0.0171823378310664,-0.11633441,-0.09915207069058582,0.09915207069058582
2M9I.pdb,M10S,9,0.3428577250150946,0.64473426,0.3018765384050104,0.3018765384050104
2M9I.pdb,M10A,9,0.3102645768722931,0.7260433,0.4157787070670685,0.4157787070670685
2M9I.pdb,M10G,9,0.7430170115486789,1.4538403,0.7108232441886257,0.7108232441886257
2M9I.pdb,M10L,9,0.0470611164403032,0.11133063,0.06426951195477737,0.06426951195477737
2M9I.pdb,M10V,9,-0.1679761756422297,-0.31832635,-0.15035017838456474,0.15035017838456474
2M9I.pdb,M10I,9,-0.4404957340148396,-0.4366789,0.003816847601265383,0.003816847601265383
2M9I.pdb,M10W,9,-0.1298803533952384,0.12403633,0.2539166803996711,0.2539166803996711
2M9I.pdb,M10Y,9,-0.3185129494244056,0.071864694,0.39037764378132395,0.39037764378132395
2M9I.pdb,M10F,9,-0.2460751961287381,-0.009880602,0.23619459376896637,0.23619459376896637
2M9I.pdb,M10P,9,0.9245333340609156,1.8333731,0.908839735702268,0.908839735702268
2M9I.pdb,F11Q,10,0.2736427330873008,0.26060537,-0.013037368049382714,0.013037368049382714
2M9I.pdb,F11E,10,0.220027793091485,-0.02144371,-0.241471502822587,0.241471502822587
2M9I.pdb,F11N,10,-0.5532782443188051,-0.41694522,0.13633302527888813,0.13633302527888813
2M9I.pdb,F11H,10,-0.0960509123395716,0.25150478,0.3475556912015711,0.3475556912015711
2M9I.pdb,F11D,10,-0.7971301394021253,-0.60622,0.19091013245937627,0.19091013245937627
2M9I.pdb,F11R,10,0.2067148101642475,0.5672962,0.3605813967868938,0.3605813967868938
2M9I.pdb,F11K,10,0.0927727025912936,0.45688805,0.3641153472496335,0.3641153472496335
2M9I.pdb,F11T,10,0.2121045028621654,0.75170296,0.5395984614437123,0.5395984614437123
2M9I.pdb,F11S,10,-0.1786447994412572,0.23583224,0.41447704359904836,0.41447704359904836
2M9I.pdb,F11A,10,0.3636218002179492,-0.1235494,-0.4871712019780505,0.4871712019780505
2M9I.pdb,F11G,10,0.44481996275049,0.5752256,0.13040562890905588,0.13040562890905588
2M9I.pdb,F11M,10,-0.168879753639475,-0.2215375,-0.05265774698041331,0.05265774698041331
2M9I.pdb,F11L,10,-0.337802732185952,-0.4887488,-0.15094605664766614,0.15094605664766614
2M9I.pdb,F11V,10,0.021026870671762,0.34373015,0.3227032809815278,0.3227032809815278
2M9I.pdb,F11I,10,-0.2402668333657012,0.018020704,0.2582875377543197,0.2582875377543197
2M9I.pdb,F11W,10,0.169596729061635,0.13150054,-0.03809618689778613,0.03809618689778613
2M9I.pdb,F11Y,10,-0.2695031630279787,0.3747961,0.6442992555382021,0.6442992555382021
2M9I.pdb,F11P,10,1.6867445401103254,1.2703056,-0.4164389065654035,0.4164389065654035
2M9I.pdb,R12Q,11,0.0176051393344565,0.13248676,0.114881621281846,0.114881621281846
2M9I.pdb,R12E,11,-0.1435901719889913,0.14083402,0.28442419057705737,0.28442419057705737
2M9I.pdb,R12N,11,-0.2183295929191822,0.23302771,0.45135730442984046,0.45135730442984046
2M9I.pdb,R12H,11,-0.0684647662588806,0.17142016,0.2398849232145996,0.2398849232145996
2M9I.pdb,R12D,11,-0.46890218953949,0.38305146,0.8519536445603946,0.8519536445603946
2M9I.pdb,R12K,11,-0.1286892409297897,-0.019786417,0.10890282344550625,0.10890282344550625
2M9I.pdb,R12T,11,-0.2361910399679532,0.20580548,0.4419965204481473,0.4419965204481473
2M9I.pdb,R12S,11,-0.1605585609726649,0.028487489,0.1890460496000987,0.1890460496000987
2M9I.pdb,R12A,11,-0.3299702935038233,0.04747118,0.37744147406202794,0.37744147406202794
2M9I.pdb,R12G,11,-0.5322746141267694,0.17621718,0.7084917975974954,0.7084917975974954
2M9I.pdb,R12M,11,-0.1434320231398234,0.16653018,0.30996220013700815,0.30996220013700815
2M9I.pdb,R12L,11,-0.2447570819657449,0.0678868,0.3126438815396432,0.3126438815396432
2M9I.pdb,R12V,11,-0.0633203350363615,0.21146575,0.2747860812006834,0.2747860812006834
2M9I.pdb,R12I,11,-0.0992187027222668,0.27552116,0.3747398618943249,0.3747398618943249
2M9I.pdb,R12W,11,0.1722236641418981,0.058871947,-0.11335171691298956,0.11335171691298956
2M9I.pdb,R12Y,11,-0.03755629222729,0.14468813,0.18224442165233884,0.18224442165233884
2M9I.pdb,R12F,11,0.2445233946613514,0.24737144,0.002848040504053878,0.002848040504053878
2M9I.pdb,R12P,11,-0.0830871506478192,-0.27744353,-0.19435637752753482,0.19435637752753482
2M9I.pdb,S13Q,12,0.0517957350100219,-0.02888462,-0.08068035448443292,0.08068035448443292
2M9I.pdb,S13E,12,-0.0365724441855765,-0.039341643,-0.002769199267067847,0.002769199267067847
2M9I.pdb,S13N,12,0.0366079793762736,0.0945741,0.057966121892971546,0.057966121892971546
2M9I.pdb,S13H,12,-0.0894401571586371,0.06461423,0.15405438606288438,0.15405438606288438
2M9I.pdb,S13D,12,0.025980085458618,0.038008124,0.012028038177627726,0.012028038177627726
2M9I.pdb,S13R,12,0.1081517761510471,0.13050403,0.02235225085796322,0.02235225085796322
2M9I.pdb,S13K,12,-0.0867303960945136,0.021627799,0.10835819477100439,0.10835819477100439
2M9I.pdb,S13T,12,-0.165459550805407,0.20314905,0.36860860127957384,0.36860860127957384
2M9I.pdb,S13A,12,0.2434982951452413,-0.05264327,-0.2961415644457021,0.2961415644457021
2M9I.pdb,S13G,12,-0.0019178853579147,0.0009126514,0.0028305367775542873,0.0028305367775542873
2M9I.pdb,S13M,12,0.6118000770366104,0.09595699,-0.5158430884039314,0.5158430884039314
2M9I.pdb,S13L,12,0.3582388392248663,0.056871198,-0.3013676411071333,0.3013676411071333
2M9I.pdb,S13V,12,0.015129219439137,0.37258074,0.3574515174363971,0.3574515174363971
2M9I.pdb,S13I,12,0.0516790664581219,0.32228285,0.27060378428421816,0.27060378428421816
2M9I.pdb,S13W,12,-0.0988567497327441,0.062110662,0.16096741219307126,0.16096741219307126
2M9I.pdb,S13Y,12,0.2554601547821979,0.15545104,-0.10000911034192844,0.10000911034192844
2M9I.pdb,S13F,12,0.0190655910252126,0.21619591,0.19713032014383952,0.19713032014383952
2M9I.pdb,S13P,12,0.0595615900282389,0.66894746,0.609385868238973,0.609385868238973
2M9I.pdb,N14Q,13,0.2213763243016792,1.6827023,1.4613259786310602,1.4613259786310602
2M9I.pdb,N14E,13,0.3197706996440543,1.5069793,1.1872086466312752,1.1872086466312752
2M9I.pdb,N14H,13,0.219074954312507,1.2637697,1.0446947915142142,1.0446947915142142
2M9I.pdb,N14D,13,-0.2195955163671028,0.28134143,0.5009369498921883,0.5009369498921883
2M9I.pdb,N14R,13,0.1165859967275875,1.4105394,1.2939533919290287,1.2939533919290287
2M9I.pdb,N14K,13,0.1564325495698003,1.7236669,1.5672343567870113,1.5672343567870113
2M9I.pdb,N14T,13,-0.2793075152812296,0.769659,1.0489664980349833,1.0489664980349833
2M9I.pdb,N14S,13,-0.3274176767755199,0.6457137,0.9731313637185741,0.9731313637185741
2M9I.pdb,N14A,13,0.0805496921562902,1.4452436,1.3646939048743494,1.3646939048743494
2M9I.pdb,N14G,13,0.2499668318033452,1.2201144,0.9701475185155635,0.9701475185155635
2M9I.pdb,N14M,13,1.0344833811453626,1.555344,0.5208606044121935,0.5208606044121935
2M9I.pdb,N14L,13,0.2303022828372463,1.6815364,1.4512341532436863,1.4512341532436863
2M9I.pdb,N14V,13,0.9048736086658518,1.7902379,0.885364294929119,0.885364294929119
2M9I.pdb,N14I,13,0.6010202760993106,1.945436,1.344415724724664,1.344415724724664
2M9I.pdb,N14W,13,0.461229960775955,1.4052203,0.9439903093809053,0.9439903093809053
2M9I.pdb,N14Y,13,0.2922476774133451,1.4933062,1.2010584825597994,1.2010584825597994
2M9I.pdb,N14F,13,0.9243924898595388,1.2935303,0.3691378551035349,0.3691378551035349
2M9I.pdb,N14P,13,0.6404854069293358,2.237968,1.5974825610577248,1.5974825610577248
2M9I.pdb,G15Q,14,0.5038546013634801,0.9026219,0.3987673235136866,0.3987673235136866
2M9I.pdb,G15E,14,0.4707629464836971,1.3338342,0.8630712248114689,0.8630712248114689
2M9I.pdb,G15N,14,0.2984820446574279,0.6453188,0.34683676151398934,0.34683676151398934
2M9I.pdb,G15H,14,0.018493296676183,0.8305427,0.8120493869251963,0.8120493869251963
2M9I.pdb,G15D,14,0.6152803426435716,1.2728989,0.657618569786238,0.657618569786238
2M9I.pdb,G15R,14,0.5512759919987942,1.023755,0.47247896233927955,0.47247896233927955
2M9I.pdb,G15K,14,0.6419012929639586,0.92512864,0.28322734578039566,0.28322734578039566
2M9I.pdb,G15T,14,0.5196749794568755,1.6706618,1.1509868276033663,1.1509868276033663
2M9I.pdb,G15S,14,0.4149236502432796,1.0921116,0.6771879372811345,0.6771879372811345
2M9I.pdb,G15A,14,0.2171390014458937,1.2039334,0.9867943567465501,0.9867943567465501
2M9I.pdb,G15M,14,0.2363227710120683,1.1212627,0.8849398985512251,0.8849398985512251
2M9I.pdb,G15L,14,0.4874644169005442,1.1673281,0.6798637023774099,0.6798637023774099
2M9I.pdb,G15V,14,1.721614158715106,1.8791583,0.15754409972300443,0.15754409972300443
2M9I.pdb,G15I,14,0.7407389862262324,2.0004997,1.2597607391155645,1.2597607391155645
2M9I.pdb,G15W,14,0.7222053645007128,1.2145712,0.4923658730633741,0.4923658730633741
2M9I.pdb,G15Y,14,0.7383171592520104,1.1994672,0.46115002290741347,0.46115002290741347
2M9I.pdb,G15F,14,-0.1287262228397658,1.0410056,1.1697318342594436,1.1697318342594436
2M9I.pdb,G15P,14,1.2959991489091525,2.0357528,0.7397536243757596,0.7397536243757596
2M9I.pdb,T16Q,15,-0.2571503006231064,-0.2574168,-0.0002665139425521712,0.0002665139425521712
2M9I.pdb,T16E,15,-0.0368073186804325,0.25769547,0.29450278496041604,0.29450278496041604
2M9I.pdb,T16N,15,0.1258038593248485,0.30888802,0.1830841588064076,0.1830841588064076
2M9I.pdb,T16H,15,0.044275678772828,0.057241485,0.012965805749991517,0.012965805749991517
2M9I.pdb,T16D,15,0.6162697956085109,0.75976753,0.1434977367401219,0.1434977367401219
2M9I.pdb,T16R,15,-0.3413504334516799,-0.2788888,0.062461641652134636,0.062461641652134636
2M9I.pdb,T16K,15,-0.3814170463965161,-0.24744818,0.1339688702509625,0.1339688702509625
2M9I.pdb,T16S,15,-0.250372401496318,0.15110436,0.4014767623151809,0.4014767623151809
2M9I.pdb,T16A,15,-0.2294693252786059,0.01988113,0.24935045454343743,0.24935045454343743
2M9I.pdb,T16G,15,0.2177076853348354,0.61585623,0.39814854492410623,0.39814854492410623
2M9I.pdb,T16M,15,-0.2870458014365973,-0.2779651,0.009080702817136244,0.009080702817136244
2M9I.pdb,T16L,15,-0.3099250429923168,-0.024497494,0.28542754889079247,0.28542754889079247
2M9I.pdb,T16V,15,-0.2925772333249286,-0.16840577,0.12417146206943541,0.12417146206943541
2M9I.pdb,T16I,15,-0.6754330046396351,-0.24606276,0.4293702490549183,0.4293702490549183
2M9I.pdb,T16W,15,-0.0528576446797519,0.06593656,0.11879420262834123,0.11879420262834123
2M9I.pdb,T16Y,15,-0.3028489773452685,-0.028752126,0.2740968515456126,0.2740968515456126
2M9I.pdb,T16F,15,0.2278719632783298,0.008480728,-0.21939123560575288,0.21939123560575288
2M9I.pdb,T16P,15,0.2736349741780727,2.1128495,1.8392144997751743,1.8392144997751743
2M9I.pdb,V17Q,16,0.7132869689171892,0.72922695,0.015939977913560277,0.015939977913560277
2M9I.pdb,V17E,16,0.2284636897790424,0.5432664,0.3148027258169659,0.3148027258169659
2M9I.pdb,V17N,16,0.5899212109407777,1.5939467,1.0040254843869811,1.0040254843869811
2M9I.pdb,V17H,16,0.4560875611042565,0.9180179,0.4619303627276832,0.4619303627276832
2M9I.pdb,V17D,16,1.1605831127882873,1.391801,0.23121788685313116,0.23121788685313116
2M9I.pdb,V17R,16,0.7922864250491555,1.373003,0.5807165809322898,0.5807165809322898
2M9I.pdb,V17K,16,0.6932180584179253,1.145838,0.4526199638141304,0.4526199638141304
2M9I.pdb,V17T,16,0.4021764955144012,0.56681633,0.16463983444165348,0.16463983444165348
2M9I.pdb,V17S,16,0.4005193236180719,1.001722,0.6012026545694891,0.6012026545694891
2M9I.pdb,V17A,16,0.2546751976021328,0.65741795,0.40274275541224097,0.40274275541224097
2M9I.pdb,V17G,16,0.8666469264350466,1.3761146,0.5094676804222532,0.5094676804222532
2M9I.pdb,V17M,16,0.6682684311002403,0.48084444,-0.18742399302422097,0.18742399302422097
2M9I.pdb,V17L,16,0.9199399260523672,0.3684168,-0.5515231398585195,0.5515231398585195
2M9I.pdb,V17I,16,-0.0821868179751947,0.15695447,0.23914128527179504,0.23914128527179504
2M9I.pdb,V17W,16,0.3520861222869096,0.30487233,-0.04721378828346112,0.04721378828346112
2M9I.pdb,V17Y,16,-0.0184201562558672,0.39870536,0.4171255195294878,0.4171255195294878
2M9I.pdb,V17F,16,-0.1257892017326332,0.41609383,0.5418830280265785,0.5418830280265785
2M9I.pdb,V17P,16,0.2481559989761925,1.1707478,0.9225917579818153,0.9225917579818153
2M9I.pdb,Y18Q,17,0.9746712849530316,2.3648422,1.3901708914843462,1.3901708914843462
2M9I.pdb,Y18E,17,1.1438977202849598,2.7327642,1.58886652379463,1.58886652379463
2M9I.pdb,Y18N,17,1.5226253525787805,2.854716,1.3320907099669959,1.3320907099669959
2M9I.pdb,Y18H,17,1.3476028876430883,1.7006289,0.35302598904300786,0.35302598904300786
2M9I.pdb,Y18D,17,0.8646523489200882,3.0287898,2.1641374097621626,2.1641374097621626
2M9I.pdb,Y18R,17,0.9651825770481064,2.1937053,1.22852274331017,1.22852274331017
2M9I.pdb,Y18K,17,1.4333497684688807,2.4946127,1.0612629253177404,1.0612629253177404
2M9I.pdb,Y18T,17,1.9338217632269528,2.3221385,0.3883167846703861,0.3883167846703861
2M9I.pdb,Y18S,17,1.7889193282511482,2.5457075,0.7567881359669915,0.7567881359669915
2M9I.pdb,Y18G,17,0.965184976711297,2.7465217,1.7813367346381903,1.7813367346381903
2M9I.pdb,Y18M,17,0.8720782982343462,1.7833397,0.911261440611479,0.911261440611479
2M9I.pdb,Y18L,17,0.9481292650191622,1.7713948,0.8232655838043852,0.8232655838043852
2M9I.pdb,Y18V,17,1.1197155947005832,1.8928485,0.7731328969681179,0.7731328969681179
2M9I.pdb,Y18I,17,0.5209488579520184,1.694985,1.1740361741295855,1.1740361741295855
2M9I.pdb,Y18W,17,0.5336771394654214,0.7275219,0.1938447568968833,0.1938447568968833
2M9I.pdb,Y18F,17,0.3208588434526566,0.44505215,0.12419330345896451,0.12419330345896451
2M9I.pdb,Y18P,17,1.6682286764299952,3.0513978,1.3831691240155615,1.3831691240155615
2M9I.pdb,Y19Q,18,1.4097737979235725,2.8571725,1.4473986912426873,1.4473986912426873
2M9I.pdb,Y19E,18,2.0499780885532557,2.895,0.845021892373258,0.845021892373258
2M9I.pdb,Y19H,18,0.5905414434501561,1.9625621,1.372020640747842,1.372020640747842
2M9I.pdb,Y19D,18,1.18730647529589,2.7701316,1.5828251126862878,1.5828251126862878
2M9I.pdb,Y19T,18,1.92864744878655,2.5103087,0.5816612937366434,0.5816612937366434
2M9I.pdb,Y19M,18,1.4259454691644835,2.495262,1.0693164384130311,1.0693164384130311
2M9I.pdb,Y19L,18,1.6744383012710322,2.2017908,0.5273525083603154,0.5273525083603154
2M9I.pdb,Y19I,18,1.5440880454397532,2.2236235,0.6795354687356618,0.6795354687356618
2M9I.pdb,Y19W,18,0.1829244734313138,0.8294424,0.6465179084275119,0.6465179084275119
2M9I.pdb,Y19F,18,0.4261122696499094,0.9910815,0.5649692065616385,0.5649692065616385
2M9I.pdb,Y19P,18,1.1857379230218876,2.8375783,1.6518403736394893,1.6518403736394893
2M9I.pdb,F20Q,19,1.11803089012991,1.2900518,0.17202092776407185,0.17202092776407185
2M9I.pdb,F20E,19,1.2353452129189435,1.6672585,0.43191328813391294,0.43191328813391294
2M9I.pdb,F20H,19,0.2286895614709646,0.91881007,0.6901205080900401,0.6901205080900401
2M9I.pdb,F20D,19,1.500925213456798,2.2911477,0.7902224954360242,0.7902224954360242
2M9I.pdb,F20K,19,1.271122194083996,1.5511287,0.28000655099504446,0.28000655099504446
2M9I.pdb,F20T,19,0.7577285288203991,1.4057518,0.6480232955585682,0.6480232955585682
2M9I.pdb,F20S,19,0.9939881028805608,1.6350235,0.6410353718127375,0.6410353718127375
2M9I.pdb,F20A,19,0.8695186887034997,1.3355377,0.466018983339347,0.466018983339347
2M9I.pdb,F20G,19,1.4724820746822418,2.0298228,0.5573407517032563,0.5573407517032563
2M9I.pdb,F20M,19,1.1899066563525058,0.81911707,-0.37078958710812104,0.37078958710812104
2M9I.pdb,F20L,19,1.3159895063300713,0.96884966,-0.3471398473640068,0.3471398473640068
2M9I.pdb,F20V,19,0.3801768500212463,0.9272776,0.5471007745858398,0.5471007745858398
2M9I.pdb,F20I,19,0.5096600539522046,0.7887132,0.2790531628294116,0.2790531628294116
2M9I.pdb,F20W,19,0.13750518830076,0.2308864,0.09338121144518116,0.09338121144518116
2M9I.pdb,F20Y,19,-0.2706128791358784,-0.07013762,0.2004752591636494,0.2004752591636494
2M9I.pdb,F20P,19,1.0464019562795797,2.778901,1.7324991438791117,1.7324991438791117
2M9I.pdb,N21Q,20,0.7891752002086792,2.3686137,1.5794385197315064,1.5794385197315064
2M9I.pdb,N21E,20,0.8576568781318936,2.170005,1.3123482049522128,1.3123482049522128
2M9I.pdb,N21H,20,0.5989896013412348,1.2928674,0.693877820762647,0.693877820762647
2M9I.pdb,N21D,20,0.8326837029873158,1.1861553,0.35347161622655143,0.35347161622655143
2M9I.pdb,N21R,20,1.0202651870281343,2.0879831,1.0677179443805571,1.0677179443805571
2M9I.pdb,N21K,20,1.3269700239375206,2.5761616,1.249191599063578,1.249191599063578
2M9I.pdb,N21T,20,0.7638287634581196,2.4482603,1.6844315438538922,1.6844315438538922
2M9I.pdb,N21S,20,0.6094583427747813,1.7258265,1.1163681590715322,1.1163681590715322
2M9I.pdb,N21A,20,1.1187557145059872,2.304663,1.1859072283803653,1.1859072283803653
2M9I.pdb,N21G,20,0.969080771700486,2.0437937,1.0747129065832053,1.0747129065832053
2M9I.pdb,N21M,20,0.4830895905387068,2.1124742,1.6293846125710343,1.6293846125710343
2M9I.pdb,N21L,20,0.1667776369857975,1.7919184,1.6251407599639704,1.6251407599639704
2M9I.pdb,N21V,20,0.5741353723435825,1.9322151,1.3580797222227627,1.3580797222227627
2M9I.pdb,N21I,20,0.0490231367092295,2.1665916,2.11756850757788,2.11756850757788
2M9I.pdb,N21W,20,0.4047828691352997,1.8211297,1.416346810544571,1.416346810544571
2M9I.pdb,N21Y,20,0.5686185791191116,1.8292435,1.2606249616447434,1.2606249616447434
2M9I.pdb,N21F,20,0.3773336206497661,1.6841345,1.3068008626876362,1.3068008626876362
2M9I.pdb,N21P,20,1.499104994875348,2.6569753,1.1578702744422789,1.1578702744422789
2M9I.pdb,H22Q,21,0.0172951760554398,0.58037424,0.5630790648198043,0.5630790648198043
2M9I.pdb,H22E,21,0.4865040423014389,0.93358135,0.4470773099324478,0.4470773099324478
2M9I.pdb,H22N,21,-0.1222608195332639,0.61283207,0.7350928889302366,0.7350928889302366
2M9I.pdb,H22D,21,0.6971493092329478,1.1947658,0.4976164969651723,0.4976164969651723
2M9I.pdb,H22R,21,-0.2604345929733773,0.36831722,0.6287518096081277,0.6287518096081277
2M9I.pdb,H22K,21,-0.0941883192181753,0.44036558,0.5345539019227193,0.5345539019227193
2M9I.pdb,H22T,21,-0.8280044410244909,0.14150453,0.9695089671627966,0.9695089671627966
2M9I.pdb,H22S,21,-0.168582190726217,0.43369952,0.602281709168371,0.602281709168371
2M9I.pdb,H22A,21,0.1192756017179142,0.71683675,0.5975611487894406,0.5975611487894406
2M9I.pdb,H22G,21,0.4003195567412096,0.94451535,0.5441957907395643,0.5441957907395643
2M9I.pdb,H22M,21,-0.0897039652981293,0.61230403,0.7020079971470368,0.7020079971470368
2M9I.pdb,H22L,21,-0.4083586578483544,0.4934932,0.9018518571968042,0.9018518571968042
2M9I.pdb,H22V,21,-0.5558679038583474,0.2738461,0.8297139936982827,0.8297139936982827
2M9I.pdb,H22I,21,-0.5653596811021031,0.29194692,0.8573065988743962,0.8573065988743962
2M9I.pdb,H22W,21,-0.2298058591728937,0.01478371,0.24458956941421145,0.24458956941421145
2M9I.pdb,H22Y,21,-0.5903302620209554,-0.24864838,0.34168188674820454,0.34168188674820454
2M9I.pdb,H22F,21,-0.2484912789322695,0.1215637,0.3700549817540011,0.3700549817540011
2M9I.pdb,H22P,21,0.2904017394394012,1.8120385,1.5216368014007478,1.5216368014007478
2M9I.pdb,I23Q,22,0.5986123461719255,0.6802664,0.0816540341381331,0.0816540341381331
2M9I.pdb,I23E,22,-0.0263325773413576,0.925608,0.9519405566389956,0.9519405566389956
2M9I.pdb,I23N,22,0.3666693835457109,0.9609183,0.5942489237586714,0.5942489237586714
2M9I.pdb,I23H,22,0.1575703600106429,0.80410945,0.6465390941443254,0.6465390941443254
2M9I.pdb,I23D,22,0.4250001426853218,1.2173879,0.792387771972271,0.792387771972271
2M9I.pdb,I23R,22,0.6442455564248223,0.7522194,0.10797382252338938,0.10797382252338938
2M9I.pdb,I23K,22,0.3784271755662173,0.7526776,0.3742504438910276,0.3742504438910276
2M9I.pdb,I23T,22,0.4048105384363172,0.81780106,0.4129905198560717,0.4129905198560717
2M9I.pdb,I23S,22,0.7119436283403736,1.0455518,0.3336081485456127,0.3336081485456127
2M9I.pdb,I23A,22,0.4260509147897884,0.85638446,0.4303335413678959,0.4303335413678959
2M9I.pdb,I23G,22,0.9076404787804812,1.4993508,0.5917103074286253,0.5917103074286253
2M9I.pdb,I23M,22,0.1909585599472494,0.42449656,0.23353800134158423,0.23353800134158423
2M9I.pdb,I23L,22,0.1409050682577821,0.187321,0.046415938993957406,0.046415938993957406
2M9I.pdb,I23V,22,0.1410096623279301,0.29446092,0.1534512601516994,0.1534512601516994
2M9I.pdb,I23W,22,0.5884469335977588,0.7275988,0.13915185275630615,0.13915185275630615
2M9I.pdb,I23Y,22,-0.0065647302195139,0.7121881,0.7187528548761911,0.7187528548761911
2M9I.pdb,I23F,22,-0.1625109752898892,0.6962606,0.8587715467696866,0.8587715467696866
2M9I.pdb,I23P,22,0.8562498483765553,2.1979175,1.3416676130187084,1.3416676130187084
2M9I.pdb,T24Q,23,0.6103731221770662,1.3341463,0.7237731390381438,0.7237731390381438
2M9I.pdb,T24E,23,1.0489654918891766,1.4077729,0.3588074067848346,0.3588074067848346
2M9I.pdb,T24N,23,0.5501819973478952,0.827425,0.2772430057038626,0.2772430057038626
2M9I.pdb,T24H,23,0.9022129492888894,1.2214397,0.3192267699112449,0.3192267699112449
2M9I.pdb,T24D,23,0.4047468826343956,0.9032726,0.49852574614978407,0.49852574614978407
2M9I.pdb,T24R,23,0.5396048982870931,1.3326335,0.7930285970437174,0.7930285970437174
2M9I.pdb,T24K,23,0.9532267343277772,1.38634,0.43311328775932,0.43311328775932
2M9I.pdb,T24S,23,0.654422395405565,0.44999176,-0.20443063276747298,0.20443063276747298
2M9I.pdb,T24A,23,1.1277816302465395,1.3871105,0.2593288414789243,0.2593288414789243
2M9I.pdb,T24G,23,0.8273743959040263,1.3780361,0.5506617454915426,0.5506617454915426
2M9I.pdb,T24M,23,1.122054994306318,1.3102309,0.18817585686708282,0.18817585686708282
2M9I.pdb,T24L,23,0.7880985107541272,1.338434,0.5503354701876453,0.5503354701876453
2M9I.pdb,T24V,23,0.8653242376796786,1.2630609,0.39773668971137366,0.39773668971137366
2M9I.pdb,T24I,23,0.8373759137743133,1.341599,0.5042230738050324,0.5042230738050324
2M9I.pdb,T24W,23,0.1332276747274865,1.2474039,1.1141761853646766,1.1141761853646766
2M9I.pdb,T24Y,23,0.7492923473685515,1.1248797,0.3755873704582917,0.3755873704582917
2M9I.pdb,T24F,23,0.6155159289416814,1.2049872,0.5894712393703914,0.5894712393703914
2M9I.pdb,T24P,23,0.8565094537282925,2.055156,1.1986465387796421,1.1986465387796421
2M9I.pdb,N25Q,24,-0.1346296223148699,0.41685927,0.5514888914570208,0.5514888914570208
2M9I.pdb,N25E,24,0.3557406175502994,0.8134249,0.45768426772268034,0.45768426772268034
2M9I.pdb,N25H,24,-0.3860577773289086,0.31822318,0.7042809557155969,0.7042809557155969
2M9I.pdb,N25D,24,0.5190049603332197,0.6806268,0.16162184926379564,0.16162184926379564
2M9I.pdb,N25R,24,0.0400379360204052,0.5348908,0.49485283489176524,0.49485283489176524
2M9I.pdb,N25K,24,-0.217117773612302,0.48791915,0.7050369253952915,0.7050369253952915
2M9I.pdb,N25T,24,0.5253030382413963,1.1460198,0.6207167781572243,0.6207167781572243
2M9I.pdb,N25S,24,0.1866533449989795,0.6067223,0.42006895028529173,0.42006895028529173
2M9I.pdb,N25A,24,0.4187250761052297,0.6700327,0.25130760392940776,0.25130760392940776
2M9I.pdb,N25G,24,-1.024906478662975,-0.0157789,1.0091275794701648,1.0091275794701648
2M9I.pdb,N25M,24,-0.1739559932305789,0.48628902,0.6602450175836062,0.6602450175836062
2M9I.pdb,N25L,24,-0.1862386730806331,0.577026,0.7632646826402645,0.7632646826402645
2M9I.pdb,N25V,24,0.5879544543470566,1.2770573,0.6891028357301529,0.6891028357301529
2M9I.pdb,N25I,24,0.6393376978848042,1.386605,0.7472673264529643,0.7472673264529643
2M9I.pdb,N25W,24,0.4571215047314223,0.72545576,0.2683342562243882,0.2683342562243882
2M9I.pdb,N25Y,24,0.2889300025594818,0.7331064,0.4441763721811188,0.4441763721811188
2M9I.pdb,N25F,24,0.1894722135634462,0.63472563,0.4452534167199095,0.4452534167199095
2M9I.pdb,N25P,24,1.1693282931050466,1.9451089,0.7757805974284007,0.7757805974284007
2M9I.pdb,A26Q,25,-0.5380623411648251,-0.4028594,0.1352029513828732,0.1352029513828732
2M9I.pdb,A26E,25,-0.3735464181550894,-0.26858443,0.10496198793734646,0.10496198793734646
2M9I.pdb,A26N,25,0.3023843337285743,0.30420357,0.0018192361604942864,0.0018192361604942864
2M9I.pdb,A26H,25,0.026917893650562,0.05185277,0.024934876499145796,0.024934876499145796
2M9I.pdb,A26D,25,0.2531119842194536,0.31717286,0.06406087091932511,0.06406087091932511
2M9I.pdb,A26R,25,-0.0947986440977921,0.021055035,0.11585367939089436,0.11585367939089436
2M9I.pdb,A26K,25,-0.1762558202719903,-0.053981557,0.12227426278354883,0.12227426278354883
2M9I.pdb,A26T,25,-0.1548222427924581,0.033342354,0.1881645967920728,0.1881645967920728
2M9I.pdb,A26S,25,0.029461299078088,0.12630484,0.09684353600301246,0.09684353600301246
2M9I.pdb,A26G,25,0.5993814498648886,0.64041626,0.041034814669107966,0.041034814669107966
2M9I.pdb,A26M,25,-0.3091655179248154,-0.31662244,-0.00745691812178495,0.00745691812178495
2M9I.pdb,A26L,25,0.0619608642147997,-0.1486739,-0.2106347711371401,0.2106347711371401
2M9I.pdb,A26V,25,-0.3837067319146829,-0.018348448,0.36535828393618636,0.36535828393618636
2M9I.pdb,A26I,25,-0.4878347452148728,-0.15757728,0.3302574689850144,0.3302574689850144
2M9I.pdb,A26W,25,0.4232119094068141,0.06703806,-0.35617385017219494,0.35617385017219494
2M9I.pdb,A26Y,25,0.7160992603011622,0.011979908,-0.7041193525500788,0.7041193525500788
2M9I.pdb,A26F,25,0.4117563339293817,0.048404068,-0.36335226617463623,0.36335226617463623
2M9I.pdb,A26P,25,1.0882003125054085,1.9862722,0.8980719033377922,0.8980719033377922
2M9I.pdb,S27Q,26,0.371558322461803,-0.061128277,-0.43268659979339363,0.43268659979339363
2M9I.pdb,S27E,26,-1.1537995037090447,0.16799238,1.3217918869506982,1.3217918869506982
2M9I.pdb,S27N,26,0.8924653043539752,0.76807195,-0.12439335487201109,0.12439335487201109
2M9I.pdb,S27H,26,-0.0303155538276602,0.093041,0.12335655657805693,0.12335655657805693
2M9I.pdb,S27D,26,0.9808030176267816,1.1699327,0.18912970541856755,0.18912970541856755
2M9I.pdb,S27R,26,-0.3534273509699162,0.14161842,0.4950457666832264,0.4950457666832264
2M9I.pdb,S27K,26,-0.1948488664878709,0.26955515,0.46440401795042585,0.46440401795042585
2M9I.pdb,S27T,26,-0.3234691699714294,-0.10085675,0.2226124187678924,0.2226124187678924
2M9I.pdb,S27A,26,-0.0564559452044697,-0.07205484,-0.01559889541986273,0.01559889541986273
2M9I.pdb,S27G,26,0.6150054785966328,0.7918863,0.1768808510542461,0.1768808510542461
2M9I.pdb,S27M,26,-0.8748753473670878,-0.5067725,0.36810282920912885,0.36810282920912885
2M9I.pdb,S27L,26,-0.3456730544468203,-0.09313315,0.2525399029156008,0.2525399029156008
2M9I.pdb,S27V,26,-0.972054202357562,-0.4248429,0.547211308280261,0.547211308280261
2M9I.pdb,S27I,26,-1.0746208755660691,-0.46426195,0.6103589265037217,0.6103589265037217
2M9I.pdb,S27W,26,-1.147577286573646,-0.42987305,0.7177042373144602,0.7177042373144602
2M9I.pdb,S27Y,26,-0.5737286157680079,-0.43800706,0.13572155905490368,0.13572155905490368
2M9I.pdb,S27F,26,-0.6229912279978713,-0.4794929,0.14349832524213402,0.14349832524213402
2M9I.pdb,S27P,26,1.88659340508172,1.7411339,-0.14545947678276971,0.14545947678276971
2M9I.pdb,Q28E,27,1.0764403768028017,0.63904214,-0.43739823774945696,0.43739823774945696
2M9I.pdb,Q28N,27,0.8495897227258543,1.2191567,0.36956701937009295,0.36956701937009295
2M9I.pdb,Q28H,27,0.6347009808022102,0.85038185,0.2156808703940789,0.2156808703940789
2M9I.pdb,Q28D,27,1.4758196459915454,1.4041598,-0.07165986167452876,0.07165986167452876
2M9I.pdb,Q28R,27,0.792385229572342,0.6434548,-0.14893043945698559,0.14893043945698559
2M9I.pdb,Q28K,27,0.7550168482556308,0.53867507,-0.2163417784466708,0.2163417784466708
2M9I.pdb,Q28T,27,0.2596506824635791,0.05370775,-0.20594293381207457,0.20594293381207457
2M9I.pdb,Q28S,27,0.3932905441965253,0.58966386,0.19637331898554256,0.19637331898554256
2M9I.pdb,Q28A,27,0.4488026369872047,0.48565447,0.03685183631754385,0.03685183631754385
2M9I.pdb,Q28G,27,0.7172690094386869,1.1630449,0.44577592006570765,0.44577592006570765
2M9I.pdb,Q28M,27,0.5580756651595806,-0.27412552,-0.832201181574223,0.832201181574223
2M9I.pdb,Q28L,27,0.6971611727520717,0.23283568,-0.46432549250571853,0.46432549250571853
2M9I.pdb,Q28V,27,0.7245929101864984,0.12693402,-0.5976588884751489,0.5976588884751489
2M9I.pdb,Q28I,27,0.6390605555117164,0.0024291873,-0.6366313682138953,0.6366313682138953
2M9I.pdb,Q28W,27,0.5316097850344326,0.6956897,0.1640798931577061,0.1640798931577061
2M9I.pdb,Q28Y,27,0.9588829803775312,0.61280996,-0.3460730243037702,0.3460730243037702
2M9I.pdb,Q28F,27,0.8557264059676268,0.41184157,-0.44388483463660267,0.44388483463660267
2M9I.pdb,Q28P,27,1.0132785179801198,2.1200624,1.1067838332466868,1.1067838332466868
2M9I.pdb,F29Q,28,0.538830629669955,1.0769458,0.5381151520378087,0.5381151520378087
2M9I.pdb,F29E,28,0.6900807804426221,1.1050916,0.4150107913652392,0.4150107913652392
2M9I.pdb,F29N,28,0.7104462836354062,1.2351065,0.5246601845652774,0.5246601845652774
2M9I.pdb,F29H,28,0.4595116354177639,0.88633746,0.4268258236696079,0.4268258236696079
2M9I.pdb,F29D,28,0.5670097576816229,1.3597736,0.7927638781826349,0.7927638781826349
2M9I.pdb,F29R,28,0.1942907285888668,1.1677935,0.9735027837554935,0.9735027837554935
2M9I.pdb,F29K,28,0.4442813213571157,1.033468,0.5891866866842661,0.5891866866842661
2M9I.pdb,F29T,28,0.299760928921258,0.92779124,0.6280303089098578,0.6280303089098578
2M9I.pdb,F29S,28,0.5103262684494344,1.1418954,0.6315691449493083,0.6315691449493083
2M9I.pdb,F29A,28,0.0923066471952913,1.0084566,0.9161499405961515,0.9161499405961515
2M9I.pdb,F29G,28,0.9861829351890362,1.241234,0.2550510097038471,0.2550510097038471
2M9I.pdb,F29M,28,0.2960194111477781,0.5051333,0.2091138600695681,0.2091138600695681
2M9I.pdb,F29L,28,0.0896658995233222,0.6235101,0.5338442227758722,0.5338442227758722
2M9I.pdb,F29V,28,0.3396983353172828,0.8394861,0.4997877868140649,0.4997877868140649
2M9I.pdb,F29I,28,-0.0282596481628398,0.6992311,0.7274907363243083,0.7274907363243083
2M9I.pdb,F29W,28,0.0351905535254022,0.1433016,0.10811105265288148,0.10811105265288148
2M9I.pdb,F29Y,28,0.0816890885114759,0.21318507,0.13149598343371455,0.13149598343371455
2M9I.pdb,F29P,28,0.6799258302743441,1.3127997,0.6328738618795866,0.6328738618795866
2M9I.pdb,E30Q,29,0.1847079744025482,0.059636176,-0.12507179877007138,0.12507179877007138
2M9I.pdb,E30N,29,0.3919354190864024,0.3470449,-0.044890533927863574,0.044890533927863574
2M9I.pdb,E30H,29,0.3068855817959259,0.30425286,-0.0026327188656280476,0.0026327188656280476
2M9I.pdb,E30D,29,0.0932668500096026,0.34322733,0.249960476860362,0.249960476860362
2M9I.pdb,E30R,29,0.696464213759354,0.26781577,-0.4286484450406345,0.4286484450406345
2M9I.pdb,E30K,29,0.6019487612644573,0.18403272,-0.41791603795684773,0.41791603795684773
2M9I.pdb,E30T,29,0.1967971752093522,0.26768562,0.07088844676750022,0.07088844676750022
2M9I.pdb,E30S,29,0.7600588944184798,0.16122758,-0.598831310533287,0.598831310533287
2M9I.pdb,E30A,29,0.6161100183709437,0.10137543,-0.5147345875485713,0.5147345875485713
2M9I.pdb,E30G,29,0.3941392419909149,0.38103703,-0.013102215347161827,0.013102215347161827
2M9I.pdb,E30M,29,0.6313730037921155,0.19987045,-0.43150255150730255,0.43150255150730255
2M9I.pdb,E30L,29,0.3089053583099372,0.31688875,0.007983391289519581,0.007983391289519581
2M9I.pdb,E30V,29,0.5008263823232776,0.37387246,-0.12695392338849365,0.12695392338849365
2M9I.pdb,E30I,29,0.5995706444647414,0.39506122,-0.204509419765721,0.204509419765721
2M9I.pdb,E30W,29,0.3291717336034105,0.51012444,0.18095271135813734,0.18095271135813734
2M9I.pdb,E30Y,29,0.5979558345459218,0.46913868,-0.1288171526573415,0.1288171526573415
2M9I.pdb,E30F,29,0.6202979608103505,0.5135161,-0.10678183274714859,0.10678183274714859
2M9I.pdb,E30P,29,0.5041864604655374,1.4312733,0.9270868807133567,0.9270868807133567
2M9I.pdb,R31Q,30,0.5630065769055494,0.2631521,-0.29985448421031324,0.29985448421031324
2M9I.pdb,R31E,30,0.2515519237663079,0.5868781,0.3353261971328925,0.3353261971328925
2M9I.pdb,R31N,30,0.4028150969399411,1.2566533,0.8538382119284671,0.8538382119284671
2M9I.pdb,R31H,30,0.0408318332933226,0.77497536,0.7341435261465272,0.7341435261465272
2M9I.pdb,R31D,30,0.169913047866946,1.6989492,1.5290361699293797,1.5290361699293797
2M9I.pdb,R31K,30,0.3068326138510828,0.0014712214,-0.3053613924040918,0.3053613924040918
2M9I.pdb,R31T,30,0.4963124976144867,0.56700903,0.07069653415812682,0.07069653415812682
2M9I.pdb,R31S,30,0.7021324666551709,0.709289,0.007156547684276093,0.007156547684276093
2M9I.pdb,R31A,30,0.3120197219836647,0.3343046,0.02228487897039111,0.02228487897039111
2M9I.pdb,R31G,30,1.0279415797805762,1.1952,0.16725838665008785,0.16725838665008785
2M9I.pdb,R31M,30,0.1912867807342897,0.3054864,0.11419963012195725,0.11419963012195725
2M9I.pdb,R31L,30,0.2471930106404216,0.44355872,0.1963657120940297,0.1963657120940297
2M9I.pdb,R31V,30,0.2623497160620922,0.16570023,-0.09664948903992115,0.09664948903992115
2M9I.pdb,R31I,30,-0.0593808923574052,0.28471547,0.34409636600929117,0.34409636600929117
2M9I.pdb,R31W,30,0.0978624400326246,0.4221254,0.3242629590800768,0.3242629590800768
2M9I.pdb,R31Y,30,0.1937662411269969,0.28446507,0.09069883341218768,0.09069883341218768
2M9I.pdb,R31F,30,-0.3247843731303095,0.37160936,0.696393733109939,0.696393733109939
2M9I.pdb,R31P,30,0.1016356183231167,1.1979237,1.0962880419552037,1.0962880419552037
2M9I.pdb,P32Q,31,0.9875213263989676,2.116071,1.1285496593950999,1.1285496593950999
2M9I.pdb,P32E,31,1.3215750609006964,2.3215592,0.9999841298494256,0.9999841298494256
2M9I.pdb,P32N,31,1.2043099581131236,2.0691178,0.8648078263869985,0.8648078263869985
2M9I.pdb,P32H,31,1.1196137080940265,2.1904767,1.0708629478660565,1.0708629478660565
2M9I.pdb,P32D,31,1.359499166096432,2.474004,1.1145048641312292,1.1145048641312292
2M9I.pdb,P32R,31,1.4439121007047508,2.1312828,0.6873707056917335,0.6873707056917335
2M9I.pdb,P32K,31,0.9895949818066484,2.0667214,1.077126457554924,1.077126457554924
2M9I.pdb,P32T,31,1.2158223371325614,2.393174,1.1773515958966134,1.1773515958966134
2M9I.pdb,P32S,31,0.9214177696982316,1.9817278,1.0603100688180036,1.0603100688180036
2M9I.pdb,P32A,31,1.0498404354855262,1.4306135,0.3807730822757043,0.3807730822757043
2M9I.pdb,P32G,31,0.6561553695960006,1.9502298,1.2940743943886797,1.2940743943886797
2M9I.pdb,P32M,31,1.1208524807177704,1.7244651,0.6036126510418731,0.6036126510418731
2M9I.pdb,P32L,31,1.263115747979149,1.4316896,0.16857387203885632,0.16857387203885632
2M9I.pdb,P32V,31,1.263127683718296,1.6190556,0.3559279450582542,0.3559279450582542
2M9I.pdb,P32I,31,0.9192792514069482,1.7460343,0.8267550131575659,0.8267550131575659
2M9I.pdb,P32W,31,1.1000813425429727,2.044694,0.9446126042954062,0.9446126042954062
2M9I.pdb,P32Y,31,0.6474592405108652,1.979784,1.332324771329955,1.332324771329955
2M9I.pdb,P32F,31,0.8560337655272189,1.8397949,0.9837611086640653,0.9837611086640653
2M9I.pdb,S33Q,32,0.0280630388116718,-0.16506888,-0.1931319185352207,0.1931319185352207
2M9I.pdb,S33E,32,0.0250123983045902,-0.023362298,-0.04837469586933515,0.04837469586933515
2M9I.pdb,S33N,32,-0.0554787157187106,0.084720865,0.14019958061071652,0.14019958061071652
2M9I.pdb,S33H,32,0.1641790991776257,-0.013936643,-0.17811574173500827,0.17811574173500827
2M9I.pdb,S33D,32,-0.0296260313688419,0.2995248,0.32915084525929905,0.32915084525929905
2M9I.pdb,S33R,32,-0.0980881467603673,-0.0347564,0.06333174706926241,0.06333174706926241
2M9I.pdb,S33K,32,0.131976228870097,-0.0690185,-0.20099472693318446,0.20099472693318446
2M9I.pdb,S33T,32,-0.141621895151274,-0.085402265,0.056219629960195805,0.056219629960195805
2M9I.pdb,S33A,32,0.2308417546510782,0.032212224,-0.19862953079343698,0.19862953079343698
2M9I.pdb,S33G,32,-0.2304147752840928,0.3856483,0.6160630854685716,0.6160630854685716
2M9I.pdb,S33M,32,-0.1221624631306124,-0.061391395,0.06077106854524138,0.06077106854524138
2M9I.pdb,S33L,32,0.0165612543166762,-0.09731987,-0.11388112550388628,0.11388112550388628
2M9I.pdb,S33V,32,-0.1380390340116941,-0.26535133,-0.1273122912618197,0.1273122912618197
2M9I.pdb,S33I,32,0.0562515702753747,-0.3116658,-0.3679173734694207,0.3679173734694207
2M9I.pdb,S33W,32,-0.0082808983904409,0.059494194,0.06777509203377242,0.06777509203377242
2M9I.pdb,S33Y,32,-0.2475370687260571,0.058337893,0.3058749620630684,0.3058749620630684
2M9I.pdb,S33F,32,-0.0634203777822244,0.10977769,0.17319806676232694,0.17319806676232694
2M9I.pdb,S33P,32,-0.1316252831666311,0.46377134,0.5953966263978323,0.5953966263978323
2M9I.pdb,G34Q,33,0.1403524934055466,0.3672055,0.22685300719717558,0.22685300719717558
2M9I.pdb,G34E,33,-0.1609884567154997,0.2499601,0.41094855140582254,0.41094855140582254
2M9I.pdb,G34N,33,-0.0448526634623236,0.2648148,0.3096674575258917,0.3096674575258917
2M9I.pdb,G34H,33,-0.0063675717817619,0.29181838,0.29818595213759685,0.29818595213759685
2M9I.pdb,G34D,33,-0.038877863698308,0.16709892,0.20597678821593954,0.20597678821593954
2M9I.pdb,G34R,33,0.1186061094623799,0.45433316,0.33572704688489485,0.33572704688489485
2M9I.pdb,G34K,33,0.3052303089582278,0.36501363,0.05978332023984656,0.05978332023984656
2M9I.pdb,G34T,33,-0.0888596112118513,0.26579812,0.35465773290260144,0.35465773290260144
2M9I.pdb,G34S,33,0.0625695741652563,0.060595244,-0.001974329996021068,0.001974329996021068
2M9I.pdb,G34A,33,-0.041145889640545,0.054490328,0.095636217475628,0.095636217475628
2M9I.pdb,G34M,33,-0.0577453688179305,0.36673546,0.42448082719195396,0.42448082719195396
2M9I.pdb,G34L,33,-0.0095356821212009,0.30657673,0.3161124109420017,0.3161124109420017
2M9I.pdb,G34V,33,0.0438232026639606,0.2785744,0.23475120443671688,0.23475120443671688
2M9I.pdb,G34I,33,-0.0134067486576525,0.36294517,0.37635191786808647,0.37635191786808647
2M9I.pdb,G34W,33,-0.602636891111487,0.2756061,0.87824298690235,0.87824298690235
2M9I.pdb,G34Y,33,-0.2359437672404531,0.31307346,0.5490172235278371,0.5490172235278371
2M9I.pdb,G34F,33,-0.2408007889166998,0.36248785,0.6032886414900945,0.6032886414900945
2M9I.pdb,G34P,33,0.0559647567211958,-0.11099109,-0.16695584725731336,0.16695584725731336
2M9I.pdb,G34C,33,0.5312306863128555,0.056964874,-0.4742658120452774,0.4742658120452774
2OP7.pdb,N1Q,0,0.1655594484174773,0.19172177,0.02616231876964123,0.02616231876964123
2OP7.pdb,N1E,0,0.0577479946931935,0.12945585,0.07170785483511918,0.07170785483511918
2OP7.pdb,N1H,0,0.1533681248575251,0.061299436,-0.09206868906317162,0.09206868906317162
2OP7.pdb,N1D,0,0.0279248380071259,0.084278524,0.05635368591484065,0.05635368591484065
2OP7.pdb,N1R,0,0.27218727843626,0.24510883,-0.027078450487689754,0.027078450487689754
2OP7.pdb,N1K,0,0.2068851343510447,0.15745163,-0.04943350471237282,0.04943350471237282
2OP7.pdb,N1T,0,0.2319116070554101,0.17022641,-0.06168519702409145,0.06168519702409145
2OP7.pdb,N1S,0,0.2173280684362843,0.07466382,-0.14266425055374646,0.14266425055374646
2OP7.pdb,N1A,0,0.2177974250696857,0.09014341,-0.12765401271807741,0.12765401271807741
2OP7.pdb,N1G,0,0.2015888420811387,0.13775864,-0.06383019964606484,0.06383019964606484
2OP7.pdb,N1M,0,0.1951826623904815,0.15689422,-0.03828844048858787,0.03828844048858787
2OP7.pdb,N1L,0,0.2070753748005707,0.13590786,-0.0711675161904175,0.0711675161904175
2OP7.pdb,N1V,0,0.1424837108410535,0.068881705,-0.07360200543772555,0.07360200543772555
2OP7.pdb,N1I,0,0.1630258783862435,0.12271632,-0.04030955584500662,0.04030955584500662
2OP7.pdb,N1W,0,0.2067972106979554,0.056698076,-0.15009913427097252,0.15009913427097252
2OP7.pdb,N1Y,0,0.1777902782282461,0.089058764,-0.08873151394935741,0.08873151394935741
2OP7.pdb,N1F,0,0.1802063883141018,0.13586035,-0.04434603460583458,0.04434603460583458
2OP7.pdb,N1P,0,0.1713505005518323,0.04229515,-0.12905535009301958,0.12905535009301958
2OP7.pdb,N1C,0,0.0008448538205718,-0.13792537,-0.13877022534824363,0.13877022534824363
2OP7.pdb,E2Q,1,0.4329219711417917,0.16069645,-0.27222552424619234,0.27222552424619234
2OP7.pdb,E2N,1,0.4432674653314823,0.23722047,-0.20604699919454994,0.20604699919454994
2OP7.pdb,E2H,1,0.4521910537665339,0.15896173,-0.2932293255513163,0.2932293255513163
2OP7.pdb,E2D,1,0.3767193516498524,0.18765047,-0.1890688797241169,0.1890688797241169
2OP7.pdb,E2R,1,0.5735758999869516,0.32843977,-0.24513612785789274,0.24513612785789274
2OP7.pdb,E2K,1,0.6022767982812653,0.2652526,-0.337024208101822,0.337024208101822
2OP7.pdb,E2T,1,0.4869093975360203,0.20024234,-0.2866670569712925,0.2866670569712925
2OP7.pdb,E2S,1,0.4689440181573263,0.15824005,-0.3107039680798879,0.3107039680798879
2OP7.pdb,E2A,1,0.4352751581921974,0.116721995,-0.3185531630173126,0.3185531630173126
2OP7.pdb,E2G,1,0.5098829474752269,0.3658764,-0.14400654104402877,0.14400654104402877
2OP7.pdb,E2M,1,0.4485391915242496,0.1793375,-0.2692016899983707,0.2692016899983707
2OP7.pdb,E2L,1,0.4653984831553095,0.16558117,-0.29981731641107734,0.29981731641107734
2OP7.pdb,E2V,1,0.5045000154591079,0.011721224,-0.49277879186634976,0.49277879186634976
2OP7.pdb,E2I,1,0.4988367987098514,0.087230355,-0.4116064441623508,0.4116064441623508
2OP7.pdb,E2W,1,0.4374184926900493,0.14604981,-0.29136868025394547,0.29136868025394547
2OP7.pdb,E2Y,1,0.3804797340801453,0.18687472,-0.19360501660616153,0.19360501660616153
2OP7.pdb,E2F,1,0.4251670788374224,0.24736363,-0.1778034518804827,0.1778034518804827
2OP7.pdb,E2P,1,0.487847840907174,0.15760943,-0.33023840797145926,0.33023840797145926
2OP7.pdb,E2C,1,-0.226933828886966,-0.06847434,0.15845949142835547,0.15845949142835547
2OP7.pdb,E3Q,2,0.3855768219600106,0.1702917,-0.21528511504034048,0.21528511504034048
2OP7.pdb,E3N,2,0.4409484351405233,0.303425,-0.13752342112151084,0.13752342112151084
2OP7.pdb,E3H,2,0.5277969184574682,0.24817315,-0.27962377101751157,0.27962377101751157
2OP7.pdb,E3D,2,0.2542668497070655,0.20985222,-0.04441463107913579,0.04441463107913579
2OP7.pdb,E3R,2,0.5177744349930093,0.36862943,-0.14914500922892548,0.14914500922892548
2OP7.pdb,E3K,2,0.3887062774399816,0.31204537,-0.07666091186800589,0.07666091186800589
2OP7.pdb,E3T,2,0.4106926880301706,0.16179588,-0.24889680365936678,0.24889680365936678
2OP7.pdb,E3S,2,0.4005474358248744,0.16719203,-0.2333554088521037,0.2333554088521037
2OP7.pdb,E3A,2,0.3164676978844656,0.2113704,-0.10509730425062314,0.10509730425062314
2OP7.pdb,E3G,2,0.161300959710426,0.44903475,0.28773379075115235,0.28773379075115235
2OP7.pdb,E3M,2,0.3545245688662395,0.28133082,-0.07319374496792408,0.07319374496792408
2OP7.pdb,E3L,2,0.3711354913055102,0.18926834,-0.18186715560547512,0.18186715560547512
2OP7.pdb,E3V,2,0.3837099912469912,0.0172344,-0.36647559133224966,0.36647559133224966
2OP7.pdb,E3I,2,0.3512109017287264,0.11287327,-0.23833763062105273,0.23833763062105273
2OP7.pdb,E3W,2,0.6240156460940933,0.28674957,-0.33726607453227997,0.33726607453227997
2OP7.pdb,E3Y,2,0.677061763192031,0.31367677,-0.3633849886902305,0.3633849886902305
2OP7.pdb,E3F,2,0.5792466356984063,0.41763085,-0.16161578442963798,0.16161578442963798
2OP7.pdb,E3P,2,0.4377786396682923,0.050535336,-0.38724330353147435,0.38724330353147435
2OP7.pdb,P4Q,3,0.5570541787880772,0.6720847,0.11503051035224265,0.11503051035224265
2OP7.pdb,P4E,3,0.4888819843925147,0.6393172,0.15043523009646848,0.15043523009646848
2OP7.pdb,P4N,3,0.6526074628047684,0.7029553,0.05034784277155602,0.05034784277155602
2OP7.pdb,P4H,3,0.8017102679965218,0.7387189,-0.06299134108993609,0.06299134108993609
2OP7.pdb,P4D,3,0.4457604892351479,0.74907225,0.30331176446892316,0.30331176446892316
2OP7.pdb,P4R,3,0.6767995969894343,0.79341614,0.11661654547424982,0.11661654547424982
2OP7.pdb,P4K,3,0.6540203163807621,0.6634225,0.009402208548284552,0.009402208548284552
2OP7.pdb,P4T,3,0.6998413431677974,0.7941539,0.09431258558891642,0.09431258558891642
2OP7.pdb,P4S,3,0.5949664816017304,0.5636632,-0.03130329695893863,0.03130329695893863
2OP7.pdb,P4A,3,0.414186331501122,0.54376805,0.129581716785316,0.129581716785316
2OP7.pdb,P4G,3,0.5437050876814387,0.8205817,0.276876586894367,0.276876586894367
2OP7.pdb,P4M,3,0.6473695020024599,0.779539,0.13216948706461773,0.13216948706461773
2OP7.pdb,P4L,3,0.7036825296068563,0.7366152,0.03293265136238199,0.03293265136238199
2OP7.pdb,P4V,3,0.8897769789954357,0.76387477,-0.1259022097846203,0.1259022097846203
2OP7.pdb,P4I,3,0.8449694098768132,0.8592205,0.01425109488392895,0.01425109488392895
2OP7.pdb,P4W,3,1.0346501785199504,0.8605874,-0.17406276044057423,0.17406276044057423
2OP7.pdb,P4Y,3,1.0472290718810415,0.87789816,-0.1693309152381277,0.1693309152381277
2OP7.pdb,P4F,3,1.0349226862007843,0.96912324,-0.06579944191520082,0.06579944191520082
2OP7.pdb,L5Q,4,2.5622517209378457,0.7356221,-1.8266296129552102,1.8266296129552102
2OP7.pdb,L5E,4,2.620172270012035,0.4463398,-2.1738324839593313,2.1738324839593313
2OP7.pdb,L5N,4,2.387557683742142,1.2437451,-1.1438125951648717,1.1438125951648717
2OP7.pdb,L5H,4,2.5986289935485,0.83610713,-1.7625218587294693,1.7625218587294693
2OP7.pdb,L5D,4,2.610717481430623,0.90820277,-1.7025147140584918,1.7025147140584918
2OP7.pdb,L5R,4,2.680377112868949,1.5293392,-1.1510379185711583,1.1510379185711583
2OP7.pdb,L5K,4,2.649591211688268,1.2550046,-1.394586567294347,1.394586567294347
2OP7.pdb,L5T,4,1.9917827045530092,0.85054326,-1.1412394439786684,1.1412394439786684
2OP7.pdb,L5S,4,2.523577171012609,0.91683996,-1.6067372137753653,1.6067372137753653
2OP7.pdb,L5A,4,2.17170528672131,0.63823986,-1.533465426186642,1.533465426186642
2OP7.pdb,L5G,4,2.3461096496782607,0.9305176,-1.4155920357904739,1.4155920357904739
2OP7.pdb,L5M,4,0.3942139252602117,0.35410592,-0.040108005660678625,0.040108005660678625
2OP7.pdb,L5V,4,1.2463405830272962,0.4765094,-0.7698311907657911,0.7698311907657911
2OP7.pdb,L5I,4,1.2967863277556266,0.3677541,-0.9290322260023918,0.9290322260023918
2OP7.pdb,L5W,4,1.6889817778402525,0.45077306,-1.2382087175184446,1.2382087175184446
2OP7.pdb,L5Y,4,1.885922268672096,0.36520797,-1.5207142985297315,1.5207142985297315
2OP7.pdb,L5F,4,1.307022424312507,0.27258444,-1.0344379859885324,1.0344379859885324
2OP7.pdb,L5P,4,-0.1785153666002887,0.13735962,0.31587498574091366,0.31587498574091366
2OP7.pdb,P6Q,5,1.7131233820711165,0.9148748,-0.7982485899721175,0.7982485899721175
2OP7.pdb,P6E,5,1.6960522335521486,0.5923845,-1.103667716359308,1.103667716359308
2OP7.pdb,P6N,5,2.034947326524742,1.1251218,-0.9098254946308213,0.9098254946308213
2OP7.pdb,P6H,5,1.9285726260105327,0.9000505,-1.028522105113621,1.028522105113621
2OP7.pdb,P6D,5,1.6604366182170165,0.70911944,-0.9513171790919555,0.9513171790919555
2OP7.pdb,P6R,5,1.3389891945689365,1.2549317,-0.08405750626022068,0.08405750626022068
2OP7.pdb,P6K,5,1.3893974656460333,1.1632453,-0.22615214532590389,0.22615214532590389
2OP7.pdb,P6T,5,1.8874071599231488,1.0544137,-0.8329934836612469,0.8329934836612469
2OP7.pdb,P6S,5,1.7081660366646405,0.93721837,-0.7709476686112042,0.7709476686112042
2OP7.pdb,P6A,5,1.399118529544844,0.8534688,-0.5456497537956375,0.5456497537956375
2OP7.pdb,P6G,5,1.5071359929872,1.1090301,-0.3981058654618703,0.3981058654618703
2OP7.pdb,P6M,5,1.5975036297690872,0.58374375,-1.0137598787200455,1.0137598787200455
2OP7.pdb,P6L,5,1.67146662588386,0.37301353,-1.2984530996826118,1.2984530996826118
2OP7.pdb,P6V,5,2.12908104020376,0.7815794,-1.3475016649367313,1.3475016649367313
2OP7.pdb,P6I,5,1.8778833686467664,0.49944562,-1.3784377514478223,1.3784377514478223
2OP7.pdb,P6W,5,1.793347877491993,0.46667635,-1.326671523083729,1.326671523083729
2OP7.pdb,P6Y,5,1.878828998088741,0.4406368,-1.4381921844481464,1.4381921844481464
2OP7.pdb,P6F,5,1.8802209849822693,0.3775264,-1.5026945825088196,1.5026945825088196
2OP7.pdb,E7Q,6,0.2336709688882936,0.31035775,0.07668678057383407,0.07668678057383407
2OP7.pdb,E7N,6,0.3392009341696047,0.50667465,0.16747371316163312,0.16747371316163312
2OP7.pdb,E7H,6,0.2022100993353306,0.38870704,0.18649694240508688,0.18649694240508688
2OP7.pdb,E7D,6,0.1725986530853807,0.34577772,0.1731790671275557,0.1731790671275557
2OP7.pdb,E7R,6,0.1450363505027163,0.5495821,0.4045457732536924,0.4045457732536924
2OP7.pdb,E7K,6,0.1923600219084753,0.41575518,0.22339516059617864,0.22339516059617864
2OP7.pdb,E7T,6,0.3466902065702584,0.39666194,0.04997173066652749,0.04997173066652749
2OP7.pdb,E7S,6,0.1689937547094619,0.296839,0.12784524408509376,0.12784524408509376
2OP7.pdb,E7A,6,0.1157031930149448,0.18813366,0.07243046396366237,0.07243046396366237
2OP7.pdb,E7G,6,0.6770278899969817,0.38511357,-0.29191432288310537,0.29191432288310537
2OP7.pdb,E7M,6,0.2429048678252763,0.44327053,0.200365666451686,0.200365666451686
2OP7.pdb,E7L,6,0.255952872722982,0.42214507,0.1661921959224953,0.1661921959224953
2OP7.pdb,E7V,6,0.3719289235718928,0.20214662,-0.16978230401355843,0.16978230401355843
2OP7.pdb,E7I,6,0.4299663224234136,0.42473915,-0.005227170230344136,0.005227170230344136
2OP7.pdb,E7W,6,0.4752266754991203,0.3913467,-0.08387998246017986,0.08387998246017986
2OP7.pdb,E7Y,6,0.3623457199857762,0.4220943,0.05974856550235247,0.05974856550235247
2OP7.pdb,E7F,6,0.3173833595039474,0.45423076,0.13684739606360324,0.13684739606360324
2OP7.pdb,E7P,6,0.0906159099511421,-0.042318553,-0.13293446268360976,0.13293446268360976
2OP7.pdb,G8Q,7,1.5308401632826358,1.037933,-0.4929071713011295,0.4929071713011295
2OP7.pdb,G8E,7,2.1277233075913005,1.2135092,-0.9142141055878215,0.9142141055878215
2OP7.pdb,G8N,7,0.8017097724981666,0.5944661,-0.207243682295835,0.207243682295835
2OP7.pdb,G8H,7,1.1925024794124008,0.7632463,-0.42925618157609713,0.42925618157609713
2OP7.pdb,G8D,7,2.1063353976998216,0.84784275,-1.2584926447663194,1.2584926447663194
2OP7.pdb,G8R,7,1.4812582618517405,1.209109,-0.2721493131441599,0.2721493131441599
2OP7.pdb,G8K,7,1.6657120520905364,1.1048071,-0.5609049136475432,0.5609049136475432
2OP7.pdb,G8T,7,2.161933178707987,1.1376402,-1.0242929408997594,1.0242929408997594
2OP7.pdb,G8S,7,1.6414724806660124,0.9490676,-0.6924048880451628,0.6924048880451628
2OP7.pdb,G8A,7,1.6793094779124211,1.2029917,-0.4763177538981389,0.4763177538981389
2OP7.pdb,G8M,7,1.5563815871839917,1.0226547,-0.5337269345884716,0.5337269345884716
2OP7.pdb,G8L,7,1.618677768481135,0.99559635,-0.6230814192417857,0.6230814192417857
2OP7.pdb,G8V,7,2.5661127723506354,1.3699112,-1.1962015785029791,1.1962015785029791
2OP7.pdb,G8I,7,2.4588761528939616,1.36903,-1.0898461541146647,1.0898461541146647
2OP7.pdb,G8W,7,1.615240008674676,0.86313975,-0.7521002601013729,0.7521002601013729
2OP7.pdb,G8Y,7,1.533884664158298,0.69974005,-0.8341446119350924,0.8341446119350924
2OP7.pdb,G8F,7,1.355602734990312,0.59409195,-0.7615107831432355,0.7615107831432355
2OP7.pdb,G8P,7,2.126669054786169,1.85912,-0.2675490434565182,0.2675490434565182
2OP7.pdb,W9Q,8,3.757400222917664,2.1847613,-1.5726389371358036,1.5726389371358036
2OP7.pdb,W9H,8,3.817333487388569,1.6910813,-2.1262522019118846,2.1262522019118846
2OP7.pdb,W9T,8,3.2885821670390185,1.7750281,-1.5135540574885424,1.5135540574885424
2OP7.pdb,W9M,8,2.452747335292748,1.493886,-0.9588613413352283,0.9588613413352283
2OP7.pdb,W9L,8,2.671065046422189,1.4113724,-1.2596926232501917,1.2596926232501917
2OP7.pdb,W9V,8,2.3571268695605383,1.2839003,-1.0732266086352453,1.0732266086352453
2OP7.pdb,W9I,8,2.1457238677004904,1.2192011,-0.9265227797488302,0.9265227797488302
2OP7.pdb,W9Y,8,1.6532653577776824,0.6025487,-1.0507166393252287,1.0507166393252287
2OP7.pdb,W9F,8,1.4742519280179842,0.6250398,-0.8492121121152743,0.8492121121152743
2OP7.pdb,E10Q,9,0.776697880527911,0.43693846,-0.33975941588633995,0.33975941588633995
2OP7.pdb,E10N,9,1.546394999511029,1.3684435,-0.17795151043632207,0.17795151043632207
2OP7.pdb,E10H,9,0.9977203201161068,1.040046,0.04232565652268716,0.04232565652268716
2OP7.pdb,E10D,9,1.117353486039819,1.0579004,-0.05945305726784644,0.05945305726784644
2OP7.pdb,E10R,9,1.3737962952549108,1.2136048,-0.16019148740121203,0.16019148740121203
2OP7.pdb,E10K,9,1.5026198190463755,1.1438247,-0.358795122505543,0.358795122505543
2OP7.pdb,E10T,9,0.6936921175391837,0.30322412,-0.3904680009753867,0.3904680009753867
2OP7.pdb,E10S,9,0.5163967265395208,0.6849066,0.1685098753663019,0.1685098753663019
2OP7.pdb,E10A,9,0.8762580077746749,0.7136217,-0.16263633180650472,0.16263633180650472
2OP7.pdb,E10G,9,1.1914415008687416,1.4801598,0.2887182586527428,0.2887182586527428
2OP7.pdb,E10M,9,1.1392296737796277,0.49773857,-0.6414911038047284,0.6414911038047284
2OP7.pdb,E10L,9,1.265324732526755,0.75041986,-0.5149048774089571,0.5149048774089571
2OP7.pdb,E10V,9,0.7316067314063517,0.06553143,-0.6660752987777201,0.6660752987777201
2OP7.pdb,E10I,9,1.0739293237333187,0.22678149,-0.847147836268414,0.847147836268414
2OP7.pdb,E10W,9,1.7236350752964649,0.7701794,-0.9534556843891773,0.9534556843891773
2OP7.pdb,E10Y,9,0.959939053721724,0.72511846,-0.23482059545069733,0.23482059545069733
2OP7.pdb,E10F,9,0.9117777028564044,0.69528836,-0.2164893427375384,0.2164893427375384
2OP7.pdb,I11Q,10,0.758096943714063,0.61824906,-0.1398478849906133,0.1398478849906133
2OP7.pdb,I11E,10,0.7069852839833093,0.5471742,-0.15981106866653683,0.15981106866653683
2OP7.pdb,I11N,10,2.9991234455667897,2.0013976,-0.9977258358560963,0.9977258358560963
2OP7.pdb,I11H,10,2.102173085347644,1.3804834,-0.7216896964468873,0.7216896964468873
2OP7.pdb,I11D,10,2.453979306773542,1.804996,-0.6489832931321846,0.6489832931321846
2OP7.pdb,I11R,10,1.317631283554128,1.5507965,0.23316522523493455,0.23316522523493455
2OP7.pdb,I11K,10,1.2309257416936248,1.2465312,0.01560550639902658,0.01560550639902658
2OP7.pdb,I11T,10,1.0342551914920637,0.9487619,-0.08549331109426705,0.08549331109426705
2OP7.pdb,I11S,10,1.112281498870362,1.0610763,-0.051205215415466965,0.051205215415466965
2OP7.pdb,I11A,10,0.8793652434098573,0.24921638,-0.6301488656747194,0.6301488656747194
2OP7.pdb,I11G,10,2.115760002917473,1.5396657,-0.5760943039123458,0.5760943039123458
2OP7.pdb,I11M,10,-0.0196852316058069,0.21598285,0.2356680859721094,0.2356680859721094
2OP7.pdb,I11L,10,0.4435997849664281,-0.052314878,-0.4959146624764989,0.4959146624764989
2OP7.pdb,I11V,10,0.4857135864630626,0.14169627,-0.3440173121825145,0.3440173121825145
2OP7.pdb,I11W,10,1.7165522432007734,0.65066993,-1.065882310835356,1.065882310835356
2OP7.pdb,I11Y,10,1.460687982783178,0.7207695,-0.7399184582088982,0.7399184582088982
2OP7.pdb,I11F,10,1.2247306519049237,0.6284611,-0.5962695293921063,0.5962695293921063
2OP7.pdb,I11P,10,2.404082593239437,1.7774221,-0.6266605227362021,0.6266605227362021
2OP7.pdb,I11C,10,0.7906495043324004,0.31737858,-0.4732709237621795,0.4732709237621795
2OP7.pdb,R12Q,11,0.8323156880834754,0.657749,-0.17456669087201915,0.17456669087201915
2OP7.pdb,R12E,11,1.5849794072405223,1.3869721,-0.19800733750022692,0.19800733750022692
2OP7.pdb,R12N,11,1.3408845751418967,1.411413,0.0705283791885476,0.0705283791885476
2OP7.pdb,R12H,11,0.9368821299973656,0.8219838,-0.11489831575786369,0.11489831575786369
2OP7.pdb,R12D,11,2.156881028296936,2.1978433,0.04096228492022691,0.04096228492022691
2OP7.pdb,R12K,11,0.3265822871631241,0.31365877,-0.012923513264045727,0.012923513264045727
2OP7.pdb,R12T,11,1.6582544701515085,1.1434531,-0.5148013489662058,0.5148013489662058
2OP7.pdb,R12S,11,1.2668810964301358,1.0961463,-0.170734751291586,0.170734751291586
2OP7.pdb,R12A,11,0.5952197987234706,0.5107934,-0.08442641083360858,0.08442641083360858
2OP7.pdb,R12G,11,1.1199315586978615,1.4760703,0.3561387261455833,0.3561387261455833
2OP7.pdb,R12M,11,0.5305909018460375,0.31193125,-0.2186596493664843,0.2186596493664843
2OP7.pdb,R12L,11,0.6558667338691726,0.366831,-0.2890357292495742,0.2890357292495742
2OP7.pdb,R12V,11,0.9856428079148254,0.77065134,-0.21499146743020625,0.21499146743020625
2OP7.pdb,R12I,11,1.2638585721582452,0.71311736,-0.5507412110895196,0.5507412110895196
2OP7.pdb,R12W,11,1.1331660422698966,0.57169783,-0.561468211116027,0.561468211116027
2OP7.pdb,R12Y,11,0.9252893327476536,0.33216792,-0.5931214092971836,0.5931214092971836
2OP7.pdb,R12F,11,0.583596173982754,0.6077175,0.024121340055331952,0.024121340055331952
2OP7.pdb,R12C,11,0.1386519240455985,0.34747055,0.20881862768360376,0.20881862768360376
2OP7.pdb,Y13Q,12,1.3648606757789112,1.0232998,-0.3415608625083424,0.3415608625083424
2OP7.pdb,Y13E,12,1.5242729300116875,1.2979527,-0.22632027803414845,0.22632027803414845
2OP7.pdb,Y13N,12,1.8980297272466788,1.4661703,-0.43185941627255775,0.43185941627255775
2OP7.pdb,Y13H,12,0.8483526292726729,0.72406507,-0.12428756388876172,0.12428756388876172
2OP7.pdb,Y13D,12,2.6657436375182684,1.7833674,-0.8823762421172674,0.8823762421172674
2OP7.pdb,Y13R,12,1.3448557333562228,1.2048444,-0.14001137777303185,0.14001137777303185
2OP7.pdb,Y13K,12,1.5074987611643178,1.0486445,-0.458854218470226,0.458854218470226
2OP7.pdb,Y13T,12,1.1346234774205923,0.7653338,-0.3692897057149649,0.3692897057149649
2OP7.pdb,Y13S,12,1.6081024361897964,1.194998,-0.4131044102956314,0.4131044102956314
2OP7.pdb,Y13A,12,1.8479849413926277,1.1392574,-0.7087275103623543,0.7087275103623543
2OP7.pdb,Y13G,12,3.2860181853937176,1.7275741,-1.5584440753625897,1.5584440753625897
2OP7.pdb,Y13M,12,1.0054595173553609,0.5455011,-0.45995840441743363,0.45995840441743363
2OP7.pdb,Y13L,12,1.0578149419352771,0.63037723,-0.4274377089068653,0.4274377089068653
2OP7.pdb,Y13V,12,0.9882153708368308,0.6094321,-0.37878326958713593,0.37878326958713593
2OP7.pdb,Y13I,12,0.9925959638558864,0.48666328,-0.5059326819383144,0.5059326819383144
2OP7.pdb,Y13W,12,0.3281101657968368,0.21872145,-0.10938871642168418,0.10938871642168418
2OP7.pdb,Y13F,12,0.4457803936400322,0.088867724,-0.3569126696982292,0.3569126696982292
2OP7.pdb,Y13C,12,1.1691369177758415,0.30184674,-0.8672901751458366,0.8672901751458366
2OP7.pdb,T14Q,13,2.500588529525989,1.7612718,-0.7393166951525147,0.7393166951525147
2OP7.pdb,T14E,13,2.6230857381112966,1.8866135,-0.73647224991397,0.73647224991397
2OP7.pdb,T14N,13,0.6850872517534747,0.2573582,-0.42772905835595276,0.42772905835595276
2OP7.pdb,T14H,13,2.407947630550539,1.4362054,-0.9717422434350604,0.9717422434350604
2OP7.pdb,T14D,13,1.1625430387482183,0.38837057,-0.7741724652275579,0.7741724652275579
2OP7.pdb,T14R,13,2.412500663518266,1.5507526,-0.8617480237477584,0.8617480237477584
2OP7.pdb,T14K,13,2.466274920418672,1.8717812,-0.5944936904458324,0.5944936904458324
2OP7.pdb,T14S,13,0.6612414205758119,0.22845471,-0.43278671152277237,0.43278671152277237
2OP7.pdb,T14A,13,2.1635698112489306,1.3143672,-0.8492026361466967,0.8492026361466967
2OP7.pdb,T14G,13,1.5277376531398297,1.1059719,-0.42176572072863583,0.42176572072863583
2OP7.pdb,T14M,13,1.7699910123997444,1.5577259,-0.21226510602767412,0.21226510602767412
2OP7.pdb,T14L,13,1.612058501363367,1.5702057,-0.041852812886804536,0.041852812886804536
2OP7.pdb,T14V,13,2.037380599143935,1.613609,-0.42377164280696,0.42377164280696
2OP7.pdb,T14I,13,2.089510372062313,1.724702,-0.3648083714443322,0.3648083714443322
2OP7.pdb,T14W,13,2.094131859228076,1.7369502,-0.35718170015520023,0.35718170015520023
2OP7.pdb,T14Y,13,2.152589393643674,1.6965451,-0.4560442695897189,0.4560442695897189
2OP7.pdb,T14F,13,2.1687422590942296,1.5617338,-0.6070084171981724,0.6070084171981724
2OP7.pdb,T14P,13,3.4564453450301382,1.9091399,-1.5473054734328482,1.5473054734328482
2OP7.pdb,T14C,13,0.7597369420305617,0.8405633,0.08082635524116677,0.08082635524116677
2OP7.pdb,R15Q,14,0.4679841930904294,0.1418968,-0.3260873938836957,0.3260873938836957
2OP7.pdb,R15E,14,0.5439889395444077,0.21997713,-0.3240118140189332,0.3240118140189332
2OP7.pdb,R15N,14,0.4556329973702526,0.17121099,-0.28442200801421164,0.28442200801421164
2OP7.pdb,R15H,14,0.4351614966706756,0.20612328,-0.22903821912570033,0.22903821912570033
2OP7.pdb,R15D,14,0.5641290334839897,0.34718162,-0.21694741527033612,0.21694741527033612
2OP7.pdb,R15K,14,0.3254249492175174,-0.07444492,-0.39986986904211763,0.39986986904211763
2OP7.pdb,R15T,14,0.4338548349887765,0.20055187,-0.23330296750373014,0.23330296750373014
2OP7.pdb,R15S,14,0.3608630225917095,0.023006082,-0.33785694101059377,0.33785694101059377
2OP7.pdb,R15A,14,0.2928572180060578,-0.061620027,-0.3544772448329163,0.3544772448329163
2OP7.pdb,R15G,14,0.6469198804009846,0.2006047,-0.4463151733983448,0.4463151733983448
2OP7.pdb,R15M,14,0.3702596786030177,0.21775065,-0.15250902497848307,0.15250902497848307
2OP7.pdb,R15L,14,0.3502832707020986,0.12997916,-0.22030410729381916,0.22030410729381916
2OP7.pdb,R15V,14,0.3951969368636834,0.26893947,-0.12625747157933587,0.12625747157933587
2OP7.pdb,R15I,14,0.386101303595511,0.28598243,-0.10011887361427929,0.10011887361427929
2OP7.pdb,R15W,14,0.4530756876894393,0.18679741,-0.2662782774397292,0.2662782774397292
2OP7.pdb,R15Y,14,0.4316724482487823,0.2646525,-0.1670199576329376,0.1670199576329376
2OP7.pdb,R15F,14,0.4098286233130701,0.34328014,-0.06654848672783448,0.06654848672783448
2OP7.pdb,R15P,14,0.3205462451838943,-0.029000714,-0.3495469596051666,0.3495469596051666
2OP7.pdb,R15C,14,-0.0844040051170105,0.024031118,0.10843512267548981,0.10843512267548981
2OP7.pdb,E16Q,15,0.0459166614836368,0.1893998,0.14348313226045042,0.14348313226045042
2OP7.pdb,E16N,15,-0.0937158819284937,0.1770752,0.2707910891619226,0.2707910891619226
2OP7.pdb,E16H,15,0.0060825807100317,0.11593217,0.1098495858663538,0.1098495858663538
2OP7.pdb,E16D,15,0.2171776783999726,0.17884228,-0.03833540206521002,0.03833540206521002
2OP7.pdb,E16R,15,-0.2005229459609627,0.439668,0.640190945705378,0.640190945705378
2OP7.pdb,E16K,15,-0.0591681642779016,0.35864508,0.4178132457979822,0.4178132457979822
2OP7.pdb,E16T,15,-0.045397309029652,0.4584481,0.5038454210406078,0.5038454210406078
2OP7.pdb,E16S,15,-0.0370038854288146,0.24751934,0.28452322952023,0.28452322952023
2OP7.pdb,E16A,15,-0.0779294388121472,0.22842883,0.30635826454819304,0.30635826454819304
2OP7.pdb,E16G,15,0.0278289229981676,0.38549602,0.35766709731891005,0.35766709731891005
2OP7.pdb,E16M,15,0.1226650522187653,0.18538302,0.06271796961274716,0.06271796961274716
2OP7.pdb,E16L,15,0.1093189388041522,0.27580053,0.16648158733796817,0.16648158733796817
2OP7.pdb,E16V,15,0.6227545702519026,0.5641733,-0.058581289059123076,0.058581289059123076
2OP7.pdb,E16I,15,0.6557151542962303,0.5743469,-0.0813682543099632,0.0813682543099632
2OP7.pdb,E16W,15,-0.0287924159987666,0.13396077,0.1627531845792033,0.1627531845792033
2OP7.pdb,E16Y,15,0.0401734469966088,0.15116043,0.11098698689182657,0.11098698689182657
2OP7.pdb,E16F,15,-0.0395163042370829,0.16537869,0.2048949940030131,0.2048949940030131
2OP7.pdb,E16P,15,1.566796125554615,1.2836324,-0.28316372790294264,0.28316372790294264
2OP7.pdb,E16C,15,-0.1351182082477628,-0.15973443,-0.02461621968116176,0.02461621968116176
2OP7.pdb,G17Q,16,1.366782808545231,1.0844994,-0.28228344941437156,0.28228344941437156
2OP7.pdb,G17E,16,2.058521353688527,1.4036881,-0.654833280530263,0.654833280530263
2OP7.pdb,G17N,16,0.8515678958237314,0.7075561,-0.1440117673218393,0.1440117673218393
2OP7.pdb,G17H,16,1.0034739324869344,0.95354664,-0.04992728922979328,0.04992728922979328
2OP7.pdb,G17D,16,1.7976583440678675,1.2328303,-0.5648280580418665,0.5648280580418665
2OP7.pdb,G17R,16,1.0826368372819428,1.1950268,0.11238991805100396,0.11238991805100396
2OP7.pdb,G17K,16,1.1296308046001793,1.1284658,-0.0011650329250694202,0.0011650329250694202
2OP7.pdb,G17T,16,2.360907505669139,1.7532687,-0.6076387869496567,0.6076387869496567
2OP7.pdb,G17S,16,1.574763285376184,1.221518,-0.3532452456728148,0.3532452456728148
2OP7.pdb,G17A,16,1.554599373346134,1.3813058,-0.1732935595567664,0.1732935595567664
2OP7.pdb,G17M,16,1.1287307144549552,1.1510507,0.022319972381287467,0.022319972381287467
2OP7.pdb,G17L,16,1.407871975956347,1.2194264,-0.1884455824474358,0.1884455824474358
2OP7.pdb,G17V,16,2.7513765582491665,1.8630087,-0.8883678206850796,0.8883678206850796
2OP7.pdb,G17I,16,2.89281803989342,1.9414438,-0.9513742389672113,0.9513742389672113
2OP7.pdb,G17W,16,1.3641647931559424,1.2201266,-0.14403816428021,0.14403816428021
2OP7.pdb,G17Y,16,1.54673023650975,1.197227,-0.3495032353195644,0.3495032353195644
2OP7.pdb,G17F,16,1.3637586841233895,0.98254603,-0.3812126526483224,0.3812126526483224
2OP7.pdb,V18Q,17,0.4235935743623762,0.413108,-0.010485583143809318,0.010485583143809318
2OP7.pdb,V18E,17,0.7853128458883205,0.8348181,0.049505278882797654,0.049505278882797654
2OP7.pdb,V18N,17,0.88354163205898,0.73228693,-0.15125470197475144,0.15125470197475144
2OP7.pdb,V18H,17,0.4646135412894447,0.43478283,-0.029830708428498054,0.029830708428498054
2OP7.pdb,V18D,17,1.0463350121711985,1.2262291,0.17989405944592796,0.17989405944592796
2OP7.pdb,V18R,17,0.0590720887088971,0.37351012,0.3144380335902972,0.3144380335902972
2OP7.pdb,V18K,17,0.3590468232473287,0.39901468,0.03996785833035382,0.03996785833035382
2OP7.pdb,V18T,17,0.5092201427075747,0.513162,0.003941874161016656,0.003941874161016656
2OP7.pdb,V18S,17,0.9745877326731888,0.7922679,-0.1823198140864578,0.1823198140864578
2OP7.pdb,V18A,17,0.683360747587725,0.6985245,0.015163727509931224,0.015163727509931224
2OP7.pdb,V18G,17,1.2716123193771685,1.2287146,-0.0428977340729082,0.0428977340729082
2OP7.pdb,V18M,17,0.4120097452371221,0.2740766,-0.13793313443351796,0.13793313443351796
2OP7.pdb,V18L,17,0.2664888206015718,0.3432443,0.07675549359215378,0.07675549359215378
2OP7.pdb,V18I,17,0.1268205682375636,-0.08034217,-0.20716274181391858,0.20716274181391858
2OP7.pdb,V18W,17,0.4253966076585898,0.43775916,0.012362553336893622,0.012362553336893622
2OP7.pdb,V18Y,17,0.3642711680755424,0.28297386,-0.08129731234167092,0.08129731234167092
2OP7.pdb,V18F,17,0.3957955802837332,0.3341905,-0.06160509242209988,0.06160509242209988
2OP7.pdb,V18P,17,2.7976701504142536,2.132975,-0.6646950489433063,0.6646950489433063
2OP7.pdb,R19Q,18,0.4728327147080811,0.22264642,-0.250186299474469,0.250186299474469
2OP7.pdb,R19E,18,0.9520810656831624,0.62119126,-0.3308898024843099,0.3308898024843099
2OP7.pdb,R19N,18,1.8592844393099328,1.0919795,-0.767304935678341,0.767304935678341
2OP7.pdb,R19H,18,1.342959471550306,0.7263111,-0.6166483839419685,0.6166483839419685
2OP7.pdb,R19D,18,2.7861826885107708,1.6364067,-1.1497760284308147,1.1497760284308147
2OP7.pdb,R19K,18,0.3978286374981272,-0.1409272,-0.5387558330471385,0.5387558330471385
2OP7.pdb,R19T,18,0.7951705780373559,0.5451267,-0.25004390147790767,0.25004390147790767
2OP7.pdb,R19S,18,1.2341282972482697,0.5453818,-0.6887465128091828,0.6887465128091828
2OP7.pdb,R19A,18,0.4964778439961854,-0.026591718,-0.5230695621930543,0.5230695621930543
2OP7.pdb,R19G,18,1.73641125635304,0.826336,-0.9100752301613286,0.9100752301613286
2OP7.pdb,R19M,18,0.1850637246051776,0.032153934,-0.1529097903648364,0.1529097903648364
2OP7.pdb,R19L,18,0.52426923763811,-0.031836987,-0.556106224179858,0.556106224179858
2OP7.pdb,R19V,18,0.4963205342026322,0.01761058,-0.478709954473552,0.478709954473552
2OP7.pdb,R19I,18,0.2253864182774436,0.04438892,-0.18099749820870276,0.18099749820870276
2OP7.pdb,R19W,18,1.52004088961984,0.21691689,-1.3031240006675848,1.3031240006675848
2OP7.pdb,R19Y,18,1.3616768100848184,0.34162408,-1.0200527289500223,1.0200527289500223
2OP7.pdb,R19F,18,1.3517850342961903,0.27763242,-1.0741526190015431,1.0741526190015431
2OP7.pdb,R19P,18,0.311334987504094,-0.017473817,-0.32880880437573706,0.32880880437573706
2OP7.pdb,R19C,18,0.4225402781424221,0.09750399,-0.32503628820750086,0.32503628820750086
2OP7.pdb,Y20Q,19,1.9556048184436676,1.8715817,-0.08402314482153628,0.08402314482153628
2OP7.pdb,Y20E,19,1.9643124444935376,2.1734726,0.20916019840502198,0.20916019840502198
2OP7.pdb,Y20N,19,3.414231819101848,2.848686,-0.5655458392587085,0.5655458392587085
2OP7.pdb,Y20H,19,2.305805736049193,1.5527024,-0.7531033091387926,0.7531033091387926
2OP7.pdb,Y20R,19,2.9824187706674627,2.1952012,-0.7872176121439032,0.7872176121439032
2OP7.pdb,Y20K,19,2.8162564729982504,2.3332114,-0.4830450510316977,0.4830450510316977
2OP7.pdb,Y20T,19,2.2752062924055485,1.8725538,-0.40265246702713053,0.40265246702713053
2OP7.pdb,Y20S,19,2.630290997258674,2.2651374,-0.3651535632529366,0.3651535632529366
2OP7.pdb,Y20A,19,2.973909828222874,1.8379614,-1.135948392904881,1.135948392904881
2OP7.pdb,Y20M,19,1.3070340461319851,0.91383076,-0.39320328899087187,0.39320328899087187
2OP7.pdb,Y20L,19,1.2255032577229783,1.1228817,-0.10262160679829568,0.10262160679829568
2OP7.pdb,Y20V,19,1.0552643225278544,0.91143435,-0.1438299701299357,0.1438299701299357
2OP7.pdb,Y20I,19,0.9456623265936248,0.72351795,-0.222144372244107,0.222144372244107
2OP7.pdb,Y20W,19,1.7335483481524534,0.66144264,-1.072105710708911,1.072105710708911
2OP7.pdb,Y20F,19,0.3863379812196759,0.19632876,-0.19000922202625548,0.19000922202625548
2OP7.pdb,Y20C,19,1.0505734998558585,0.9548853,-0.09568819588170685,0.09568819588170685
2OP7.pdb,F21T,20,2.768833584277054,1.5403943,-1.2284392780941928,1.2284392780941928
2OP7.pdb,F21M,20,3.8057983080180695,1.1568563,-2.6489420095714142,2.6489420095714142
2OP7.pdb,F21L,20,3.0185489776477854,1.0608063,-1.957742703233723,1.957742703233723
2OP7.pdb,F21W,20,1.139292887902318,0.265684,-0.8736088793039904,0.8736088793039904
2OP7.pdb,F21Y,20,0.7109195899378529,-0.024250627,-0.7351702165018787,0.7351702165018787
2OP7.pdb,V22Q,21,1.4775262666501,0.9644181,-0.513108153418441,0.513108153418441
2OP7.pdb,V22E,21,1.5354155314572435,1.1767201,-0.35869538909274157,0.35869538909274157
2OP7.pdb,V22N,21,2.24061092428566,1.7374909,-0.5031200318753819,0.5031200318753819
2OP7.pdb,V22H,21,0.8924129958015494,0.6780909,-0.2143221254211478,0.2143221254211478
2OP7.pdb,V22D,21,3.047420706141525,1.7797084,-1.2677123206739958,1.2677123206739958
2OP7.pdb,V22R,21,1.11950035373358,1.363749,0.24424867351861734,0.24424867351861734
2OP7.pdb,V22K,21,1.387491955278984,1.3484049,-0.03908707094060504,0.03908707094060504
2OP7.pdb,V22T,21,1.632888751581807,0.9444545,-0.6884342604433487,0.6884342604433487
2OP7.pdb,V22S,21,2.133078432549765,1.3965428,-0.7365356449978853,0.7365356449978853
2OP7.pdb,V22A,21,1.4051430224989092,1.0577661,-0.3473769425962603,0.3473769425962603
2OP7.pdb,V22M,21,0.565992097341375,0.4363671,-0.12962500282462086,0.12962500282462086
2OP7.pdb,V22L,21,0.4324983372648812,0.35565123,-0.07684710764490132,0.07684710764490132
2OP7.pdb,V22I,21,0.1387110157530497,-0.1460852,-0.2847962184469889,0.2847962184469889
2OP7.pdb,V22W,21,0.2812666019430474,0.080756485,-0.2005101164808587,0.2005101164808587
2OP7.pdb,V22Y,21,-0.516629634183245,-0.2775759,0.2390537240918449,0.2390537240918449
2OP7.pdb,V22F,21,-0.304680898042537,-0.09752059,0.2071603082140458,0.2071603082140458
2OP7.pdb,D23Q,22,1.3704948434386788,1.2514077,-0.1190871009383736,0.1190871009383736
2OP7.pdb,D23E,22,1.36326391465181,1.011964,-0.351299951143204,0.351299951143204
2OP7.pdb,D23N,22,0.4798672983208463,-0.093014,-0.5728813001671598,0.5728813001671598
2OP7.pdb,D23H,22,0.5764263786830646,0.84554136,0.269114979311015,0.269114979311015
2OP7.pdb,D23R,22,1.9006028167052755,1.1774385,-0.7231643191619406,0.7231643191619406
2OP7.pdb,D23K,22,1.9493330712299537,1.4460332,-0.5032998318653297,0.5032998318653297
2OP7.pdb,D23T,22,2.750272010514569,1.5723674,-1.1779045807812927,1.1779045807812927
2OP7.pdb,D23S,22,1.497604946352768,1.1000363,-0.39756868288688674,0.39756868288688674
2OP7.pdb,D23A,22,2.0270021311541284,1.1981016,-0.8289004914065088,0.8289004914065088
2OP7.pdb,D23G,22,2.455162383060256,1.4640923,-0.9910701284215842,0.9910701284215842
2OP7.pdb,D23M,22,1.9273138157707623,1.0813675,-0.8459463230949811,0.8459463230949811
2OP7.pdb,D23L,22,1.9367489387543024,0.93456256,-1.0021863748581232,1.0021863748581232
2OP7.pdb,D23V,22,2.585723887884785,1.2880932,-1.2976306786181224,1.2976306786181224
2OP7.pdb,D23I,22,2.4599958884478164,1.2347283,-1.2252675521135878,1.2252675521135878
2OP7.pdb,D23W,22,1.9121619348679,0.83087945,-1.0812824850235396,1.0812824850235396
2OP7.pdb,D23Y,22,1.5467890313897652,0.8576237,-0.6891653350625557,0.6891653350625557
2OP7.pdb,D23F,22,1.5013494863840988,0.7415928,-0.7597566619250229,0.7597566619250229
2OP7.pdb,D23P,22,3.3253926665034403,2.0571778,-1.2682148844447245,1.2682148844447245
2OP7.pdb,H24Q,23,0.7996587545793648,0.5878784,-0.2117803485315437,0.2117803485315437
2OP7.pdb,H24E,23,1.4074557054094077,0.9860917,-0.42136403203523165,0.42136403203523165
2OP7.pdb,H24N,23,0.4000776679376687,0.42339766,0.02331999231776344,0.02331999231776344
2OP7.pdb,H24D,23,1.6998920021641537,1.2827704,-0.41712160688522304,0.41712160688522304
2OP7.pdb,H24R,23,0.5901785641776254,0.43258756,-0.15759100018607874,0.15759100018607874
2OP7.pdb,H24K,23,0.591497008544922,0.56964755,-0.0218494579620363,0.0218494579620363
2OP7.pdb,H24T,23,0.5007824948100335,0.7902287,0.28944622966964184,0.28944622966964184
2OP7.pdb,H24S,23,0.8132922078678426,0.80142856,-0.011863651425581878,0.011863651425581878
2OP7.pdb,H24A,23,1.0150237456792923,0.87899095,-0.1360327974790665,0.1360327974790665
2OP7.pdb,H24G,23,1.1119854802740143,0.9291475,-0.18283799835567938,0.18283799835567938
2OP7.pdb,H24M,23,0.7592301856586214,0.67235494,-0.08687524905888999,0.08687524905888999
2OP7.pdb,H24L,23,0.551063088752882,0.37241986,-0.17864322481359673,0.17864322481359673
2OP7.pdb,H24V,23,0.7333961365289796,0.72648895,-0.006907188660632446,0.006907188660632446
2OP7.pdb,H24I,23,0.6664705864750786,0.8129978,0.14652723151808544,0.14652723151808544
2OP7.pdb,H24W,23,0.2694954955942523,0.11124027,-0.1582552278406512,0.1582552278406512
2OP7.pdb,H24Y,23,0.6561672548011375,-0.007933199,-0.6641004542068076,0.6641004542068076
2OP7.pdb,H24F,23,0.6354618908788345,0.3711046,-0.2643572928334854,0.2643572928334854
2OP7.pdb,H24P,23,1.534749331396758,2.1933239,0.6585745192349559,0.6585745192349559
2OP7.pdb,H24C,23,0.7745034247526861,0.072392225,-0.7021111994871831,0.7021111994871831
2OP7.pdb,N25Q,24,0.8422986097141774,0.40472132,-0.4375772900387318,0.4375772900387318
2OP7.pdb,N25E,24,1.197210622177339,0.8419825,-0.3552281383135085,0.3552281383135085
2OP7.pdb,N25H,24,0.7262424615332703,0.40029663,-0.3259458330580811,0.3259458330580811
2OP7.pdb,N25D,24,1.3975798294953965,0.937723,-0.45985684851929176,0.45985684851929176
2OP7.pdb,N25R,24,0.8497122948122553,-0.180412,-1.0301242892695002,1.0301242892695002
2OP7.pdb,N25K,24,0.5030908722051337,0.06893617,-0.43415470305764226,0.43415470305764226
2OP7.pdb,N25T,24,0.6436221745168518,0.4644,-0.17922218109720456,0.17922218109720456
2OP7.pdb,N25S,24,0.8184078440595912,0.57202303,-0.24638480996382706,0.24638480996382706
2OP7.pdb,N25A,24,0.7349579119506888,0.81681013,0.08185221912230922,0.08185221912230922
2OP7.pdb,N25G,24,1.0519107673255312,1.0596714,0.007760634652007825,0.007760634652007825
2OP7.pdb,N25M,24,0.8061570712460289,0.47246465,-0.33369242037665936,0.33369242037665936
2OP7.pdb,N25L,24,0.6305938831397326,0.44557875,-0.18501512919152097,0.18501512919152097
2OP7.pdb,N25V,24,0.5774342779462045,0.40235275,-0.17508152764484342,0.17508152764484342
2OP7.pdb,N25I,24,0.4381048910883902,0.2701879,-0.1679169767168997,0.1679169767168997
2OP7.pdb,N25W,24,0.901684882134854,0.76901907,-0.1326658148474089,0.1326658148474089
2OP7.pdb,N25Y,24,0.697353866114486,0.7389872,0.041633341298233706,0.041633341298233706
2OP7.pdb,N25F,24,0.7519584386470544,0.69286966,-0.05908877540852897,0.05908877540852897
2OP7.pdb,N25P,24,2.1001964909086097,1.7213831,-0.37881339612101206,0.37881339612101206
2OP7.pdb,N25C,24,0.3501112971092914,0.34880584,-0.0013054523255084383,0.0013054523255084383
2OP7.pdb,T26Q,25,1.3459139901951596,0.5870149,-0.7588990766361996,0.7588990766361996
2OP7.pdb,T26E,25,1.37466781929614,0.8989843,-0.47568350628497047,0.47568350628497047
2OP7.pdb,T26N,25,0.6380884017742416,0.16311687,-0.4749715294636032,0.4749715294636032
2OP7.pdb,T26H,25,1.164037667050709,0.4259926,-0.7380450589803356,0.7380450589803356
2OP7.pdb,T26D,25,1.7386881253402724,0.6646755,-1.0740126511734023,1.0740126511734023
2OP7.pdb,T26R,25,1.1933922252713405,0.4606396,-0.7327526292859279,0.7327526292859279
2OP7.pdb,T26K,25,1.255801430906264,0.40629792,-0.8495035087718645,0.8495035087718645
2OP7.pdb,T26S,25,0.6157845220183864,0.24229169,-0.373492833099319,0.373492833099319
2OP7.pdb,T26A,25,1.2217835509406825,0.79506075,-0.4267227971183558,0.4267227971183558
2OP7.pdb,T26G,25,1.2856939484594418,0.8025687,-0.48312527437191743,0.48312527437191743
2OP7.pdb,T26M,25,1.328518015696133,0.65826607,-0.6702519481912501,0.6702519481912501
2OP7.pdb,T26L,25,1.363277272297673,0.716362,-0.6469152727859542,0.6469152727859542
2OP7.pdb,T26V,25,2.121664332774622,0.65580183,-1.4658625000986882,1.4658625000986882
2OP7.pdb,T26I,25,2.369753353766553,0.63430977,-1.7354435850897953,1.7354435850897953
2OP7.pdb,T26W,25,2.12851741015236,0.6363001,-1.4922173231772624,1.4922173231772624
2OP7.pdb,T26Y,25,1.7439910420606737,0.52769905,-1.2162919887731676,1.2162919887731676
2OP7.pdb,T26F,25,1.6520774991354183,0.53319,-1.118887487157269,1.118887487157269
2OP7.pdb,T26P,25,3.593488952485033,1.6047933,-1.9886956423196276,1.9886956423196276
2OP7.pdb,R27Q,26,0.044094846493639,0.06437731,0.020282461398206705,0.020282461398206705
2OP7.pdb,R27E,26,0.3562722582099744,0.35416934,-0.002102919268400283,0.002102919268400283
2OP7.pdb,R27N,26,-0.3170065342000385,-0.18530273,0.1317037998250385,0.1317037998250385
2OP7.pdb,R27H,26,0.0096501905457166,0.11379537,0.10414517931779353,0.10414517931779353
2OP7.pdb,R27D,26,0.2058852135431155,0.26158482,0.05569960482007419,0.05569960482007419
2OP7.pdb,R27K,26,-0.0108313404787003,0.007439971,0.01827131144885411,0.01827131144885411
2OP7.pdb,R27T,26,0.8598522346538595,0.6568389,-0.20301334076347866,0.20301334076347866
2OP7.pdb,R27S,26,0.1938135893483967,0.19485813,0.0010445444444804886,0.0010445444444804886
2OP7.pdb,R27A,26,0.173450801254118,0.16746661,-0.0059841905840282705,0.0059841905840282705
2OP7.pdb,R27G,26,-0.4626417638403119,-0.1670109,0.29563086048185244,0.29563086048185244
2OP7.pdb,R27M,26,0.1967131640997714,0.20859757,0.011884406557958693,0.011884406557958693
2OP7.pdb,R27L,26,0.6004015116045323,0.24992523,-0.350476285631403,0.350476285631403
2OP7.pdb,R27V,26,1.1190813603310807,0.80091333,-0.3181680264382585,0.3181680264382585
2OP7.pdb,R27I,26,1.3392892521530122,0.806994,-0.5322952312141389,0.5322952312141389
2OP7.pdb,R27W,26,0.7577792833483112,0.39759493,-0.36018435460685616,0.36018435460685616
2OP7.pdb,R27Y,26,0.7818187594383454,0.43271673,-0.34910203218157054,0.34910203218157054
2OP7.pdb,R27F,26,0.6234221625472602,0.4687059,-0.15471626998439403,0.15471626998439403
2OP7.pdb,R27P,26,1.521457134766112,1.2116206,-0.30983656553698613,0.30983656553698613
2OP7.pdb,T28Q,27,0.5716714354198893,0.5970355,0.025364091809419786,0.025364091809419786
2OP7.pdb,T28E,27,0.7731067299372971,0.8381843,0.06507756714751123,0.06507756714751123
2OP7.pdb,T28N,27,0.78592804841669,0.6738264,-0.11210165195138844,0.11210165195138844
2OP7.pdb,T28H,27,0.8562943870987216,0.7005839,-0.15571051191943086,0.15571051191943086
2OP7.pdb,T28D,27,1.5117309924191926,0.9000429,-0.6116881009168122,0.6116881009168122
2OP7.pdb,T28R,27,0.4010026057043201,0.5670194,0.16601679727648433,0.16601679727648433
2OP7.pdb,T28K,27,0.4114144569663724,0.53021634,0.11880187928393277,0.11880187928393277
2OP7.pdb,T28S,27,0.6442394022282252,0.35707036,-0.28716904562078804,0.28716904562078804
2OP7.pdb,T28A,27,1.2070579622603927,0.7760271,-0.4310308788634811,0.4310308788634811
2OP7.pdb,T28G,27,1.4846323481149426,1.0194504,-0.46518192201325803,0.46518192201325803
2OP7.pdb,T28M,27,0.7728178495844746,0.5907847,-0.18203312105740554,0.18203312105740554
2OP7.pdb,T28L,27,0.6947864975354561,0.6709062,-0.02388031143163527,0.02388031143163527
2OP7.pdb,T28V,27,0.8095690690581154,0.5578802,-0.25168884626072163,0.25168884626072163
2OP7.pdb,T28I,27,0.7487486412092799,0.5357116,-0.21303705473390755,0.21303705473390755
2OP7.pdb,T28W,27,1.255562804854265,0.71086687,-0.5446959363583239,0.5446959363583239
2OP7.pdb,T28Y,27,0.95651544868548,0.62401783,-0.3324976140220889,0.3324976140220889
2OP7.pdb,T28F,27,0.8808343619175145,0.66586095,-0.21497341097070666,0.21497341097070666
2OP7.pdb,T28C,27,-0.3071603924376398,0.33991894,0.647079333697024,0.647079333697024
2OP7.pdb,T29Q,28,0.3069658976830998,0.17341626,-0.13354964077849774,0.13354964077849774
2OP7.pdb,T29E,28,0.3204256194860182,0.30116847,-0.019257147911234895,0.019257147911234895
2OP7.pdb,T29N,28,0.6263229301415252,0.847103,0.22078006954566964,0.22078006954566964
2OP7.pdb,T29H,28,0.2266652694852919,0.2762344,0.04956911886614854,0.04956911886614854
2OP7.pdb,T29D,28,1.4744660978884294,1.0528386,-0.42162753396936203,0.42162753396936203
2OP7.pdb,T29R,28,0.2141744251212602,0.4054943,0.191319877389955,0.191319877389955
2OP7.pdb,T29K,28,-0.0390138963445885,0.45618483,0.4951987305864556,0.4951987305864556
2OP7.pdb,T29S,28,0.3953976746816221,0.19388041,-0.20151726567931805,0.20151726567931805
2OP7.pdb,T29A,28,0.1654939513629636,0.081495665,-0.08399828634917347,0.08399828634917347
2OP7.pdb,T29G,28,1.0757504326383105,0.81056964,-0.2651807886640063,0.2651807886640063
2OP7.pdb,T29M,28,-0.0804282532183906,-0.21949762,-0.13906936784102714,0.13906936784102714
2OP7.pdb,T29L,28,0.032836293725464,0.10524986,0.07241356566717898,0.07241356566717898
2OP7.pdb,T29V,28,-0.2457051749782315,-0.26844308,-0.022737902824426587,0.022737902824426587
2OP7.pdb,T29I,28,-0.3504851239503823,-0.25128442,0.09920070346011739,0.09920070346011739
2OP7.pdb,T29W,28,-0.6047691332134457,-0.27117512,0.33359401691286283,0.33359401691286283
2OP7.pdb,T29Y,28,-0.1942612756105313,-0.24057594,-0.04631466380635407,0.04631466380635407
2OP7.pdb,T29F,28,-0.0774415868980642,-0.30084965,-0.22340805943181558,0.22340805943181558
2OP7.pdb,T29P,28,1.2152061347075516,1.4257022,0.21049607953347627,0.21049607953347627
2OP7.pdb,T30Q,29,0.754481952912315,0.9290591,0.17457713531781804,0.17457713531781804
2OP7.pdb,T30E,29,2.189719102755514,1.0988609,-1.0908582428846034,1.0908582428846034
2OP7.pdb,T30N,29,1.8949500389493223,1.121974,-0.7729760475552794,0.7729760475552794
2OP7.pdb,T30H,29,0.3971803356629304,1.1064925,0.7093121837157317,0.7093121837157317
2OP7.pdb,T30D,29,2.02793514588628,0.93235797,-1.0955771789864084,1.0955771789864084
2OP7.pdb,T30R,29,1.648442435380577,1.3558931,-0.29254930030977633,0.29254930030977633
2OP7.pdb,T30K,29,1.908156112054523,1.2712407,-0.6369154008423648,0.6369154008423648
2OP7.pdb,T30S,29,0.5945824509729882,0.5362452,-0.05833722411294184,0.05833722411294184
2OP7.pdb,T30A,29,1.6685254542191748,1.0682834,-0.6002420155366186,0.6002420155366186
2OP7.pdb,T30G,29,1.5906278361039723,1.2905469,-0.30008094203048596,0.30008094203048596
2OP7.pdb,T30M,29,1.5542935039258148,0.74389625,-0.8103972579693939,0.8103972579693939
2OP7.pdb,T30L,29,1.9832658450420773,0.9231696,-1.0600962321575558,1.0600962321575558
2OP7.pdb,T30V,29,1.6001347738720646,0.8257189,-0.7744158941723576,0.7744158941723576
2OP7.pdb,T30I,29,1.6633719692185764,0.8690641,-0.794307876582468,0.794307876582468
2OP7.pdb,T30W,29,1.2718055290127523,0.9131839,-0.3586216014767416,0.3586216014767416
2OP7.pdb,T30Y,29,1.404516472755386,0.8778543,-0.5266621851310269,0.5266621851310269
2OP7.pdb,T30F,29,1.7435247179725264,0.84379095,-0.8997337695815657,0.8997337695815657
2OP7.pdb,T30P,29,2.81010624044208,1.6181996,-1.1919066535737937,1.1919066535737937
2OP7.pdb,F31Q,30,0.942637394541714,1.316353,0.3737155689058568,0.3737155689058568
2OP7.pdb,F31E,30,1.1012129842356029,1.2075781,0.10636507877556656,0.10636507877556656
2OP7.pdb,F31N,30,1.0447485754310355,1.3343204,0.28957185055620815,0.28957185055620815
2OP7.pdb,F31H,30,0.7358732306421834,1.0848236,0.34895037775625415,0.34895037775625415
2OP7.pdb,F31D,30,0.891870389235702,1.2660546,0.37418424104383896,0.37418424104383896
2OP7.pdb,F31R,30,0.7724476971651888,1.5005977,0.7281500182126188,0.7281500182126188
2OP7.pdb,F31K,30,0.9577342331436504,1.3713698,0.41363560557094925,0.41363560557094925
2OP7.pdb,F31T,30,0.5294402164139389,1.0883541,0.5589138943038345,0.5589138943038345
2OP7.pdb,F31S,30,0.8766379585882889,1.2257744,0.34913644879849093,0.34913644879849093
2OP7.pdb,F31A,30,1.1189314489629112,1.2033256,0.08439418027140277,0.08439418027140277
2OP7.pdb,F31G,30,1.3723182420035132,1.2615826,-0.11073562901218015,0.11073562901218015
2OP7.pdb,F31M,30,0.2675274509899856,0.6840335,0.41650606207916724,0.41650606207916724
2OP7.pdb,F31L,30,0.2096784752546172,0.9009578,0.6912793475450654,0.6912793475450654
2OP7.pdb,F31V,30,0.8831764043984693,1.1685276,0.2853511987509447,0.2853511987509447
2OP7.pdb,F31I,30,0.8409001232149556,1.0911689,0.25026875724769093,0.25026875724769093
2OP7.pdb,F31W,30,0.5068430696511039,0.15319532,-0.3536477480911979,0.3536477480911979
2OP7.pdb,F31Y,30,0.4051665340236208,0.2446751,-0.16049143417391987,0.16049143417391987
2OP7.pdb,F31P,30,1.3853134458692464,1.2965503,-0.08876317197398276,0.08876317197398276
2OP7.pdb,F31C,30,0.0089475181885982,0.44687742,0.4379299017599797,0.4379299017599797
2OP7.pdb,K32Q,31,0.0613817513155217,-0.07977986,-0.14116161467306565,0.14116161467306565
2OP7.pdb,K32E,31,-0.1563344923334577,-0.03254266,0.12379183150105261,0.12379183150105261
2OP7.pdb,K32N,31,0.2267191638991454,0.124624155,-0.10209500843735722,0.10209500843735722
2OP7.pdb,K32H,31,0.0751554673614669,-0.030010514,-0.10516598132278206,0.10516598132278206
2OP7.pdb,K32D,31,-0.0793846055064135,0.22149666,0.3008812620434695,0.3008812620434695
2OP7.pdb,K32R,31,0.2673250003411538,0.071625456,-0.1956995441272027,0.1956995441272027
2OP7.pdb,K32T,31,0.2092093269713726,-0.10291466,-0.31212398814042475,0.31212398814042475
2OP7.pdb,K32S,31,0.4602540706276801,0.12688163,-0.33337244139908817,0.33337244139908817
2OP7.pdb,K32A,31,0.4958222084405927,0.1370377,-0.3587845139863996,0.3587845139863996
2OP7.pdb,K32G,31,1.1723800434863545,0.61522293,-0.5571571125781514,0.5571571125781514
2OP7.pdb,K32M,31,0.6078803874360941,-0.06218928,-0.67006966842288,0.67006966842288
2OP7.pdb,K32L,31,0.1536377819011543,-0.07892268,-0.23256046341160275,0.23256046341160275
2OP7.pdb,K32V,31,0.0667315654913096,-0.23883012,-0.3055616848627238,0.3055616848627238
2OP7.pdb,K32I,31,-0.0479254179193877,-0.29817307,-0.25024765203453075,0.25024765203453075
2OP7.pdb,K32W,31,0.1768505950462864,-0.03959778,-0.2164483745586918,0.2164483745586918
2OP7.pdb,K32Y,31,0.1454730380276503,-0.064283565,-0.2097566027144255,0.2097566027144255
2OP7.pdb,K32F,31,0.2700096668271823,-0.024745218,-0.2947548852829738,0.2947548852829738
2OP7.pdb,K32P,31,2.367789181690939,1.3001145,-1.0676746692473964,1.0676746692473964
2OP7.pdb,D33Q,32,2.773157924153279,1.8367815,-0.9363764223832596,0.9363764223832596
2OP7.pdb,D33E,32,2.3267229078944163,1.3029741,-1.0237488030131296,1.0237488030131296
2OP7.pdb,D33N,32,2.4649790823948536,0.5602168,-1.9047622979176198,1.9047622979176198
2OP7.pdb,D33H,32,2.0263655412019688,1.4126475,-0.6137180554689365,0.6137180554689365
2OP7.pdb,D33R,32,2.3342704094088207,1.9297017,-0.40456872350336415,0.40456872350336415
2OP7.pdb,D33K,32,2.5638900087773093,2.1346674,-0.42922261223189917,0.42922261223189917
2OP7.pdb,D33T,32,3.5008087757799538,1.7454071,-1.7554016712877663,1.7554016712877663
2OP7.pdb,D33S,32,2.785317008141386,1.3713137,-1.4140033170021646,1.4140033170021646
2OP7.pdb,D33A,32,2.6814946570156373,1.3805686,-1.3009260334728516,1.3009260334728516
2OP7.pdb,D33G,32,3.236334177801204,1.7259548,-1.5103794067593337,1.5103794067593337
2OP7.pdb,D33M,32,3.0422453636495983,2.0481908,-0.9940545315115368,0.9940545315115368
2OP7.pdb,D33L,32,3.14952981064039,1.6457934,-1.5037363726826265,1.5037363726826265
2OP7.pdb,D33V,32,3.386654671155678,1.8646591,-1.5219956001870503,1.5219956001870503
2OP7.pdb,D33I,32,3.4348483614708547,1.8472419,-1.5876064829613332,1.5876064829613332
2OP7.pdb,D33W,32,2.503579893492018,1.4020087,-1.1015712408049452,1.1015712408049452
2OP7.pdb,D33Y,32,2.3914258501662577,1.4718735,-0.9195523283614482,0.9195523283614482
2OP7.pdb,D33F,32,2.3998260191798715,1.4792516,-0.920574396026185,0.920574396026185
2OP7.pdb,D33P,32,1.814639635375548,2.2266738,0.41203420610089236,0.41203420610089236
2OP7.pdb,D33C,32,2.36687024018239,1.2405939,-1.1262763299651048,1.1262763299651048
2OP7.pdb,P34Q,33,3.339979599021547,2.0431743,-1.2968053322063615,1.2968053322063615
2OP7.pdb,P34E,33,3.2165795530696943,2.0429015,-1.173678037109001,1.173678037109001
2OP7.pdb,P34D,33,3.2641986043088287,2.1276402,-1.136558356963858,1.136558356963858
2OP7.pdb,P34K,33,3.4419683352722625,2.1744785,-1.2674898043884735,1.2674898043884735
2OP7.pdb,P34S,33,3.413262714414578,2.0669987,-1.3462639942455108,1.3462639942455108
2OP7.pdb,P34A,33,3.85686122498665,1.9939858,-1.8628754528537765,1.8628754528537765
2OP7.pdb,P34G,33,3.2073099595003565,2.1410847,-1.0662252884798487,1.0662252884798487
2OP7.pdb,P34M,33,3.8467482709376126,1.857916,-1.9888322734324246,1.9888322734324246
2OP7.pdb,P34L,33,3.453500064761432,1.5797126,-1.8737874354431945,1.8737874354431945
2OP7.pdb,P34V,33,3.3506325239010204,1.9185143,-1.432118272192036,1.432118272192036
2OP7.pdb,P34I,33,3.055170324083139,1.7610041,-1.2941662337739959,1.2941662337739959
2OP7.pdb,P34W,33,3.19017669130435,2.1322007,-1.0579759733783245,1.0579759733783245
2OP7.pdb,P34Y,33,3.3208555656179515,2.0124867,-1.3083688693746653,1.3083688693746653
2OP7.pdb,P34F,33,3.088485389124962,1.8471363,-1.2413491300459825,1.2413491300459825
2OP7.pdb,R35Q,34,2.2449346164297865,1.1372367,-1.1076979020666884,1.1076979020666884
2OP7.pdb,R35E,34,2.3866516902496366,1.8595092,-0.5271424605896025,0.5271424605896025
2OP7.pdb,R35N,34,2.0062276527701344,1.347958,-0.6582696840582813,0.6582696840582813
2OP7.pdb,R35H,34,2.3294139713155584,1.5274945,-0.8019194215642766,0.8019194215642766
2OP7.pdb,R35D,34,2.446022487793414,2.376912,-0.06911037078901927,0.06911037078901927
2OP7.pdb,R35K,34,2.329757487404676,0.5280062,-1.8017512913826423,1.8017512913826423
2OP7.pdb,R35T,34,1.6157078201264925,1.3152151,-0.3004927093476839,0.3004927093476839
2OP7.pdb,R35S,34,2.0815475030926747,1.3516632,-0.7298842712430043,0.7298842712430043
2OP7.pdb,R35A,34,2.0902828519702235,1.5934643,-0.4968185966372767,0.4968185966372767
2OP7.pdb,R35G,34,2.16701619039555,2.204159,0.03714283098201365,0.03714283098201365
2OP7.pdb,R35M,34,2.1884673242626347,1.0473075,-1.1411598329601444,1.1411598329601444
2OP7.pdb,R35L,34,2.104744032555082,0.87259966,-1.2321443712048317,1.2321443712048317
2OP7.pdb,R35V,34,2.094191470240093,1.1597751,-0.9344163323387868,0.9344163323387868
2OP7.pdb,R35I,34,1.9356763009360387,0.8117167,-1.123959625177677,1.123959625177677
2OP7.pdb,R35W,34,1.5912892182103866,1.4623976,-0.12889164283196863,0.12889164283196863
2OP7.pdb,R35Y,34,2.083945227324383,1.5490682,-0.5348770148152275,0.5348770148152275
2OP7.pdb,R35F,34,1.7546937540798144,1.5730025,-0.18169129646110105,0.18169129646110105
2OP7.pdb,R35P,34,2.254385416317481,2.2024255,-0.051959936428565,0.051959936428565
2OP7.pdb,R35C,34,1.961511949033068,1.3002009,-0.6613110098546011,0.6613110098546011
2OP7.pdb,N36Q,35,0.3124797415650593,0.030763298,-0.28171644329197276,0.28171644329197276
2OP7.pdb,N36E,35,-0.0751440501691194,-0.06257786,0.012566191601881549,0.012566191601881549
2OP7.pdb,N36H,35,0.3972466128912555,0.15435371,-0.24289290486246218,0.24289290486246218
2OP7.pdb,N36D,35,-0.0023341915262293,-0.12741959,-0.1250853994237829,0.1250853994237829
2OP7.pdb,N36R,35,0.7287638977883826,0.2854254,-0.4433385030148993,0.4433385030148993
2OP7.pdb,N36K,35,0.4610546506167834,0.14302328,-0.3180313683272784,0.3180313683272784
2OP7.pdb,N36T,35,-0.0312644801284318,0.10429851,0.13556298978581477,0.13556298978581477
2OP7.pdb,N36S,35,0.2362630485908474,0.011924043,-0.22433900529307976,0.22433900529307976
2OP7.pdb,N36A,35,0.2910849333057661,-0.011508763,-0.3025936961422224,0.3025936961422224
2OP7.pdb,N36G,35,0.2511172275598183,0.30038717,0.049269946331249204,0.049269946331249204
2OP7.pdb,N36M,35,0.4121638577568491,-0.010124773,-0.4222886305439432,0.4222886305439432
2OP7.pdb,N36L,35,0.0832270552755432,-0.07049942,-0.15372647544155882,0.15372647544155882
2OP7.pdb,N36V,35,0.2293263058753498,0.35182482,0.1224985141663067,0.1224985141663067
2OP7.pdb,N36I,35,0.2898396008979773,0.3179235,0.02808388533478029,0.02808388533478029
2OP7.pdb,N36W,35,0.3908355769251423,0.21065295,-0.18018262949930003,0.18018262949930003
2OP7.pdb,N36Y,35,0.3746069058587777,0.2620409,-0.11256599275376672,0.11256599275376672
2OP7.pdb,N36F,35,0.4617962195685714,0.3309855,-0.13081073306115565,0.13081073306115565
2OP7.pdb,N36P,35,0.1379701695266653,0.87049615,0.7325259843048166,0.7325259843048166
2OP7.pdb,N36C,35,-0.4625666441718183,-0.19229671,0.27026993058119636,0.27026993058119636
2OP7.pdb,G37Q,36,0.455367591933292,-0.16495109,-0.6203186779776035,0.6203186779776035
2OP7.pdb,G37E,36,0.2797580735781224,-0.2527578,-0.5325158612825902,0.5325158612825902
2OP7.pdb,G37N,36,0.219686767244466,0.035425827,-0.1842609403373081,0.1842609403373081
2OP7.pdb,G37H,36,0.3101049710628811,0.13546592,-0.17463905109141503,0.17463905109141503
2OP7.pdb,G37D,36,0.0887889147747467,-0.22913504,-0.31792395124325257,0.31792395124325257
2OP7.pdb,G37R,36,0.742156897003516,0.1647178,-0.5774391035388553,0.5774391035388553
2OP7.pdb,G37K,36,0.5422620602116153,0.030515015,-0.5117470450863406,0.5117470450863406
2OP7.pdb,G37T,36,0.3058835014448053,0.17192048,-0.13396302310084168,0.13396302310084168
2OP7.pdb,G37S,36,0.3218258210209401,-0.06862001,-0.3904458322313817,0.3904458322313817
2OP7.pdb,G37A,36,0.4837308509052067,-0.09486616,-0.5785970074832707,0.5785970074832707
2OP7.pdb,G37M,36,0.5659641829967281,-0.10474619,-0.6707103756904385,0.6707103756904385
2OP7.pdb,G37L,36,0.5348057000369635,-0.10177401,-0.636579707118949,0.636579707118949
2OP7.pdb,G37V,36,0.3807112680973255,0.4426763,0.06196503767354855,0.06196503767354855
2OP7.pdb,G37I,36,0.4273162194526017,0.32167524,-0.10564097845910192,0.10564097845910192
2OP7.pdb,G37W,36,0.5288319018466119,0.06657307,-0.46225883334704676,0.46225883334704676
2OP7.pdb,G37Y,36,0.3394656790255226,0.21016869,-0.12929698953615798,0.12929698953615798
2OP7.pdb,G37F,36,0.395709661627563,0.23830956,-0.15740009942129468,0.15740009942129468
2OP7.pdb,G37P,36,0.3073426437408062,0.50663227,0.19928962468799627,0.19928962468799627
2OP7.pdb,K38Q,37,0.0054213193576564,0.056316853,0.05089553321192368,0.05089553321192368
2OP7.pdb,K38E,37,-0.0407428390267186,0.05182538,0.0925682208421521,0.0925682208421521
2OP7.pdb,K38N,37,-0.0038623617238826,-0.07316884,-0.06930647481014068,0.06930647481014068
2OP7.pdb,K38H,37,0.0412977518710322,-0.072399214,-0.11369696578113504,0.11369696578113504
2OP7.pdb,K38D,37,-0.032795182648226,0.08338649,0.11618167090706466,0.11618167090706466
2OP7.pdb,K38R,37,0.5701959465461202,0.05610481,-0.5140911375003285,0.5140911375003285
2OP7.pdb,K38T,37,-0.019946541622716,0.046926014,0.06687255574806314,0.06687255574806314
2OP7.pdb,K38S,37,-0.023462298534381,0.021913134,0.04537543209599218,0.04537543209599218
2OP7.pdb,K38A,37,-0.0702795807142107,0.04766188,0.11794145888279362,0.11794145888279362
2OP7.pdb,K38G,37,0.0801739764019418,0.1539512,0.07377722146068333,0.07377722146068333
2OP7.pdb,K38M,37,-0.0350942597786416,-0.009751804,0.025342455605648892,0.025342455605648892
2OP7.pdb,K38L,37,-0.0754916615884253,-0.055705495,0.019786166409725803,0.019786166409725803
2OP7.pdb,K38V,37,-0.0604813214730475,-0.031693954,0.0287873674523089,0.0287873674523089
2OP7.pdb,K38I,37,-0.0468064189807884,-0.03573372,0.01107270055575292,0.01107270055575292
2OP7.pdb,K38W,37,-0.0173749150999076,-0.046361573,-0.02898665794057778,0.02898665794057778
2OP7.pdb,K38Y,37,-0.0250881576708503,-0.04833547,-0.023247312588339307,0.023247312588339307
2OP7.pdb,K38F,37,-0.0403347534459035,0.03340263,0.07373738264254734,0.07373738264254734
2OP7.pdb,K38P,37,-0.0583491908314059,0.34603748,0.40438666808627344,0.40438666808627344
2OP7.pdb,S39Q,38,0.1047724641154244,0.11077477,0.006002306263642065,0.006002306263642065
2OP7.pdb,S39E,38,-0.0284344127618454,0.093649834,0.12208424715630035,0.12208424715630035
2OP7.pdb,S39N,38,0.0626224560016783,-0.01582712,-0.07844957535211165,0.07844957535211165
2OP7.pdb,S39H,38,0.0559108912925601,0.06371655,0.007805661859047415,0.007805661859047415
2OP7.pdb,S39D,38,-0.0392712338725136,0.09054859,0.1298198236981438,0.1298198236981438
2OP7.pdb,S39R,38,0.4467334976888519,0.122541085,-0.32419241280325467,0.32419241280325467
2OP7.pdb,S39K,38,0.3202795786465562,0.052637316,-0.26764226235999233,0.26764226235999233
2OP7.pdb,S39T,38,0.0863352030102846,0.15650168,0.07016647760227948,0.07016647760227948
2OP7.pdb,S39A,38,0.1371801526241549,0.05021549,-0.0869646624617823,0.0869646624617823
2OP7.pdb,S39G,38,0.0531491371993726,0.09197438,0.03882524043276851,0.03882524043276851
2OP7.pdb,S39M,38,0.2535907636179102,0.15431562,-0.09927514295712836,0.09927514295712836
2OP7.pdb,S39L,38,0.1008086669980623,0.100175306,-0.0006333607970811644,0.0006333607970811644
2OP7.pdb,S39V,38,-0.0299257432041493,0.1400963,0.1700220500049916,0.1700220500049916
2OP7.pdb,S39I,38,0.0225974224858243,0.17384163,0.15124420296621732,0.15124420296621732
2OP7.pdb,S39W,38,-0.0280768093380516,0.1301347,0.1582115110668724,0.1582115110668724
2OP7.pdb,S39Y,38,0.0051846825151313,0.1730476,0.16786291966153497,0.16786291966153497
2OP7.pdb,S39F,38,0.000427374263944,0.27441627,0.2739888936079127,0.2739888936079127
2OP7.pdb,S39P,38,-0.0313176575989415,-0.019641578,0.011676079401462251,0.011676079401462251
2OP7.pdb,S39C,38,-0.2503961354123745,-0.07067245,0.1797236829625759,0.1797236829625759
2RU9.pdb,K1Q,0,-0.1420531973999788,0.08723259,0.22928578712165848,0.22928578712165848
2RU9.pdb,K1E,0,-0.085238726030087,0.08499639,0.17023511339256717,0.17023511339256717
2RU9.pdb,K1N,0,-0.1426305762494544,0.009444647,0.15207522278675834,0.15207522278675834
2RU9.pdb,K1H,0,-0.1109577862626629,0.045106806,0.15606459212365914,0.15606459212365914
2RU9.pdb,K1D,0,-0.0648770570276124,0.08644152,0.1513185739038331,0.1513185739038331
2RU9.pdb,K1R,0,0.2443631829347057,0.09906473,-0.14529845282692144,0.14529845282692144
2RU9.pdb,K1T,0,-0.26441278008553,0.16658181,0.4309945896062514,0.4309945896062514
2RU9.pdb,K1S,0,0.0912428610915991,0.026094731,-0.0651481301481577,0.0651481301481577
2RU9.pdb,K1G,0,0.0597062225596909,0.059585948,-0.00012027501630825638,0.00012027501630825638
2RU9.pdb,K1M,0,-0.0883192502691549,0.08285526,0.17117451213143287,0.17117451213143287
2RU9.pdb,K1L,0,-0.0552523576604873,0.053752363,0.1090047203886062,0.1090047203886062
2RU9.pdb,K1V,0,-0.09287968721853,0.09813194,0.19101162698732121,0.19101162698732121
2RU9.pdb,K1I,0,-0.0752244966440827,0.13221721,0.20744171015554969,0.20744171015554969
2RU9.pdb,K1W,0,-0.0925143464223934,0.046303008,0.13881735417409666,0.13881735417409666
2RU9.pdb,K1Y,0,-0.0493379214346987,0.10380394,0.15314186155205786,0.15314186155205786
2RU9.pdb,K1F,0,0.0049269133996179,0.18447697,0.17955005822666384,0.17955005822666384
2RU9.pdb,K1P,0,-0.0093819723675565,-0.0023130998,0.007068872566016125,0.007068872566016125
2RU9.pdb,K1C,0,-0.277626663524428,-0.13593185,0.1416948140447527,0.1416948140447527
2RU9.pdb,E2Q,1,0.132180478984095,0.13404337,0.001862886732839214,0.001862886732839214
2RU9.pdb,E2N,1,0.0671512582762123,0.09927669,0.03212543339897386,0.03212543339897386
2RU9.pdb,E2H,1,-0.0199574372298307,0.10602909,0.12598653049536415,0.12598653049536415
2RU9.pdb,E2R,1,0.2854184840156373,0.22629182,-0.05912666360872354,0.05912666360872354
2RU9.pdb,E2K,1,0.2555877267775539,0.13664284,-0.11894488329267539,0.11894488329267539
2RU9.pdb,E2T,1,0.1902042604057356,0.20620395,0.015999692025943174,0.015999692025943174
2RU9.pdb,E2S,1,0.1397123844354242,0.06835875,-0.07135363528419433,0.07135363528419433
2RU9.pdb,E2A,1,0.2395169485998889,0.027999379,-0.2115175698591014,0.2115175698591014
2RU9.pdb,E2G,1,0.0727378820340942,0.1689061,0.09616821060964359,0.09616821060964359
2RU9.pdb,E2M,1,0.2416512245217263,0.2015603,-0.04009092095288627,0.04009092095288627
2RU9.pdb,E2L,1,0.1977367975915425,0.113139115,-0.08459768231759002,0.08459768231759002
2RU9.pdb,E2V,1,-0.0196950118467968,0.1364718,0.15616680490233117,0.15616680490233117
2RU9.pdb,E2I,1,0.1706389118940681,0.22401161,0.0533727030246407,0.0533727030246407
2RU9.pdb,E2W,1,-0.1355480727841724,0.13592272,0.2714707878520359,0.2714707878520359
2RU9.pdb,E2Y,1,-0.1474790439368258,0.18671219,0.33419123444566823,0.33419123444566823
2RU9.pdb,E2F,1,0.0052629195381492,0.29860833,0.2933454133342415,0.2933454133342415
2RU9.pdb,E2P,1,-0.744472364400159,-0.15741012,0.5870622493965731,0.5870622493965731
2RU9.pdb,E2C,1,-0.0991431843907166,-0.059023947,0.04011923786705021,0.04011923786705021
2RU9.pdb,P3Q,2,0.2582540659320176,0.30889753,0.05064345914008017,0.05064345914008017
2RU9.pdb,P3N,2,0.0865073110964624,0.24303156,0.1565242502782019,0.1565242502782019
2RU9.pdb,P3H,2,0.4336877394097356,0.29166296,-0.14202477816515247,0.14202477816515247
2RU9.pdb,P3D,2,-0.1669420863912565,0.3121671,0.47910919445018596,0.47910919445018596
2RU9.pdb,P3R,2,0.5641479315392397,0.34293532,-0.22121260782402974,0.22121260782402974
2RU9.pdb,P3K,2,0.4549148017764517,0.2519512,-0.20296361392740692,0.20296361392740692
2RU9.pdb,P3T,2,0.4923601256293899,0.354302,-0.13805813655086818,0.13805813655086818
2RU9.pdb,P3S,2,0.5647037335373222,0.22309689,-0.3416068412996589,0.3416068412996589
2RU9.pdb,P3A,2,0.5906691422149448,0.18520397,-0.40546517273633764,0.40546517273633764
2RU9.pdb,P3G,2,0.3100529721954983,0.41492808,0.1048751064559299,0.1048751064559299
2RU9.pdb,P3M,2,0.9756136257790292,0.35337886,-0.6222347636364663,0.6222347636364663
2RU9.pdb,P3L,2,0.6356768654133766,0.28235567,-0.35332119925279315,0.35332119925279315
2RU9.pdb,P3V,2,0.5555887594627309,0.2915279,-0.2640608623432088,0.2640608623432088
2RU9.pdb,P3I,2,0.5752666543829381,0.34954056,-0.2257260929453313,0.2257260929453313
2RU9.pdb,P3W,2,-0.0596317995413349,0.3280421,0.38767388948045234,0.38767388948045234
2RU9.pdb,P3Y,2,0.1293303139369861,0.3754547,0.24612438009568297,0.24612438009568297
2RU9.pdb,P3F,2,0.1020431433031516,0.47795552,0.37591237684989404,0.37591237684989404
2RU9.pdb,P3C,2,0.0087377325293394,0.11595878,0.1072210475209383,0.1072210475209383
2RU9.pdb,P4Q,3,-0.0408007775348004,0.365916,0.40671679125245175,0.40671679125245175
2RU9.pdb,P4E,3,0.0281627966784991,0.19137836,0.163215558347746,0.163215558347746
2RU9.pdb,P4N,3,-0.290664699780967,0.36258346,0.6532481582045815,0.6532481582045815
2RU9.pdb,P4H,3,-0.2423317844795622,0.3590203,0.6013520772385038,0.6013520772385038
2RU9.pdb,P4D,3,0.0282318406606307,0.25628647,0.22805463142150736,0.22805463142150736
2RU9.pdb,P4R,3,0.3008393393202948,0.51896894,0.2181296004608942,0.2181296004608942
2RU9.pdb,P4K,3,-0.0390745204356033,0.41331518,0.45238969739940943,0.45238969739940943
2RU9.pdb,P4T,3,-0.1704932410051061,0.4403198,0.6108130473424627,0.6108130473424627
2RU9.pdb,P4S,3,-0.1750924854348459,0.30126873,0.47636121202214143,0.47636121202214143
2RU9.pdb,P4A,3,0.1624216062644259,0.22875795,0.06633634141890846,0.06633634141890846
2RU9.pdb,P4G,3,-0.0676444147667605,0.52978766,0.5974320744118411,0.5974320744118411
2RU9.pdb,P4L,3,0.0626718484770889,0.33119142,0.26851957207802585,0.26851957207802585
2RU9.pdb,P4V,3,0.0616396196029613,0.37064552,0.3090059034683278,0.3090059034683278
2RU9.pdb,P4I,3,-0.231007283739554,0.42016077,0.6511680541558138,0.6511680541558138
2RU9.pdb,P4W,3,-0.1542951144138529,0.2705772,0.42487230672037146,0.42487230672037146
2RU9.pdb,P4Y,3,-0.1272042199212588,0.3988372,0.5260414286691226,0.5260414286691226
2RU9.pdb,P4F,3,0.1239034259962563,0.4340972,0.310193774635839,0.310193774635839
2RU9.pdb,P4C,3,-0.1044060703486948,0.14243695,0.2468430217475443,0.2468430217475443
2RU9.pdb,Y5Q,4,0.2526660971528649,0.16506614,-0.0875999592429757,0.0875999592429757
2RU9.pdb,Y5N,4,-0.5424526444583244,0.061643444,0.6040960884599991,0.6040960884599991
2RU9.pdb,Y5H,4,0.1568691040238892,0.07046033,-0.08640877705426564,0.08640877705426564
2RU9.pdb,Y5R,4,0.0313959962055125,0.22361495,0.19221894980221607,0.19221894980221607
2RU9.pdb,Y5K,4,0.3530228536355784,0.13364074,-0.21938211729410195,0.21938211729410195
2RU9.pdb,Y5T,4,0.2325658188212664,0.40967625,0.17711043497435738,0.17711043497435738
2RU9.pdb,Y5S,4,-0.1214875802069559,0.14433645,0.2658240273266687,0.2658240273266687
2RU9.pdb,Y5M,4,-0.0175579884827099,0.04422535,0.061783338505025875,0.061783338505025875
2RU9.pdb,Y5L,4,0.1424385035433948,0.1435428,0.001104292829972514,0.001104292829972514
2RU9.pdb,Y5V,4,0.1996073165562291,0.22070256,0.021095242199645536,0.021095242199645536
2RU9.pdb,Y5I,4,0.0937351664692003,0.23137864,0.13764347823561843,0.13764347823561843
2RU9.pdb,Y5F,4,-0.146806301298374,-0.015555695,0.13125060659908658,0.13125060659908658
2RU9.pdb,Y5C,4,-0.1128729254976295,-0.25447765,-0.14160472442950978,0.14160472442950978
2RU9.pdb,V6Q,5,0.1381447749771971,0.83083403,0.6926892561278444,0.6926892561278444
2RU9.pdb,V6E,5,0.0846531580835723,0.43925118,0.35459802637992865,0.35459802637992865
2RU9.pdb,V6N,5,0.1843937547888916,0.61959875,0.435204991510852,0.435204991510852
2RU9.pdb,V6H,5,-0.0375705995537187,0.3716329,0.4092035033680345,0.4092035033680345
2RU9.pdb,V6D,5,0.2019315931835699,0.44774288,0.24581128620714665,0.24581128620714665
2RU9.pdb,V6R,5,0.2777862668572533,1.0329189,0.7551326631964577,0.7551326631964577
2RU9.pdb,V6K,5,0.6318491881681432,1.0720984,0.4402491861986171,0.4402491861986171
2RU9.pdb,V6T,5,0.1572524199374985,0.39208403,0.2348316123596359,0.2348316123596359
2RU9.pdb,V6S,5,0.2013080941719796,0.59881246,0.39750436672737344,0.39750436672737344
2RU9.pdb,V6A,5,0.1959097963400824,0.5911318,0.39522201003351376,0.39522201003351376
2RU9.pdb,V6G,5,0.16438167691271,1.1770129,1.0126312434669287,1.0126312434669287
2RU9.pdb,V6M,5,-0.1707467337713342,0.37223822,0.5429849525556665,0.5429849525556665
2RU9.pdb,V6L,5,-0.3723863069678561,0.11238575,0.4847720567847506,0.4847720567847506
2RU9.pdb,V6I,5,-0.4952973509653047,-0.18454039,0.31075695999698194,0.31075695999698194
2RU9.pdb,V6Y,5,-0.597059546257741,-0.21609926,0.3809602840201922,0.3809602840201922
2RU9.pdb,V6F,5,-0.3526204424930652,-0.07369274,0.278927703483208,0.278927703483208
2RU9.pdb,V6P,5,0.237703046621678,1.4727595,1.235056438623073,1.235056438623073
2RU9.pdb,V6C,5,-0.1936612563196478,0.04267493,0.23633618522322752,0.23633618522322752
2RU9.pdb,S7Q,6,-0.5538316382073738,-0.35673803,0.19709360729688186,0.19709360729688186
2RU9.pdb,S7E,6,-0.2071524240705349,-0.12090754,0.08624488643139383,0.08624488643139383
2RU9.pdb,S7N,6,-0.1015811702134881,0.23994333,0.3415244957330499,0.3415244957330499
2RU9.pdb,S7H,6,-0.1988613802998076,-0.139857,0.05900438614773851,0.05900438614773851
2RU9.pdb,S7D,6,-0.2279957208368284,0.51685345,0.7448491725656492,0.7448491725656492
2RU9.pdb,S7R,6,-0.149166697152753,-0.1690422,-0.019875502697329406,0.019875502697329406
2RU9.pdb,S7K,6,-0.4139714788978068,-0.11570882,0.29826265837597526,0.29826265837597526
2RU9.pdb,S7T,6,-0.5441913278674742,-0.30219796,0.24199336486813028,0.24199336486813028
2RU9.pdb,S7A,6,-0.124447150339336,-0.11378293,0.010664222945422727,0.010664222945422727
2RU9.pdb,S7G,6,0.0707257284774223,0.64254606,0.5718203292236885,0.5718203292236885
2RU9.pdb,S7M,6,-0.411662203113889,-0.55112004,-0.1394578396870143,0.1394578396870143
2RU9.pdb,S7L,6,-0.68868242010078,-0.42131597,0.26736645206412835,0.26736645206412835
2RU9.pdb,S7V,6,-0.98018928063525,-0.6239391,0.3562501837076072,0.3562501837076072
2RU9.pdb,S7I,6,-1.0949495728075758,-0.7355856,0.3593640024721876,0.3593640024721876
2RU9.pdb,S7W,6,-0.5572852089584641,-0.4366175,0.12066771532900855,0.12066771532900855
2RU9.pdb,S7Y,6,-0.1057623535363001,-0.4227941,-0.31703175008613643,0.31703175008613643
2RU9.pdb,S7F,6,-0.258639952710392,-0.39744735,-0.13880739493059924,0.13880739493059924
2RU9.pdb,S7P,6,0.5572925133871192,1.5894225,1.0321299509836084,1.0321299509836084
2RU9.pdb,S7C,6,-1.233424116941459,-0.65670145,0.5767226713619302,0.5767226713619302
2RU9.pdb,S8Q,7,0.0579091520750929,0.02892889,-0.02898026125077497,0.02898026125077497
2RU9.pdb,S8E,7,-0.1278510091049947,-0.17451102,-0.046660006310196955,0.046660006310196955
2RU9.pdb,S8N,7,0.2630043254124776,0.32461935,0.06161502740505781,0.06161502740505781
2RU9.pdb,S8H,7,-0.132400207338871,-0.09134961,0.04105059814268494,0.04105059814268494
2RU9.pdb,S8D,7,0.3904219403187046,0.29030478,-0.1001171603122959,0.1001171603122959
2RU9.pdb,S8R,7,0.0667172673423044,0.2600386,0.19332134693076689,0.19332134693076689
2RU9.pdb,S8K,7,0.4863166595675086,0.25679815,-0.22951851141229618,0.22951851141229618
2RU9.pdb,S8T,7,-0.7362218870357768,-0.24305639,0.4931655003265636,0.4931655003265636
2RU9.pdb,S8A,7,0.193227217134742,-0.2859822,-0.4792094086973946,0.4792094086973946
2RU9.pdb,S8G,7,0.4944389643748212,0.5977399,0.10330091094179866,0.10330091094179866
2RU9.pdb,S8M,7,-0.933276075954391,-0.24282894,0.6904471405696406,0.6904471405696406
2RU9.pdb,S8L,7,-0.7337593986827291,-0.37962002,0.3541393830615438,0.3541393830615438
2RU9.pdb,S8V,7,-0.8853375009427178,-0.46777838,0.41755911625720143,0.41755911625720143
2RU9.pdb,S8I,7,-0.7900655798069884,-0.48630565,0.30375992575806876,0.30375992575806876
2RU9.pdb,S8W,7,-1.7371488303363414,-1.1553507,0.5817981452167125,0.5817981452167125
2RU9.pdb,S8Y,7,-1.2010768039603903,-0.6877239,0.5133529289146139,0.5133529289146139
2RU9.pdb,S8F,7,-0.9907444692134376,-0.6925782,0.2981662726878639,0.2981662726878639
2RU9.pdb,S8P,7,0.6560986381365463,0.92200625,0.26590761129124907,0.26590761129124907
2RU9.pdb,S8C,7,-1.0443014562402313,-0.5925311,0.45177037122588803,0.45177037122588803
2RU9.pdb,L9Q,8,2.123662815239534,1.4226389,-0.7010239221120926,0.7010239221120926
2RU9.pdb,L9N,8,2.4801697816770982,1.9553766,-0.5247931566160631,0.5247931566160631
2RU9.pdb,L9H,8,1.6716466877575833,1.193141,-0.4785057041760403,0.4785057041760403
2RU9.pdb,L9D,8,2.4640835192401,2.033289,-0.43079456355162327,0.43079456355162327
2RU9.pdb,L9K,8,2.2474091141699355,1.6670458,-0.5803632824896376,0.5803632824896376
2RU9.pdb,L9T,8,1.4820104349480794,1.228377,-0.25363345035182694,0.25363345035182694
2RU9.pdb,L9S,8,2.101481581065612,1.6289032,-0.4725784305071401,0.4725784305071401
2RU9.pdb,L9A,8,2.280903835093808,1.2518857,-1.0290181825516935,1.0290181825516935
2RU9.pdb,L9G,8,3.084708202226782,1.9531617,-1.1315464857656004,1.1315464857656004
2RU9.pdb,L9M,8,0.2936088713203735,0.3567527,0.06314382233273319,0.06314382233273319
2RU9.pdb,L9V,8,0.6723280269710958,0.3457529,-0.3265751320927084,0.3265751320927084
2RU9.pdb,L9I,8,0.0786616267286977,-0.05206597,-0.13072759524218647,0.13072759524218647
2RU9.pdb,L9W,8,0.1578526470997527,0.30287415,0.1450215007922456,0.1450215007922456
2RU9.pdb,L9Y,8,0.4322833015299849,0.2524776,-0.17980571526060624,0.17980571526060624
2RU9.pdb,L9F,8,-0.3783541346275516,0.3575133,0.7358674431526371,0.7358674431526371
2RU9.pdb,L9C,8,0.6854683110947568,0.4549936,-0.23047470548104831,0.23047470548104831
2RU9.pdb,R10Q,9,1.3969629801182968,0.45085353,-0.9461094535260421,0.9461094535260421
2RU9.pdb,R10N,9,2.2667795375169284,0.6848265,-1.5819530442536838,1.5819530442536838
2RU9.pdb,R10H,9,1.227811540587766,0.28269792,-0.9451136245568823,0.9451136245568823
2RU9.pdb,R10K,9,0.1104249338905662,0.11261718,0.002192245860829986,0.002192245860829986
2RU9.pdb,R10S,9,1.6623495858360882,0.67493427,-0.9874153178383465,0.9874153178383465
2RU9.pdb,R10A,9,1.8117178433646868,0.47214183,-1.3395760112514208,1.3395760112514208
2RU9.pdb,R10G,9,2.841858264740348,1.2038302,-1.6380280225833657,1.6380280225833657
2RU9.pdb,R10M,9,0.756256941475701,0.14712441,-0.6091325318001028,0.6091325318001028
2RU9.pdb,R10V,9,0.6394183815801631,-0.03778854,-0.6772069217050563,0.6772069217050563
2RU9.pdb,R10I,9,0.4912374868207421,-0.16969427,-0.6609317614846673,0.6609317614846673
2RU9.pdb,R10W,9,0.5299999257533847,-0.39306164,-0.9230615636318027,0.9230615636318027
2RU9.pdb,R10Y,9,0.5567124816617053,-0.2439301,-0.8006425830563586,0.8006425830563586
2RU9.pdb,R10F,9,0.7607220602796874,-0.08955437,-0.8502764297293028,0.8502764297293028
2RU9.pdb,R10C,9,0.4839974382416954,-0.025063455,-0.5090608933465233,0.5090608933465233
2RU9.pdb,I11T,10,2.998327021252281,2.1050956,-0.893231396328575,0.893231396328575
2RU9.pdb,I11S,10,2.659155426159743,2.6274111,-0.031744299069289106,0.031744299069289106
2RU9.pdb,I11A,10,2.9930280871633617,2.1391459,-0.8538822360281078,0.8538822360281078
2RU9.pdb,I11M,10,1.174271074687922,1.1838908,0.009619744861638635,0.009619744861638635
2RU9.pdb,I11L,10,0.5069468880891717,0.755597,0.24865010726452708,0.24865010726452708
2RU9.pdb,I11V,10,0.5621066289346586,0.6695396,0.10743294187375207,0.10743294187375207
2RU9.pdb,I11W,10,1.2199703062631175,1.4629441,0.24297384370789077,0.24297384370789077
2RU9.pdb,I11Y,10,0.8301456820265511,1.4265257,0.5963800299866935,0.5963800299866935
2RU9.pdb,I11F,10,-0.0905070003075461,1.0676765,1.1581835444969992,1.1581835444969992
2RU9.pdb,I11C,10,0.5738369592109516,1.3077382,0.7339012257179425,0.7339012257179425
2RU9.pdb,E12Q,11,-0.205508146948929,0.030709088,0.23621723479759232,0.23621723479759232
2RU9.pdb,E12N,11,0.0260684592152697,0.355958,0.3298895555113691,0.3298895555113691
2RU9.pdb,E12H,11,0.2583258174678331,0.26397228,0.00564646494183485,0.00564646494183485
2RU9.pdb,E12D,11,0.3110700656520349,0.38525504,0.07418497308621586,0.07418497308621586
2RU9.pdb,E12R,11,-0.3529263089050678,0.21224298,0.5651692847360996,0.5651692847360996
2RU9.pdb,E12K,11,-0.355245812325379,0.0028368682,0.3580826804923025,0.3580826804923025
2RU9.pdb,E12T,11,-0.0699323327787246,0.14732239,0.2172547192819442,0.2172547192819442
2RU9.pdb,E12S,11,-0.0162988523794274,0.16505289,0.1813517431570153,0.1813517431570153
2RU9.pdb,E12A,11,-0.0096624553869282,-0.15646242,-0.1467999606658901,0.1467999606658901
2RU9.pdb,E12G,11,0.7207456950198934,0.34314835,-0.3775973443042562,0.3775973443042562
2RU9.pdb,E12M,11,0.1522408267779169,0.14211926,-0.010121568135720238,0.010121568135720238
2RU9.pdb,E12L,11,-0.5049384221645363,0.067550294,0.5724887162657746,0.5724887162657746
2RU9.pdb,E12V,11,-0.2719564694147984,0.014215335,0.2861718046646992,0.2861718046646992
2RU9.pdb,E12I,11,0.0690081174244676,0.14138594,0.07237782527305743,0.07237782527305743
2RU9.pdb,E12W,11,-0.0441802220831077,0.21013561,0.25431583099462196,0.25431583099462196
2RU9.pdb,E12Y,11,0.1338004976656539,0.27982897,0.146028467998256,0.146028467998256
2RU9.pdb,E12F,11,0.1439275129930459,0.30977395,0.16584643877582922,0.16584643877582922
2RU9.pdb,E12P,11,-0.260123731503155,0.1501731,0.4102968293520472,0.4102968293520472
2RU9.pdb,E12C,11,-0.2932345749246607,-0.080929175,0.21230539990539649,0.21230539990539649
2RU9.pdb,I13E,12,2.677674797662049,2.5608778,-0.116796997674256,0.116796997674256
2RU9.pdb,I13N,12,3.1456693548065795,2.3106422,-0.8350271123749389,0.8350271123749389
2RU9.pdb,I13D,12,2.827698528203749,2.536552,-0.29114657584168846,0.29114657584168846
2RU9.pdb,I13T,12,2.5312365322129757,2.0058177,-0.5254188804643185,0.5254188804643185
2RU9.pdb,I13A,12,2.5306960056933248,1.8528727,-0.6778232763918721,0.6778232763918721
2RU9.pdb,I13G,12,2.3755354120667973,2.4902678,0.11473234153427692,0.11473234153427692
2RU9.pdb,I13L,12,0.0228502146566653,1.0469555,1.0241052516137814,1.0241052516137814
2RU9.pdb,I13V,12,0.8695131894989472,0.5064479,-0.363065278236435,0.363065278236435
2RU9.pdb,I13W,12,0.1622222537244604,1.7816925,1.619470251158352,1.619470251158352
2RU9.pdb,I13Y,12,1.8714318785584605,1.7648925,-0.10653941964275004,0.10653941964275004
2RU9.pdb,I13F,12,0.8289105941782742,1.3522105,0.5232999275197239,0.5232999275197239
2RU9.pdb,I13C,12,1.101168938293643,1.3912983,0.2901293557737399,0.2901293557737399
2RU9.pdb,P14Q,13,1.3801580597845526,1.351052,-0.029106013962409083,0.029106013962409083
2RU9.pdb,P14E,13,1.668263181488227,1.4732162,-0.19504700545520692,0.19504700545520692
2RU9.pdb,P14N,13,1.335836802288829,1.145351,-0.19048575000458823,0.19048575000458823
2RU9.pdb,P14H,13,0.9354934088221678,1.2639744,0.3284810193547121,0.3284810193547121
2RU9.pdb,P14D,13,1.4007316910825542,1.2406397,-0.16009200449808159,0.16009200449808159
2RU9.pdb,P14R,13,1.1603686032856964,1.43965,0.27928145546064154,0.27928145546064154
2RU9.pdb,P14K,13,1.4638404126879163,1.367725,-0.09611539800133184,0.09611539800133184
2RU9.pdb,P14T,13,0.9883644971333732,1.1766157,0.18825121789348231,0.18825121789348231
2RU9.pdb,P14S,13,0.9495829062919434,0.9446381,-0.004944832847576963,0.004944832847576963
2RU9.pdb,P14A,13,1.2314847036207357,1.1154829,-0.11600177725202232,0.11600177725202232
2RU9.pdb,P14G,13,0.5968318749272927,1.2633048,0.6664729546701804,0.6664729546701804
2RU9.pdb,P14M,13,1.2583526881757687,1.3437347,0.08538205303516877,0.08538205303516877
2RU9.pdb,P14L,13,0.8739395962200578,1.1606908,0.2867511882342879,0.2867511882342879
2RU9.pdb,P14V,13,1.7943214842657595,1.3134559,-0.48086554497285183,0.48086554497285183
2RU9.pdb,P14I,13,1.7200580832645764,1.3289198,-0.3911383149311414,0.3911383149311414
2RU9.pdb,P14W,13,0.754654135780608,1.4142843,0.659630212707246,0.659630212707246
2RU9.pdb,P14Y,13,0.9033764011750198,1.3249432,0.42156678367758027,0.42156678367758027
2RU9.pdb,P14F,13,0.2634328786927953,1.3816166,1.1181837137144313,1.1181837137144313
2RU9.pdb,P14C,13,0.5307778048527645,0.88596904,0.35519123792525065,0.35519123792525065
2RU9.pdb,A15Q,14,0.1330612822087049,0.13454284,0.001481555530285894,0.001481555530285894
2RU9.pdb,A15E,14,0.1403780199462985,0.26112372,0.12074569688490877,0.12074569688490877
2RU9.pdb,A15N,14,0.2603903333225732,0.20107625,-0.05931407907395414,0.05931407907395414
2RU9.pdb,A15H,14,0.164732813312606,0.22240797,0.05767515353958211,0.05767515353958211
2RU9.pdb,A15D,14,0.1811136963160156,0.37193197,0.19081827380346073,0.19081827380346073
2RU9.pdb,A15R,14,-0.3247797927760101,0.13457173,0.45935152386655576,0.45935152386655576
2RU9.pdb,A15K,14,-0.0597016309952205,0.0042699724,0.06397160343880112,0.06397160343880112
2RU9.pdb,A15S,14,0.2413040918040601,0.108286306,-0.1330177855420438,0.1330177855420438
2RU9.pdb,A15M,14,0.0571963842418155,0.2842593,0.22706290526128203,0.22706290526128203
2RU9.pdb,A15L,14,-0.0816336484369166,0.20912106,0.2907547117885478,0.2907547117885478
2RU9.pdb,A15V,14,0.1364611129325141,0.31154656,0.17508545116965876,0.17508545116965876
2RU9.pdb,A15I,14,0.2285221123835059,0.326582,0.09805990217719357,0.09805990217719357
2RU9.pdb,A15W,14,-0.3319614706070952,0.34527913,0.6772405979664855,0.6772405979664855
2RU9.pdb,A15Y,14,-0.1161075198853258,0.38479647,0.5009039902889971,0.5009039902889971
2RU9.pdb,A15F,14,-0.168441045394335,0.4691837,0.6376247585920432,0.6376247585920432
2RU9.pdb,A15P,14,-0.0682596386312468,0.084261805,0.15252144345035384,0.15252144345035384
2RU9.pdb,A15C,14,-0.5295079411424122,0.06619373,0.5957016707814655,0.5957016707814655
2RU9.pdb,D16Q,15,0.2014823839055997,0.20210043,0.0006180420530337294,0.0006180420530337294
2RU9.pdb,D16E,15,-0.0087780185718959,0.047643967,0.056421985544723816,0.056421985544723816
2RU9.pdb,D16N,15,-0.2366374353027929,0.029400267,0.2660377020097364,0.2660377020097364
2RU9.pdb,D16H,15,-0.4942756545190163,0.0064911097,0.5007667642478295,0.5007667642478295
2RU9.pdb,D16R,15,0.2728032083343299,0.3100574,0.037254193322774576,0.037254193322774576
2RU9.pdb,D16K,15,0.4231367950297846,0.28160077,-0.1415360216952814,0.1415360216952814
2RU9.pdb,D16T,15,0.1699077336850227,0.25507128,0.08516354870175707,0.08516354870175707
2RU9.pdb,D16S,15,-0.1411361932924517,0.11294249,0.25407868029387076,0.25407868029387076
2RU9.pdb,D16A,15,0.1204827301484883,0.102227345,-0.0182553850395024,0.0182553850395024
2RU9.pdb,D16G,15,-0.213912081269247,0.27091423,0.484826308039648,0.484826308039648
2RU9.pdb,D16M,15,0.2861550750674828,0.17647077,-0.10968430363555987,0.10968430363555987
2RU9.pdb,D16L,15,0.3342909211339371,0.15000992,-0.18428100590127872,0.18428100590127872
2RU9.pdb,D16V,15,0.7122020085317566,0.2844621,-0.42773991422481084,0.42773991422481084
2RU9.pdb,D16I,15,0.5335003857010947,0.25682423,-0.27667616051379307,0.27667616051379307
2RU9.pdb,D16W,15,-0.7386957853620055,-0.095576555,0.6431192308251861,0.6431192308251861
2RU9.pdb,D16Y,15,-0.3921469790456937,-0.04014571,0.3520012689350293,0.3520012689350293
2RU9.pdb,D16F,15,-0.136181079700794,0.019939035,0.15612011487802482,0.15612011487802482
2RU9.pdb,D16P,15,0.8977478670877983,0.809334,-0.08841388700433273,0.08841388700433273
2RU9.pdb,I17Q,16,0.7041795146521543,2.0723512,1.3681717026177431,1.3681717026177431
2RU9.pdb,I17E,16,1.3308088884152276,2.2175496,0.886740674038996,0.886740674038996
2RU9.pdb,I17N,16,0.8490859176691343,2.1990666,1.3499807212773989,1.3499807212773989
2RU9.pdb,I17H,16,0.6702962488416473,2.0985167,1.4282204538103302,1.4282204538103302
2RU9.pdb,I17D,16,1.600744841154332,2.384826,0.7840811037461808,0.7840811037461808
2RU9.pdb,I17R,16,0.7079750755858623,2.1482973,1.440322234289626,1.440322234289626
2RU9.pdb,I17K,16,0.7503741444380827,2.1829777,1.4326035319535189,1.4326035319535189
2RU9.pdb,I17T,16,0.7997256546734737,1.6627764,0.863050696301563,0.863050696301563
2RU9.pdb,I17S,16,1.0127113512228858,2.0776174,1.064906055622207,1.064906055622207
2RU9.pdb,I17A,16,0.7250856009533877,1.6323123,0.9072266968676572,0.9072266968676572
2RU9.pdb,I17G,16,0.9884013823362798,2.30551,1.3171086617616206,1.3171086617616206
2RU9.pdb,I17M,16,-0.02564000096319,1.2445498,1.2701897522449284,1.2701897522449284
2RU9.pdb,I17L,16,0.0435744131836539,0.9133221,0.8697476779189462,0.8697476779189462
2RU9.pdb,I17V,16,0.0257776577031032,0.29668748,0.2709098260844334,0.2709098260844334
2RU9.pdb,I17W,16,0.3110198974268452,1.8415966,1.5305767059667095,1.5305767059667095
2RU9.pdb,I17Y,16,0.3873597036645266,1.7113956,1.324035917635217,1.324035917635217
2RU9.pdb,I17F,16,0.4984617402774021,1.4370482,0.9385864565152005,0.9385864565152005
2RU9.pdb,I17P,16,0.9054563728753652,2.4111295,1.5056731017645273,1.5056731017645273
2RU9.pdb,I17C,16,0.205132578157366,1.2148746,1.0097420470486276,1.0097420470486276
2RU9.pdb,A18Q,17,0.1077554938919327,0.1273937,0.019638198839924598,0.019638198839924598
2RU9.pdb,A18E,17,-0.2455163909990423,0.05071892,0.29623530944176846,0.29623530944176846
2RU9.pdb,A18N,17,0.5195754966309825,0.25275835,-0.2668171426823893,0.2668171426823893
2RU9.pdb,A18H,17,0.2467655157284349,0.23374555,-0.0130199705795854,0.0130199705795854
2RU9.pdb,A18D,17,0.0933027826372039,0.20643839,0.11313560976353768,0.11313560976353768
2RU9.pdb,A18R,17,-0.0425560658740025,0.3025039,0.34505997951497847,0.34505997951497847
2RU9.pdb,A18K,17,-0.1348619877577599,0.18986703,0.32472902231224143,0.32472902231224143
2RU9.pdb,A18T,17,0.3390120949049819,0.22940482,-0.10960727291306144,0.10960727291306144
2RU9.pdb,A18S,17,0.2860864102154941,0.2052653,-0.08082111172973816,0.08082111172973816
2RU9.pdb,A18G,17,0.6939044913122876,0.45269614,-0.24120834673144653,0.24120834673144653
2RU9.pdb,A18M,17,0.0017761532517068,0.22600855,0.22423239608091192,0.22423239608091192
2RU9.pdb,A18L,17,-0.143880452862859,0.0692211,0.2131015545641186,0.2131015545641186
2RU9.pdb,A18V,17,-0.0836573580115858,0.020642072,0.10429942997394237,0.10429942997394237
2RU9.pdb,A18I,17,0.0391153295775001,0.04867235,0.009557018683379416,0.009557018683379416
2RU9.pdb,A18W,17,0.1110896121430902,0.11849308,0.0074034679960699595,0.0074034679960699595
2RU9.pdb,A18Y,17,0.2566872985553343,0.22861989,-0.028067410130460935,0.028067410130460935
2RU9.pdb,A18F,17,0.1050627480010564,0.2831971,0.17813435692982127,0.17813435692982127
2RU9.pdb,A18P,17,-0.1647433092997561,-0.043655783,0.12108752636175257,0.12108752636175257
2RU9.pdb,A19Q,18,0.7399642252702183,1.4775008,0.7375365710478359,0.7375365710478359
2RU9.pdb,A19E,18,1.540178466127434,1.7336046,0.19342608423419927,0.19342608423419927
2RU9.pdb,A19N,18,0.3042509784344924,1.2881224,0.9838714371081101,0.9838714371081101
2RU9.pdb,A19H,18,0.5732765065528935,1.1559881,0.5827115906379634,0.5827115906379634
2RU9.pdb,A19D,18,-0.1112471702385944,1.4830583,1.594305503635506,1.594305503635506
2RU9.pdb,A19R,18,0.7523397678420205,1.4400105,0.687670779795919,0.687670779795919
2RU9.pdb,A19T,18,0.5560746333145334,0.963196,0.4071213462806509,0.4071213462806509
2RU9.pdb,A19S,18,0.5257718577130683,0.86983204,0.3440601811663262,0.3440601811663262
2RU9.pdb,A19G,18,0.8698352563771221,0.7619685,-0.10786676291551323,0.10786676291551323
2RU9.pdb,A19M,18,-0.4373523573968532,0.97156286,1.4089152197930934,1.4089152197930934
2RU9.pdb,A19L,18,-0.5230322238157079,0.7452838,1.2683160062978551,1.2683160062978551
2RU9.pdb,A19V,18,-0.2792337466704593,0.33402538,0.6132591296660648,0.6132591296660648
2RU9.pdb,A19I,18,-0.5093604886598149,0.49659356,1.005954053408579,1.005954053408579
2RU9.pdb,A19W,18,-0.1799861387142756,0.89187574,1.0718618825802424,1.0718618825802424
2RU9.pdb,A19Y,18,0.3979408316021224,0.9315264,0.5335855908984879,0.5335855908984879
2RU9.pdb,A19F,18,0.1345503771649929,0.77941865,0.6448682701242832,0.6448682701242832
2RU9.pdb,A19P,18,0.5407693087931269,-0.09223032,-0.6329996287699335,0.6329996287699335
2RU9.pdb,A19C,18,-0.0836201395089855,0.41418585,0.4978059913213482,0.4978059913213482
2RU9.pdb,N20Q,19,0.0169364941160239,1.1314363,1.1144998538454018,1.1144998538454018
2RU9.pdb,N20E,19,1.6241872450513752,0.82645077,-0.7977364799184712,0.7977364799184712
2RU9.pdb,N20H,19,0.300327505242866,0.970552,0.6702245219826284,0.6702245219826284
2RU9.pdb,N20D,19,0.1157418977012656,-0.24949634,-0.36523823845291353,0.36523823845291353
2RU9.pdb,N20R,19,0.0387982483144613,1.2880609,1.249262655234733,1.249262655234733
2RU9.pdb,N20K,19,0.5529176042659762,1.3167915,0.7638739301578519,0.7638739301578519
2RU9.pdb,N20T,19,0.1281045106612586,0.64257467,0.5144701572693444,0.5144701572693444
2RU9.pdb,N20S,19,0.161469268663509,0.4956679,0.33419863595189325,0.33419863595189325
2RU9.pdb,N20A,19,0.12155153138354,0.90963197,0.7880804361610156,0.7880804361610156
2RU9.pdb,N20G,19,0.4648326346415179,0.7087805,0.24394789247335025,0.24394789247335025
2RU9.pdb,N20M,19,-0.3854669844899359,1.0810243,1.4664912736211004,1.4664912736211004
2RU9.pdb,N20L,19,-0.280130638549259,1.1106458,1.3907764095758703,1.3907764095758703
2RU9.pdb,N20V,19,-0.3053111504095263,1.2845957,1.5899068783300585,1.5899068783300585
2RU9.pdb,N20I,19,-0.381470879780899,1.3588194,1.7402902452823028,1.7402902452823028
2RU9.pdb,N20W,19,-1.639448064715194,0.9818383,2.621286350638198,2.621286350638198
2RU9.pdb,N20Y,19,-0.5664037409005704,1.056493,1.6228967848001066,1.6228967848001066
2RU9.pdb,N20P,19,0.2420394784557755,1.5755281,1.3334886663806502,1.3334886663806502
2RU9.pdb,N20C,19,-0.0808991661096967,0.41387975,0.49477891826881537,0.49477891826881537
2RU9.pdb,E21Q,20,0.0615912274246288,0.20020252,0.13861129723738902,0.13861129723738902
2RU9.pdb,E21N,20,0.2758824290777313,0.39000386,0.11412143091906435,0.11412143091906435
2RU9.pdb,E21D,20,-0.2397519611346101,0.37794784,0.6176997982489442,0.6176997982489442
2RU9.pdb,E21R,20,0.2369171463606891,0.42027518,0.18335803517121702,0.18335803517121702
2RU9.pdb,E21K,20,0.1945067480371944,0.31267342,0.1181666716767796,0.1181666716767796
2RU9.pdb,E21T,20,0.7078255916903875,0.47167212,-0.23615347398027398,0.23615347398027398
2RU9.pdb,E21A,20,0.0109952271649138,0.036649108,0.025653880768130632,0.025653880768130632
2RU9.pdb,E21G,20,0.4022395185384018,0.41084266,0.008603138550831613,0.008603138550831613
2RU9.pdb,E21M,20,0.2638335500138344,0.29622912,0.03239557405537946,0.03239557405537946
2RU9.pdb,E21L,20,-0.0356969916465814,0.22308436,0.25878135200768065,0.25878135200768065
2RU9.pdb,E21V,20,0.4440224804136277,0.23359972,-0.2104227580282212,0.2104227580282212
2RU9.pdb,E21I,20,0.4068646014549957,0.28753993,-0.11932467230346067,0.11932467230346067
2RU9.pdb,E21W,20,0.3207195323639864,0.1946365,-0.12608303844270652,0.12608303844270652
2RU9.pdb,E21Y,20,0.301819795331274,0.31181353,0.009993737974847816,0.009993737974847816
2RU9.pdb,E21F,20,0.5185770443311457,0.32054317,-0.19803387435586495,0.19803387435586495
2RU9.pdb,E21P,20,0.8936382645362322,0.53355587,-0.3600823992484514,0.3600823992484514
2RU9.pdb,E21C,20,-0.2833526484349162,0.027237982,0.31059062999276227,0.31059062999276227
2RU9.pdb,A22Q,21,0.2724206973282639,-0.031679273,-0.30409996997993627,0.30409996997993627
2RU9.pdb,A22E,21,0.2226566020925116,0.078674026,-0.14398257625890487,0.14398257625890487
2RU9.pdb,A22N,21,0.3610507302401742,0.18259369,-0.1784570418713769,0.1784570418713769
2RU9.pdb,A22H,21,0.3807489258723959,0.1866247,-0.1941242200809225,0.1941242200809225
2RU9.pdb,A22D,21,0.2583620018792476,0.2674763,0.009114288585153618,0.009114288585153618
2RU9.pdb,A22R,21,0.3129480640946911,0.041653454,-0.27129460979094966,0.27129460979094966
2RU9.pdb,A22K,21,0.4778935503138919,0.005925551,-0.47196799925703004,0.47196799925703004
2RU9.pdb,A22T,21,0.3884499881743541,0.24996361,-0.1384863768099895,0.1384863768099895
2RU9.pdb,A22S,21,0.2950189619070951,0.26154354,-0.03347541976041235,0.03347541976041235
2RU9.pdb,A22G,21,0.789179278258088,0.50139594,-0.28778333747744833,0.28778333747744833
2RU9.pdb,A22M,21,0.2538486579951495,0.06358653,-0.1902621249255389,0.1902621249255389
2RU9.pdb,A22L,21,0.1236313987824422,0.03145829,-0.0921731103512746,0.0921731103512746
2RU9.pdb,A22V,21,0.4062816463124921,0.15378946,-0.252492185653465,0.252492185653465
2RU9.pdb,A22I,21,0.3897651297946527,0.010950983,-0.3788141472240045,0.3788141472240045
2RU9.pdb,A22W,21,-0.3730954848258188,0.163314,0.5364094845978906,0.5364094845978906
2RU9.pdb,A22Y,21,-0.0805416446108111,0.23842965,0.3189712952751406,0.3189712952751406
2RU9.pdb,A22F,21,0.0349779604430908,0.2620626,0.2270846487526184,0.2270846487526184
2RU9.pdb,A22P,21,1.39732426760092,1.2065216,-0.1908026373137497,0.1908026373137497
2RU9.pdb,L23H,22,2.721354508698078,2.245267,-0.4760875943304024,0.4760875943304024
2RU9.pdb,L23R,22,2.825294239597844,2.386478,-0.4388162923627368,0.4388162923627368
2RU9.pdb,L23T,22,1.4141359476429074,1.9096873,0.49555133301199983,0.49555133301199983
2RU9.pdb,L23S,22,2.6054705972109145,2.4425054,-0.16296523756125625,0.16296523756125625
2RU9.pdb,L23A,22,1.71622451070874,2.1809607,0.4647361445036624,0.4647361445036624
2RU9.pdb,L23G,22,3.0858920574585165,2.4218104,-0.664081668893453,0.664081668893453
2RU9.pdb,L23M,22,1.0150549509649216,0.9681484,-0.046906540644639616,0.046906540644639616
2RU9.pdb,L23V,22,0.8622978679318285,1.2835045,0.4212066181521559,0.4212066181521559
2RU9.pdb,L23I,22,0.5948852172794523,0.88101304,0.28612781849477864,0.28612781849477864
2RU9.pdb,L23W,22,0.4046545955512026,1.5591118,1.154457238021185,1.154457238021185
2RU9.pdb,L23Y,22,1.883648077427845,1.5784366,-0.30521146434495927,0.30521146434495927
2RU9.pdb,L23F,22,0.4428953130685777,1.4231861,0.9802907506979017,0.9802907506979017
2RU9.pdb,K24Q,23,0.6640946662014138,0.48737362,-0.17672104592973104,0.17672104592973104
2RU9.pdb,K24E,23,1.0586013015308915,1.197219,0.13861771263689415,0.13861771263689415
2RU9.pdb,K24N,23,1.669590088702536,1.6500019,-0.019588205195760988,0.019588205195760988
2RU9.pdb,K24H,23,1.0559716280956142,1.2584951,0.2025234642963536,0.2025234642963536
2RU9.pdb,K24D,23,2.135942881223565,2.283669,0.14772611367999966,0.14772611367999966
2RU9.pdb,K24R,23,-0.8120801079649578,-0.05670595,0.755374156274284,0.755374156274284
2RU9.pdb,K24T,23,0.6847917522345823,0.96354693,0.2787551795090395,0.2787551795090395
2RU9.pdb,K24S,23,0.890294660795933,1.0255432,0.135248552094692,0.135248552094692
2RU9.pdb,K24A,23,0.3858798221342441,0.58190817,0.19602834427429472,0.19602834427429472
2RU9.pdb,K24G,23,1.0039604042620698,1.4968616,0.4929011727719268,0.4929011727719268
2RU9.pdb,K24M,23,0.1383421785064018,0.5090314,0.37068923647925495,0.37068923647925495
2RU9.pdb,K24L,23,0.0138879640012539,0.64545083,0.6315628664583408,0.6315628664583408
2RU9.pdb,K24V,23,0.015389961217135,0.6241067,0.6087167439716162,0.6087167439716162
2RU9.pdb,K24I,23,-0.0982835026224169,0.48850492,0.5867884190519366,0.5867884190519366
2RU9.pdb,K24W,23,-0.1398719007204309,1.0255915,1.165463393373324,1.165463393373324
2RU9.pdb,K24Y,23,0.1961646730403941,0.9072325,0.7110678499240835,0.7110678499240835
2RU9.pdb,K24P,23,2.1191181175609755,2.1731267,0.05400857997930775,0.05400857997930775
2RU9.pdb,V25Q,24,-0.3532810260088181,-0.1169872,0.2362938274175858,0.2362938274175858
2RU9.pdb,V25E,24,0.2453833705459989,0.16338807,-0.08199529710163245,0.08199529710163245
2RU9.pdb,V25N,24,-0.1610148328546925,0.19170474,0.3527195680145665,0.3527195680145665
2RU9.pdb,V25H,24,-0.0544325286525086,0.08199903,0.13643156234200748,0.13643156234200748
2RU9.pdb,V25D,24,0.3539109403579688,0.41903335,0.06512240820236448,0.06512240820236448
2RU9.pdb,V25R,24,-0.558773016823948,-0.15534568,0.4034273384944802,0.4034273384944802
2RU9.pdb,V25K,24,-0.4401906214579605,-0.15318471,0.2870059095248245,0.2870059095248245
2RU9.pdb,V25T,24,-0.197049281037402,0.1822428,0.37929207686240657,0.37929207686240657
2RU9.pdb,V25S,24,0.0592896495001902,0.23714954,0.17785988710945946,0.17785988710945946
2RU9.pdb,V25A,24,-0.082137700517257,-0.03657785,0.04555984993704154,0.04555984993704154
2RU9.pdb,V25G,24,0.667017376836875,0.47022548,-0.1967918936577826,0.1967918936577826
2RU9.pdb,V25M,24,-0.5649868211206317,-0.16182339,0.403163429206264,0.403163429206264
2RU9.pdb,V25L,24,-0.6596275724375511,-0.118822485,0.5408050872290397,0.5408050872290397
2RU9.pdb,V25I,24,-0.1618164764160297,-0.17545694,-0.013640464711747402,0.013640464711747402
2RU9.pdb,V25W,24,-0.5394220592760295,0.08090237,0.620324427106306,0.620324427106306
2RU9.pdb,V25Y,24,-0.3630194474435857,0.046018124,0.4090375710702947,0.4090375710702947
2RU9.pdb,V25P,24,2.480166674886592,1.5515907,-0.9285759938105422,0.9285759938105422
2RU9.pdb,V25C,24,-0.3061708225885944,-0.1806646,0.12550622364679143,0.12550622364679143
2RU9.pdb,R26Q,25,0.8725202474566041,0.47529298,-0.3972272667856751,0.3972272667856751
2RU9.pdb,R26E,25,2.090686394293789,0.8736609,-1.217025472243313,1.217025472243313
2RU9.pdb,R26N,25,1.4693149089251365,0.82605946,-0.6432554482851829,0.6432554482851829
2RU9.pdb,R26H,25,0.5983718465158745,0.5209587,-0.07741312487814866,0.07741312487814866
2RU9.pdb,R26D,25,2.563739781758275,1.2838695,-1.2798702768296861,1.2798702768296861
2RU9.pdb,R26K,25,0.388135170513652,0.18688896,-0.2012462075295669,0.2012462075295669
2RU9.pdb,R26T,25,0.7345160744498744,0.5504792,-0.18403690078959611,0.18403690078959611
2RU9.pdb,R26S,25,1.039678627508223,0.66140676,-0.37827187206083535,0.37827187206083535
2RU9.pdb,R26A,25,0.5913112353645538,0.38398933,-0.20732190125810845,0.20732190125810845
2RU9.pdb,R26G,25,1.775193623669739,0.9755261,-0.7996675292330935,0.7996675292330935
2RU9.pdb,R26M,25,-0.1398585011803059,0.12747672,0.2673352231823353,0.2673352231823353
2RU9.pdb,R26L,25,-0.3502100903373986,0.12257329,0.4727833766323357,0.4727833766323357
2RU9.pdb,R26V,25,0.4497337014660778,0.391857,-0.05787670326089284,0.05787670326089284
2RU9.pdb,R26I,25,0.0233124696063926,0.1171405,0.093828032131202,0.093828032131202
2RU9.pdb,R26W,25,-0.3120076588882026,0.27676904,0.5887767009032783,0.5887767009032783
2RU9.pdb,R26Y,25,-0.1419505881780258,0.21355334,0.355503927420961,0.355503927420961
2RU9.pdb,R26F,25,-0.2575740408545233,0.27040595,0.5279799890166021,0.5279799890166021
2RU9.pdb,L27E,26,3.030770280923037,2.6267545,-0.4040157585994284,0.4040157585994284
2RU9.pdb,L27D,26,1.729957046931097,2.7143466,0.9843896003314763,0.9843896003314763
2RU9.pdb,L27R,26,2.876678334088264,2.5049534,-0.3717249496888497,0.3717249496888497
2RU9.pdb,L27K,26,2.820334238088539,2.4491904,-0.3711438598994521,0.3711438598994521
2RU9.pdb,L27T,26,2.736193345339837,2.0573058,-0.6788875325041435,0.6788875325041435
2RU9.pdb,L27G,26,2.9347769460833995,2.844914,-0.08986298658022562,0.08986298658022562
2RU9.pdb,L27M,26,0.90935214424497,0.86614835,-0.04320379162198418,0.04320379162198418
2RU9.pdb,L27I,26,0.2083364438641244,0.42744207,0.2191056299578971,0.2191056299578971
2RU9.pdb,L27W,26,1.9973879845352132,1.7842022,-0.21318576647948806,0.21318576647948806
2RU9.pdb,L27Y,26,2.7016808069287954,1.8824297,-0.819251087957543,0.819251087957543
2RU9.pdb,L27F,26,1.0561794323235247,1.5887771,0.5325976329535749,0.5325976329535749
2RU9.pdb,L27P,26,2.4188436830701545,2.8716714,0.45282775514700857,0.45282775514700857
2RU9.pdb,L27C,26,1.7061764726589213,1.5182961,-0.1878803501079569,0.1878803501079569
2RU9.pdb,L28Q,27,0.4704646379459971,1.6222305,1.1517658918391591,1.1517658918391591
2RU9.pdb,L28E,27,0.4492172391023463,1.9000139,1.4507966845426732,1.4507966845426732
2RU9.pdb,L28N,27,1.5947558417406815,2.0858111,0.49105529641239465,0.49105529641239465
2RU9.pdb,L28H,27,1.6762552362713623,1.8984956,0.22224031865264893,0.22224031865264893
2RU9.pdb,L28D,27,2.121582524761876,2.2979631,0.17638061763314372,0.17638061763314372
2RU9.pdb,L28K,27,1.3440643005526227,1.8776714,0.5336070604169207,0.5336070604169207
2RU9.pdb,L28S,27,0.890355108850754,1.836729,0.9463739408318632,0.9463739408318632
2RU9.pdb,L28A,27,0.8254683004547521,1.627988,0.8025196803878383,0.8025196803878383
2RU9.pdb,L28G,27,1.3958586584232162,2.322923,0.9270642865993668,0.9270642865993668
2RU9.pdb,L28M,27,0.0175193399203097,0.21904075,0.20152141153690467,0.20152141153690467
2RU9.pdb,L28V,27,1.4842440915898545,1.272418,-0.21182606943409277,0.21182606943409277
2RU9.pdb,L28I,27,0.9640754403732096,0.6922803,-0.27179514786222325,0.27179514786222325
2RU9.pdb,L28W,27,0.7586796711928456,1.2559581,0.4972784090989024,0.4972784090989024
2RU9.pdb,L28Y,27,0.7362481518561674,1.4116402,0.6753920153801607,0.6753920153801607
2RU9.pdb,L28F,27,0.7889547169266482,1.083281,0.2943263232650022,0.2943263232650022
2RU9.pdb,L28P,27,2.6674344535986974,2.9750543,0.30761981046990616,0.30761981046990616
2RU9.pdb,L28C,27,0.005706314143401,0.84529597,0.8395896515281384,0.8395896515281384
2RU9.pdb,E29N,28,-0.4997743199179445,0.17964791,0.6794222275326525,0.6794222275326525
2RU9.pdb,E29H,28,-0.026453599094169,0.004062906,0.03051650500179992,0.03051650500179992
2RU9.pdb,E29D,28,0.3112904793989259,0.39120758,0.07991709639910877,0.07991709639910877
2RU9.pdb,E29R,28,-0.7940636298291781,-0.04044549,0.7536181381576159,0.7536181381576159
2RU9.pdb,E29K,28,-0.5034146491310794,-0.15091754,0.3524971041701037,0.3524971041701037
2RU9.pdb,E29T,28,0.252195629919602,0.25691813,0.004722502385543281,0.004722502385543281
2RU9.pdb,E29A,28,-0.7940337480340953,-0.1398407,0.6541930408512111,0.6541930408512111
2RU9.pdb,E29G,28,0.0091403664206053,0.08499544,0.07585507471813906,0.07585507471813906
2RU9.pdb,E29M,28,-0.504753428622716,-0.19918709,0.3055663435902529,0.3055663435902529
2RU9.pdb,E29L,28,-0.4127629292293857,-0.11018707,0.30257586064780456,0.30257586064780456
2RU9.pdb,E29V,28,0.8310485139564505,0.33769256,-0.49335595519103914,0.49335595519103914
2RU9.pdb,E29W,28,0.3864614908583901,0.19430819,-0.19215329932053304,0.19215329932053304
2RU9.pdb,E29Y,28,0.1630450936741099,0.16993147,0.006886377673698929,0.006886377673698929
2RU9.pdb,E29F,28,0.1571272645360859,0.19349012,0.03636285325222893,0.03636285325222893
2RU9.pdb,E29C,28,-0.3724506517049226,-0.3140033,0.05844736295904246,0.05844736295904246
2RU9.pdb,T30Q,29,0.0181749037722855,0.40603864,0.387863738157341,0.387863738157341
2RU9.pdb,T30E,29,0.8963894062941655,0.67076844,-0.22562096652442065,0.22562096652442065
2RU9.pdb,T30N,29,0.612566287705091,0.8824743,0.2699080155404534,0.2699080155404534
2RU9.pdb,T30D,29,2.567494444289615,1.0799236,-1.4875708145288726,1.4875708145288726
2RU9.pdb,T30R,29,0.5677310843968086,0.6724804,0.104749319980175,0.104749319980175
2RU9.pdb,T30K,29,0.1024845140171581,0.52831864,0.4258341295527882,0.4258341295527882
2RU9.pdb,T30S,29,1.1235422395946917,0.62636673,-0.497175505089992,0.497175505089992
2RU9.pdb,T30A,29,0.4766859812571085,0.4633878,-0.013298193915036949,0.013298193915036949
2RU9.pdb,T30G,29,1.308314716131398,1.0825689,-0.2257458322355239,0.2257458322355239
2RU9.pdb,T30M,29,-0.946680700003399,-0.06988013,0.8768005720965997,0.8768005720965997
2RU9.pdb,T30L,29,-1.476399170900505,-0.45869187,1.0177073056947403,1.0177073056947403
2RU9.pdb,T30V,29,-1.387828712683035,-0.40723535,0.9805933584979307,0.9805933584979307
2RU9.pdb,T30I,29,-1.5223920832063635,-0.48158434,1.040807742872425,1.040807742872425
2RU9.pdb,T30W,29,0.1610665867745364,-0.19760963,-0.35867621998185756,0.35867621998185756
2RU9.pdb,T30Y,29,0.0752430751903059,-0.101218015,-0.17646109014582653,0.17646109014582653
2RU9.pdb,T30F,29,-0.6449128792542109,-0.012407452,0.6325054273861537,0.6325054273861537
2RU9.pdb,T30P,29,1.9950050353581024,1.292438,-0.7025670051151824,0.7025670051151824
2RU9.pdb,T30C,29,-0.5797529217328901,-0.27973387,0.3000190552797193,0.3000190552797193
2RU9.pdb,E31Q,30,-0.1241937062148723,0.19788504,0.32207874268337816,0.32207874268337816
2RU9.pdb,E31N,30,-0.3820501607667559,0.38792235,0.7699725073587054,0.7699725073587054
2RU9.pdb,E31H,30,-0.4386313429064166,0.24616519,0.6847965290731799,0.6847965290731799
2RU9.pdb,E31D,30,0.158103537125537,0.55357325,0.3954697136450318,0.3954697136450318
2RU9.pdb,E31R,30,-0.5959509546928121,0.1971285,0.7930794592075063,0.7930794592075063
2RU9.pdb,E31K,30,-0.8392346714653982,0.13298099,0.972215658895017,0.972215658895017
2RU9.pdb,E31T,30,-0.1350664944632917,0.46623787,0.6013043673022657,0.6013043673022657
2RU9.pdb,E31S,30,0.028381001957725,0.29384118,0.2654601812278524,0.2654601812278524
2RU9.pdb,E31A,30,-0.363130394623842,0.15787688,0.5210072736006639,0.5210072736006639
2RU9.pdb,E31G,30,0.8746617120667219,0.31764123,-0.5570204836292982,0.5570204836292982
2RU9.pdb,E31M,30,-0.0791654272761759,0.32659405,0.40575948197512,0.40575948197512
2RU9.pdb,E31L,30,-0.5613865946771268,0.267091,0.8284776007176999,0.8284776007176999
2RU9.pdb,E31V,30,-0.2411423003101278,0.13605252,0.37719481939315086,0.37719481939315086
2RU9.pdb,E31I,30,-0.4601477630116179,0.4027339,0.8628816552139953,0.8628816552139953
2RU9.pdb,E31W,30,-0.708979781848194,0.24786116,0.9568409436762351,0.9568409436762351
2RU9.pdb,E31Y,30,-1.0081786850651309,0.24353427,1.2517129520138308,1.2517129520138308
2RU9.pdb,E31F,30,-1.0609057897987713,0.33053905,1.3914448375168194,1.3914448375168194
2RU9.pdb,E31P,30,-0.7372880221835061,-0.429529,0.30775901093396385,0.30775901093396385
2RU9.pdb,E31C,30,-0.2517579996948349,0.059596807,0.3113548064594376,0.3113548064594376
2RU9.pdb,G32N,31,1.9544570437502136,2.1923177,0.2378606804776917,0.2378606804776917
2RU9.pdb,G32H,31,1.3031975231580382,2.2136803,0.9104827441759462,0.9104827441759462
2RU9.pdb,G32R,31,2.719071456801718,2.4967532,-0.22231824101192288,0.22231824101192288
2RU9.pdb,G32K,31,2.557963630567288,2.409391,-0.14857270420620416,0.14857270420620416
2RU9.pdb,G32T,31,2.284205152334528,2.5445764,0.2603712541443537,0.2603712541443537
2RU9.pdb,G32S,31,2.031002320302812,2.2706275,0.23962517832389718,0.23962517832389718
2RU9.pdb,G32A,31,2.159910138247864,2.0158958,-0.14401429474200445,0.14401429474200445
2RU9.pdb,G32M,31,2.3481711325376056,2.1985183,-0.14965285632300596,0.14965285632300596
2RU9.pdb,G32L,31,2.088784287233591,2.1040864,0.015302111844778032,0.015302111844778032
2RU9.pdb,G32V,31,2.019105753570809,2.2494211,0.2303153661191324,0.2303153661191324
2RU9.pdb,G32I,31,1.9903018806787551,2.5509815,0.5606796409276902,0.5606796409276902
2RU9.pdb,G32W,31,1.1385660598996885,2.192564,1.0539979507204287,1.0539979507204287
2RU9.pdb,G32Y,31,1.342508967200733,1.9858191,0.6433101341328851,0.6433101341328851
2RU9.pdb,G32F,31,1.0891424212689529,1.7470989,0.6579565014605393,0.6579565014605393
2RU9.pdb,G32C,31,1.513779079446496,1.5496936,0.03591450499564264,0.03591450499564264
2RU9.pdb,V33R,32,2.6051908385450653,2.4652448,-0.13994606849501645,0.13994606849501645
2RU9.pdb,V33T,32,2.967569358812087,1.6029347,-1.3646346406800678,1.3646346406800678
2RU9.pdb,V33S,32,2.55726301556079,2.1983557,-0.3589073408171375,0.3589073408171375
2RU9.pdb,V33A,32,2.1571741152491515,1.8153032,-0.34187090880536486,0.34187090880536486
2RU9.pdb,V33M,32,1.9875208351186653,1.4131396,-0.5743812534383674,0.5743812534383674
2RU9.pdb,V33L,32,1.7200416926878928,0.87653613,-0.8435055617827414,0.8435055617827414
2RU9.pdb,V33I,32,0.5395950227052513,0.20993674,-0.3296582846910301,0.3296582846910301
2RU9.pdb,V33W,32,2.500627257341754,1.8586215,-0.6420057792610043,0.6420057792610043
2RU9.pdb,V33F,32,2.687614545280728,1.5136374,-1.1739771217654082,1.1739771217654082
2RU9.pdb,K34Q,33,-0.0182929414167558,0.031329855,0.04962279673959363,0.04962279673959363
2RU9.pdb,K34E,33,0.025548127564301,0.4240858,0.398537668315063,0.398537668315063
2RU9.pdb,K34N,33,0.292692629355709,0.7829629,0.4902702889258462,0.4902702889258462
2RU9.pdb,K34H,33,0.2261050697430859,0.3018581,0.0757530275717487,0.0757530275717487
2RU9.pdb,K34D,33,0.3857146065369308,1.2129906,0.8272760350570023,0.8272760350570023
2RU9.pdb,K34R,33,0.056591626342541,0.12332493,0.0667333043253362,0.0667333043253362
2RU9.pdb,K34T,33,-0.4858453985695927,0.16488174,0.6507271346097081,0.6507271346097081
2RU9.pdb,K34S,33,-0.0344400622399381,0.58294636,0.6173864223511747,0.6173864223511747
2RU9.pdb,K34A,33,0.1636489842493287,0.31170228,0.14805329698731987,0.14805329698731987
2RU9.pdb,K34G,33,1.207316007537358,1.1820905,-0.025225486678593256,0.025225486678593256
2RU9.pdb,K34M,33,-1.1840862898048927,-0.35722214,0.8268641499695351,0.8268641499695351
2RU9.pdb,K34L,33,-1.27464842451906,-0.700327,0.5743214453587511,0.5743214453587511
2RU9.pdb,K34V,33,-0.8170041761731088,-0.34960753,0.46739664891709687,0.46739664891709687
2RU9.pdb,K34I,33,-1.273316062929819,-0.59373415,0.6795819177653293,0.6795819177653293
2RU9.pdb,K34W,33,-0.3520050930448359,0.01021412,0.36221921319444833,0.36221921319444833
2RU9.pdb,K34Y,33,-0.55193296985769,0.063057005,0.614989975263116,0.614989975263116
2RU9.pdb,K34F,33,-0.5987920389580541,0.034970835,0.6337628738093191,0.6337628738093191
2RU9.pdb,K34P,33,2.7886267259334727,1.6294425,-1.1591842725490733,1.1591842725490733
2RU9.pdb,K34C,33,-0.6433414101476354,-0.31994766,0.3233937501783055,0.3233937501783055
2RU9.pdb,E35Q,34,0.5472325741341169,0.28170604,-0.26552653899694034,0.26552653899694034
2RU9.pdb,E35N,34,0.8269266819697316,0.5901463,-0.23678037879285174,0.23678037879285174
2RU9.pdb,E35H,34,0.6527463747704636,0.3209715,-0.3317748858178269,0.3317748858178269
2RU9.pdb,E35D,34,0.233748769908094,0.41754198,0.1837932108353142,0.1837932108353142
2RU9.pdb,E35R,34,1.6443689352689992,0.5509609,-1.0934080368696462,1.0934080368696462
2RU9.pdb,E35K,34,1.4437790576837948,0.5457867,-0.8979923788927486,0.8979923788927486
2RU9.pdb,E35T,34,0.9212036462352592,0.43321353,-0.4879901142642814,0.4879901142642814
2RU9.pdb,E35S,34,0.17752822345047,0.2933536,0.1158253639385223,0.1158253639385223
2RU9.pdb,E35A,34,0.3955906174829899,0.14734116,-0.24824945551666605,0.24824945551666605
2RU9.pdb,E35G,34,0.7071508606121617,0.6227081,-0.08444277841306502,0.08444277841306502
2RU9.pdb,E35M,34,0.7132059626730285,0.28431785,-0.42888811160643914,0.42888811160643914
2RU9.pdb,E35L,34,0.9635222784853964,0.4371341,-0.5263881913996725,0.5263881913996725
2RU9.pdb,E35V,34,1.1069064538342597,0.40889335,-0.6980131070477607,0.6980131070477607
2RU9.pdb,E35W,34,-0.4786006134507357,0.1575794,0.6361800205466448,0.6361800205466448
2RU9.pdb,E35Y,34,0.0731714798425535,0.14412898,0.07095749840985739,0.07095749840985739
2RU9.pdb,E35F,34,0.1254154137565439,0.22570588,0.1002904631899054,0.1002904631899054
2RU9.pdb,E35C,34,0.1503024677512889,0.012437969,-0.13786449830510664,0.13786449830510664
2RU9.pdb,V36D,35,2.787200360432549,2.0195262,-0.7676741172227102,0.7676741172227102
2RU9.pdb,V36A,35,1.3244894429445575,1.0277786,-0.29671081745627625,0.29671081745627625
2RU9.pdb,V36M,35,2.0752696800815875,1.2845035,-0.7907662201511676,0.7907662201511676
2RU9.pdb,V36L,35,1.7562145463025944,0.8516437,-0.9045708647764104,0.9045708647764104
2RU9.pdb,V36I,35,0.9503769498571756,0.40228498,-0.5480919700369241,0.5480919700369241
2RU9.pdb,V36W,35,1.784529955732158,1.2957886,-0.48874130998783416,0.48874130998783416
2RU9.pdb,V36Y,35,2.278463952262178,1.3307868,-0.9476771280357985,0.9476771280357985
2RU9.pdb,V36F,35,1.285080649667733,1.0492017,-0.2358789227542808,0.2358789227542808
2RU9.pdb,V36C,35,1.187332559033179,0.6739286,-0.5134039406020876,0.5134039406020876
2RU9.pdb,L37Q,36,0.2714418198720909,0.18449613,-0.08694568535251385,0.08694568535251385
2RU9.pdb,L37E,36,0.0269346034054351,0.29811618,0.27118157391504527,0.27118157391504527
2RU9.pdb,L37N,36,0.6339074004227301,0.33448288,-0.2994245219761511,0.2994245219761511
2RU9.pdb,L37H,36,-0.1931627135673626,0.117930554,0.3110932674208744,0.3110932674208744
2RU9.pdb,L37D,36,0.5892626239998462,0.55588967,-0.03337295791937134,0.03337295791937134
2RU9.pdb,L37R,36,-0.3053915188988858,0.27944845,0.5848399685105496,0.5848399685105496
2RU9.pdb,L37K,36,0.2030931493991008,0.2826847,0.07959156420296523,0.07959156420296523
2RU9.pdb,L37S,36,0.3359119828465211,0.37530822,0.03939623277161247,0.03939623277161247
2RU9.pdb,L37G,36,1.5390409064358357,0.79464173,-0.74439917326628,0.74439917326628
2RU9.pdb,L37M,36,-0.0953015092018043,0.03524576,0.13054727047709574,0.13054727047709574
2RU9.pdb,L37V,36,-0.2857985018613229,-0.018896088,0.26690241385721064,0.26690241385721064
2RU9.pdb,L37I,36,-0.5728114847804666,-0.2094676,0.36334388002411133,0.36334388002411133
2RU9.pdb,L37W,36,-0.794527519551286,-0.08682571,0.7077018060360043,0.7077018060360043
2RU9.pdb,L37Y,36,-0.7800887230227862,-0.08263306,0.6974556598256503,0.6974556598256503
2RU9.pdb,L37F,36,-0.4124345154015869,-0.06504266,0.3473918557612747,0.3473918557612747
2RU9.pdb,L37C,36,-0.3378730209163487,-0.15918063,0.17869239464319348,0.17869239464319348
2RU9.pdb,I38Q,37,1.8869161162651424,3.004025,1.1171088661872501,1.1171088661872501
2RU9.pdb,I38E,37,2.698528485597385,3.1348753,0.4363468119490017,0.4363468119490017
2RU9.pdb,I38N,37,2.421128539871538,2.9029393,0.4818107797390576,0.4818107797390576
2RU9.pdb,I38H,37,2.6302354971298967,2.8400466,0.20981114708091875,0.20981114708091875
2RU9.pdb,I38D,37,2.35398620263854,2.9821632,0.6281769882031347,0.6281769882031347
2RU9.pdb,I38R,37,2.612663760596052,2.8833933,0.27072952706263953,0.27072952706263953
2RU9.pdb,I38K,37,2.6368445728979277,2.8981192,0.2612746382989717,0.2612746382989717
2RU9.pdb,I38T,37,1.8884472163527464,2.392605,0.5041578499466921,0.5041578499466921
2RU9.pdb,I38A,37,2.2117494426101665,2.1862352,-0.025514253172300272,0.025514253172300272
2RU9.pdb,I38G,37,2.562556192577807,2.8867137,0.324157550632032,0.324157550632032
2RU9.pdb,I38M,37,0.5699276354223854,1.5387552,0.9688275430291526,0.9688275430291526
2RU9.pdb,I38L,37,0.4040156922698656,1.02216,0.6181443609833082,0.6181443609833082
2RU9.pdb,I38V,37,1.0523108714064755,0.82105863,-0.23125224046317716,0.23125224046317716
2RU9.pdb,I38W,37,0.4608864217308874,2.091622,1.630735692450631,1.630735692450631
2RU9.pdb,I38Y,37,0.7412688563680108,2.2642756,1.5230066944742744,1.5230066944742744
2RU9.pdb,I38P,37,2.350339233140576,2.5366254,0.1862861521438477,0.1862861521438477
2RU9.pdb,I38C,37,0.8455289168401043,1.8804638,1.0349349217371662,1.0349349217371662
2RU9.pdb,A39Q,38,0.2848894402512876,0.062178627,-0.2227108135947553,0.2227108135947553
2RU9.pdb,A39E,38,0.0484123941756169,0.38977903,0.341366637101086,0.341366637101086
2RU9.pdb,A39N,38,-1.082989192170141,-0.20077133,0.8822178603830315,0.8822178603830315
2RU9.pdb,A39H,38,-0.150718460154394,-0.18427771,-0.03355925314440361,0.03355925314440361
2RU9.pdb,A39D,38,-0.5706575335908091,0.24537948,0.8160370113301432,0.8160370113301432
2RU9.pdb,A39R,38,-0.2130883712218461,0.021916278,0.23500464892846917,0.23500464892846917
2RU9.pdb,A39K,38,0.0891623858914458,-0.0014595911,-0.09062197698212497,0.09062197698212497
2RU9.pdb,A39T,38,0.9811331410885462,0.116195284,-0.8649378572583803,0.8649378572583803
2RU9.pdb,A39S,38,-0.566442482821532,0.18163344,0.7480759254618365,0.7480759254618365
2RU9.pdb,A39G,38,0.9830634421402012,0.66271865,-0.3203447884613072,0.3203447884613072
2RU9.pdb,A39M,38,-0.4902556281285024,-0.24178669,0.2484689395622945,0.2484689395622945
2RU9.pdb,A39L,38,-0.1563459206462281,-0.40047702,-0.24413110128637383,0.24413110128637383
2RU9.pdb,A39V,38,-0.5579878756894443,-0.24704054,0.3109473357095096,0.3109473357095096
2RU9.pdb,A39I,38,-0.503359918545109,-0.5578339,-0.054473991443294345,0.054473991443294345
2RU9.pdb,A39Y,38,0.0880872967339345,-0.16652367,-0.25461096192367755,0.25461096192367755
2RU9.pdb,A39F,38,-0.1144760635822335,-0.27461028,-0.16013421740836709,0.16013421740836709
2RU9.pdb,A39P,38,1.2658155546084782,1.0510609,-0.21475463961519203,0.21475463961519203
2RU9.pdb,A39C,38,-0.9306444391455352,-0.49917424,0.43147020189425345,0.43147020189425345
2RU9.pdb,E40Q,39,0.1376307111156327,0.1269632,-0.010667512930665646,0.010667512930665646
2RU9.pdb,E40N,39,0.3922871849194815,0.41982847,0.02754128960215546,0.02754128960215546
2RU9.pdb,E40H,39,-0.3415203988701449,0.22694634,0.5684667378813373,0.5684667378813373
2RU9.pdb,E40D,39,0.3540074740228831,0.5728909,0.21888340370081077,0.21888340370081077
2RU9.pdb,E40R,39,0.174448115069268,0.22913668,0.05468856052696919,0.05468856052696919
2RU9.pdb,E40K,39,-0.0437447625787066,0.16537988,0.2091246444375323,0.2091246444375323
2RU9.pdb,E40T,39,0.06466073784045,0.3313951,0.26673435178586224,0.26673435178586224
2RU9.pdb,E40A,39,0.0751349688609375,0.10567263,0.030537658826516725,0.030537658826516725
2RU9.pdb,E40G,39,0.45112952550845,0.2687108,-0.18241873344378323,0.18241873344378323
2RU9.pdb,E40M,39,0.2870846178853583,0.31238315,0.025298527208559574,0.025298527208559574
2RU9.pdb,E40L,39,0.063430000865913,0.3060652,0.24263520089342538,0.24263520089342538
2RU9.pdb,E40V,39,-0.222355624736839,0.09668365,0.31903927594571657,0.31903927594571657
2RU9.pdb,E40I,39,-0.3172815294052169,0.3532804,0.6705619246746108,0.6705619246746108
2RU9.pdb,E40W,39,-0.5005461758083127,0.31570435,0.8162505215114377,0.8162505215114377
2RU9.pdb,E40Y,39,0.026384831691153,0.3268525,0.30046766874753716,0.30046766874753716
2RU9.pdb,E40F,39,-0.1008398496699261,0.41604635,0.5168862008643078,0.5168862008643078
2RU9.pdb,E40P,39,-0.1638427429332334,-0.334098,-0.1702552683220309,0.1702552683220309
2RU9.pdb,E40C,39,0.0048483562176642,0.03506857,0.0302202153498712,0.0302202153498712
2RU9.pdb,E41Q,40,0.2669990852259496,-0.028699473,-0.29569855777252707,0.29569855777252707
2RU9.pdb,E41N,40,-0.0136729929309025,0.06984663,0.08351962302733805,0.08351962302733805
2RU9.pdb,E41H,40,-0.0644258466090761,0.044186823,0.10861266967912539,0.10861266967912539
2RU9.pdb,E41D,40,-0.1550905592288498,0.111117326,0.266207884952021,0.266207884952021
2RU9.pdb,E41R,40,0.1588669276210299,0.0793086,-0.0795583283874026,0.0795583283874026
2RU9.pdb,E41K,40,0.0741589434725789,-0.063877806,-0.13803674954004563,0.13803674954004563
2RU9.pdb,E41T,40,0.4033579050288669,0.19748554,-0.20587236869196812,0.20587236869196812
2RU9.pdb,E41S,40,0.0400411752311651,0.051020734,0.010979558780961823,0.010979558780961823
2RU9.pdb,E41A,40,-0.0983136385636358,-0.10079385,-0.002480214838501957,0.002480214838501957
2RU9.pdb,E41G,40,-0.0042017691046911,-0.011017188,-0.006815419325141359,0.006815419325141359
2RU9.pdb,E41M,40,0.4432664831373678,0.1369692,-0.3062972893211828,0.3062972893211828
2RU9.pdb,E41L,40,0.2371698686666217,0.09042118,-0.14674869121977951,0.14674869121977951
2RU9.pdb,E41V,40,0.5889461230477084,0.23078838,-0.3581577431401004,0.3581577431401004
2RU9.pdb,E41I,40,0.5794283910716931,0.26800382,-0.31142456969870724,0.31142456969870724
2RU9.pdb,E41W,40,-0.3774547532985224,0.16196953,0.5394242809007181,0.5394242809007181
2RU9.pdb,E41Y,40,0.2108350471920539,0.2026678,-0.008167244619803532,0.008167244619803532
2RU9.pdb,E41F,40,0.2164287136668623,0.27936947,0.06294075979047412,0.06294075979047412
2RU9.pdb,E41P,40,0.7514597612924041,0.28946194,-0.4619978207654418,0.4619978207654418
2RU9.pdb,E42Q,41,0.7504384246548792,0.010885492,-0.739552932687678,0.739552932687678
2RU9.pdb,E42N,41,1.0837565352502518,0.21651013,-0.867246403295105,0.867246403295105
2RU9.pdb,E42H,41,1.1248210313167908,0.08306848,-1.04175254873899,1.04175254873899
2RU9.pdb,E42D,41,0.6228865598221138,0.225948,-0.3969385539074257,0.3969385539074257
2RU9.pdb,E42R,41,1.3163645758013736,0.2744317,-1.04193287032652,1.04193287032652
2RU9.pdb,E42K,41,1.464760215693104,0.14036426,-1.324395956211674,1.324395956211674
2RU9.pdb,E42T,41,0.365654492364273,0.08022674,-0.28542775063310616,0.28542775063310616
2RU9.pdb,E42S,41,0.5751541627120698,0.13080508,-0.44434908754346014,0.44434908754346014
2RU9.pdb,E42A,41,1.0832989196066198,0.16794601,-0.9153529087786016,0.9153529087786016
2RU9.pdb,E42G,41,0.6138827519853858,0.38850963,-0.2253731208284644,0.2253731208284644
2RU9.pdb,E42M,41,1.071878577358928,0.05309789,-1.0187806885316042,1.0187806885316042
2RU9.pdb,E42L,41,0.9235212973708848,0.1268519,-0.7966693959588746,0.7966693959588746
2RU9.pdb,E42V,41,1.401889646497334,0.2637565,-1.138133132901753,1.138133132901753
2RU9.pdb,E42I,41,1.1097714924872062,0.25731725,-0.8524542474806449,0.8524542474806449
2RU9.pdb,E42W,41,1.0633028406995852,0.20602214,-0.8572806973356326,0.8572806973356326
2RU9.pdb,E42Y,41,1.085577008901688,0.15426725,-0.9313097574101414,0.9313097574101414
2RU9.pdb,E42P,41,1.726996557747234,1.3883407,-0.338655846153606,0.338655846153606
2RU9.pdb,E42C,41,0.40659869154662,-0.19234185,-0.5989405407544981,0.5989405407544981
2RU9.pdb,H43Q,42,1.200510093804126,0.28209594,-0.9184141548831513,0.9184141548831513
2RU9.pdb,H43E,42,1.6491500682233786,0.74350965,-0.9056404179929709,0.9056404179929709
2RU9.pdb,H43N,42,0.7501687920727642,0.10228184,-0.6478869534172924,0.6478869534172924
2RU9.pdb,H43D,42,1.2849724508804024,0.86806273,-0.4169097162765205,0.4169097162765205
2RU9.pdb,H43R,42,0.4439436638381935,-0.10858399,-0.5525276505973793,0.5525276505973793
2RU9.pdb,H43K,42,0.7183172676838034,0.039871633,-0.6784456346309775,0.6784456346309775
2RU9.pdb,H43T,42,1.8256665758264872,0.8436049,-0.9820616535318705,0.9820616535318705
2RU9.pdb,H43S,42,1.3348735101075455,0.44543412,-0.8894393868298813,0.8894393868298813
2RU9.pdb,H43A,42,1.4344284892610304,0.42101187,-1.0134166241220228,1.0134166241220228
2RU9.pdb,H43G,42,0.3790846728115635,0.26650602,-0.11257865655713845,0.11257865655713845
2RU9.pdb,H43M,42,1.0696035340604526,0.7186633,-0.3509402588186008,0.3509402588186008
2RU9.pdb,H43L,42,1.2603799363520705,0.5755031,-0.6848768254664503,0.6848768254664503
2RU9.pdb,H43V,42,1.8979035095180383,0.81376106,-1.0841424540485254,1.0841424540485254
2RU9.pdb,H43W,42,1.0126573358176554,0.4117515,-0.6009058271048868,0.6009058271048868
2RU9.pdb,H43Y,42,1.3345593196988454,0.30096883,-1.0335904938817373,1.0335904938817373
2RU9.pdb,H43F,42,1.21275738967268,0.566061,-0.646696369775219,0.646696369775219
2RU9.pdb,H43P,42,1.6946583280593033,1.1528816,-0.5417767057448502,0.5417767057448502
2RU9.pdb,S44Q,43,0.4657177700664991,0.09409416,-0.371623612847566,0.371623612847566
2RU9.pdb,S44E,43,0.6674436179561842,0.39762115,-0.269822463171028,0.269822463171028
2RU9.pdb,S44N,43,0.6950915891178016,1.0541847,0.35909308609887325,0.35909308609887325
2RU9.pdb,S44H,43,0.2182272844858543,0.62132406,0.40309677786155784,0.40309677786155784
2RU9.pdb,S44R,43,0.194553695516555,0.46770024,0.27314654747966083,0.27314654747966083
2RU9.pdb,S44K,43,0.5344414016995853,0.49263877,-0.041802634933990834,0.041802634933990834
2RU9.pdb,S44A,43,-0.9077449546088804,-0.08101365,0.8267313049068082,0.8267313049068082
2RU9.pdb,S44G,43,1.077495195743659,1.0580125,-0.01948271023950854,0.01948271023950854
2RU9.pdb,S44M,43,-0.5463956848781848,-0.29482564,0.25157004157717466,0.25157004157717466
2RU9.pdb,S44L,43,-0.3203335805698257,0.12745278,0.4477863564058166,0.4477863564058166
2RU9.pdb,S44V,43,-1.147841928838583,-0.18861187,0.9592300637949429,0.9592300637949429
2RU9.pdb,S44I,43,-0.934754749177642,-0.21311846,0.7216362854229881,0.7216362854229881
2RU9.pdb,S44W,43,-0.6668415021069594,0.30236655,0.9692080568440504,0.9692080568440504
2RU9.pdb,S44F,43,-0.6451584680188311,0.19371587,0.8388743383992328,0.8388743383992328
2RU9.pdb,S44P,43,2.121898554900828,2.6930015,0.5711029538119408,0.5711029538119408
2RU9.pdb,A45Q,44,3.137930726635106,2.0323315,-1.1055992599603015,1.1055992599603015
2RU9.pdb,A45E,44,2.963827366058508,2.1492362,-0.8145911638185179,0.8145911638185179
2RU9.pdb,A45N,44,2.591785827258566,1.9873581,-0.6044277339968471,0.6044277339968471
2RU9.pdb,A45H,44,2.2930360821539666,1.8147724,-0.4782637146765496,0.4782637146765496
2RU9.pdb,A45D,44,2.092027259081509,2.1482315,0.056204247266147256,0.056204247266147256
2RU9.pdb,A45K,44,2.9148360667272666,2.357296,-0.5575400767370322,0.5575400767370322
2RU9.pdb,A45S,44,2.0439052747178064,1.464469,-0.579436318724154,0.579436318724154
2RU9.pdb,A45G,44,2.213024371277964,1.4143302,-0.7986941272136328,0.7986941272136328
2RU9.pdb,A45M,44,-0.3281158905336045,1.1256024,1.4537182550737047,1.4537182550737047
2RU9.pdb,A45L,44,-0.499243966920686,0.72174835,1.2209923189714673,1.2209923189714673
2RU9.pdb,A45V,44,-0.9108263757573384,0.04909849,0.9599248674260396,0.9599248674260396
2RU9.pdb,A45I,44,-0.9665130161539386,0.25816727,1.2246802829996417,1.2246802829996417
2RU9.pdb,A45W,44,-0.0835750696400823,1.4389076,1.522482692931098,1.522482692931098
2RU9.pdb,A45Y,44,0.4071989045260309,1.3493172,0.9421182885052801,0.9421182885052801
2RU9.pdb,A45F,44,-0.3947261946848694,1.1367522,1.5314784424952332,1.5314784424952332
2RU9.pdb,A45P,44,2.4459046658703105,2.0553548,-0.39054983226740525,0.39054983226740525
2RU9.pdb,Y46E,45,1.5056368667529594,1.1255162,-0.3801206905292045,0.3801206905292045
2RU9.pdb,Y46N,45,1.954830181521459,1.2874289,-0.667401325625463,0.667401325625463
2RU9.pdb,Y46D,45,1.7935635628432882,1.3686128,-0.4249507965774191,0.4249507965774191
2RU9.pdb,Y46R,45,1.9006928791345816,1.1687585,-0.7319343675913077,0.7319343675913077
2RU9.pdb,Y46K,45,1.587996906480514,1.1876668,-0.4003301326844324,0.4003301326844324
2RU9.pdb,Y46T,45,0.9348521361290336,0.92094946,-0.013902677053105883,0.013902677053105883
2RU9.pdb,Y46A,45,2.0868265955104794,0.99589264,-1.0909339515819516,1.0909339515819516
2RU9.pdb,Y46G,45,2.787653977466367,1.8571851,-0.930468852115415,0.930468852115415
2RU9.pdb,Y46M,45,0.8749395500431607,0.43892422,-0.43601532685857514,0.43601532685857514
2RU9.pdb,Y46L,45,0.7921386689857268,0.29439908,-0.4977395863250518,0.4977395863250518
2RU9.pdb,Y46V,45,0.6372833523968362,0.47033232,-0.1669510278919839,0.1669510278919839
2RU9.pdb,V47D,46,2.610027017218016,2.441312,-0.16871494255676112,0.16871494255676112
2RU9.pdb,V47A,46,2.109910644028675,1.5224669,-0.5874437460641975,0.5874437460641975
2RU9.pdb,V47M,46,1.436341392130409,1.4330357,-0.0033056608147961075,0.0033056608147961075
2RU9.pdb,V47L,46,0.3408053901638599,1.06986,0.7290545913730053,0.7290545913730053
2RU9.pdb,V47I,46,-0.2480848699706808,0.27589703,0.5239818960326925,0.5239818960326925
2RU9.pdb,V47W,46,2.6367592828242428,1.9322522,-0.7045071141688473,0.7045071141688473
2RU9.pdb,V47F,46,1.027345456141974,1.5792767,0.5519312248043762,0.5519312248043762
2RU9.pdb,V47P,46,2.671960239953012,2.4183102,-0.2536500745477386,0.2536500745477386
2RU9.pdb,K48Q,47,0.2260596377150661,-0.058317736,-0.28437737350627246,0.28437737350627246
2RU9.pdb,K48E,47,0.1477174040467059,0.23118153,0.0834641280978406,0.0834641280978406
2RU9.pdb,K48N,47,0.882104447691245,0.55805504,-0.32404940447072494,0.32404940447072494
2RU9.pdb,K48H,47,0.3651991334863731,0.29356784,-0.07163129720173567,0.07163129720173567
2RU9.pdb,K48D,47,0.8149678219923575,0.5390997,-0.27586812869401767,0.27586812869401767
2RU9.pdb,K48R,47,0.3836611310157525,0.24736008,-0.13630105053517694,0.13630105053517694
2RU9.pdb,K48T,47,-0.4359800802577918,0.14435828,0.5803383575786536,0.5803383575786536
2RU9.pdb,K48S,47,0.4053021578469638,0.4283231,0.02302093222948276,0.02302093222948276
2RU9.pdb,K48A,47,0.9448661606745736,0.11144404,-0.8334221195416467,0.8334221195416467
2RU9.pdb,K48G,47,1.1480052615657406,1.2553209,0.10731564507335856,0.10731564507335856
2RU9.pdb,K48M,47,-0.1929143589235789,-0.28717756,-0.09426320379004416,0.09426320379004416
2RU9.pdb,K48L,47,-0.3848485106025165,-0.4245975,-0.03974899115224423,0.03974899115224423
2RU9.pdb,K48V,47,-0.6574652622499864,-0.0306461,0.6268191616096894,0.6268191616096894
2RU9.pdb,K48I,47,-0.6121132896333279,-0.22733672,0.38477657000117915,0.38477657000117915
2RU9.pdb,K48W,47,-1.051489351555086,-0.06874545,0.9827439023697147,0.9827439023697147
2RU9.pdb,K48Y,47,-0.677452823332616,0.057279915,0.7347327379501545,0.7347327379501545
2RU9.pdb,K48F,47,-0.6840103470171579,0.032428235,0.7164385818327554,0.7164385818327554
2RU9.pdb,K48P,47,2.7157543650240554,2.5197287,-0.19602570444055933,0.19602570444055933
2RU9.pdb,K48C,47,-0.1322798032626329,-0.21069355,-0.07841374982746263,0.07841374982746263
2RU9.pdb,I49Q,48,2.9526264569005964,2.709765,-0.24286149947261793,0.24286149947261793
2RU9.pdb,I49E,48,2.609636248704885,2.9082613,0.2986250504284156,0.2986250504284156
2RU9.pdb,I49H,48,1.8492870373732744,2.6570003,0.8077132658951582,0.8077132658951582
2RU9.pdb,I49D,48,2.3683164621341404,3.20742,0.8391036485683743,0.8391036485683743
2RU9.pdb,I49T,48,1.8467234741289644,2.4996116,0.6528881420056791,0.6528881420056791
2RU9.pdb,I49A,48,2.5373824486774468,1.7949681,-0.7424143204731011,0.7424143204731011
2RU9.pdb,I49G,48,2.7581262022723765,2.7052193,-0.052906933473548357,0.052906933473548357
2RU9.pdb,I49M,48,1.0599402417785626,1.1418614,0.0819211969726581,0.0819211969726581
2RU9.pdb,I49L,48,0.3636814388023457,0.8348644,0.47118293917311815,0.47118293917311815
2RU9.pdb,I49V,48,0.9104198094756106,0.6550865,-0.25533329214162626,0.25533329214162626
2RU9.pdb,I49W,48,-0.9641597041956472,2.0717304,3.035890079485564,3.035890079485564
2RU9.pdb,I49Y,48,-0.9829832867290338,1.6417809,2.624764140000518,2.624764140000518
2RU9.pdb,I49F,48,-1.2331755012010772,1.2522697,2.485445246074124,2.485445246074124
2RU9.pdb,I49P,48,2.8700449190092323,3.5879936,0.7179487028169396,0.7179487028169396
2RU9.pdb,I49C,48,1.3826358100866312,1.5977552,0.21511938362369598,0.21511938362369598
2RU9.pdb,D50Q,49,1.3930433425158115,1.9984763,0.6054329243451504,0.6054329243451504
2RU9.pdb,D50E,49,0.8745713107707729,1.3435332,0.46896184753153425,0.46896184753153425
2RU9.pdb,D50N,49,0.7444383292433088,0.6577401,-0.086698213123924,0.086698213123924
2RU9.pdb,D50H,49,0.7716986572354425,1.5804237,0.8087250554949652,0.8087250554949652
2RU9.pdb,D50R,49,1.8945794276546732,2.1780019,0.2834224529910787,0.2834224529910787
2RU9.pdb,D50K,49,1.5568884199336144,2.3808255,0.8239370996281532,0.8239370996281532
2RU9.pdb,D50T,49,1.3481418014909334,1.8807433,0.5326014636610441,0.5326014636610441
2RU9.pdb,D50S,49,0.8632604343634216,1.635369,0.7721085088509949,0.7721085088509949
2RU9.pdb,D50A,49,1.2702833140042509,1.6092229,0.33893957494228233,0.33893957494228233
2RU9.pdb,D50G,49,1.761536784949041,1.7818997,0.020362905679010668,0.020362905679010668
2RU9.pdb,D50M,49,1.0509777445903907,2.0255194,0.9745416264423241,0.9745416264423241
2RU9.pdb,D50L,49,0.8277428901272841,1.7665873,0.9388443672579698,0.9388443672579698
2RU9.pdb,D50V,49,1.0208902920430616,1.957107,0.9362166558558032,0.9362166558558032
2RU9.pdb,D50I,49,1.0274413039744497,1.9548542,0.927412945979774,0.927412945979774
2RU9.pdb,D50W,49,0.6611395330550986,1.3118355,0.6506959943649453,0.6506959943649453
2RU9.pdb,D50Y,49,0.6326427184243195,1.4613212,0.8286785162787444,0.8286785162787444
2RU9.pdb,D50F,49,0.5461546350540147,1.3529172,0.8067625593124403,0.8067625593124403
2RU9.pdb,D50P,49,1.921915107309088,2.7727103,0.8507952160246521,0.8507952160246521
2RU9.pdb,D50C,49,0.4902280303175312,1.2324941,0.7422660855119365,0.7422660855119365
2RU9.pdb,S51Q,50,0.1917062835574541,0.3714981,0.17979182435270216,0.17979182435270216
2RU9.pdb,S51E,50,-0.2836385250513755,0.42885166,0.7124901891176902,0.7124901891176902
2RU9.pdb,S51N,50,0.2258461893863139,0.24009772,0.014251527064377323,0.014251527064377323
2RU9.pdb,S51H,50,0.1065895522707824,0.22107083,0.11448127378283698,0.11448127378283698
2RU9.pdb,S51D,50,-0.1070090145718962,0.4407589,0.547767928327313,0.547767928327313
2RU9.pdb,S51R,50,0.4641841691256141,0.5910903,0.1269061524152184,0.1269061524152184
2RU9.pdb,S51K,50,0.6631484305452755,0.56073135,-0.10241707916969567,0.10241707916969567
2RU9.pdb,S51T,50,-0.3230226695542302,0.3745485,0.6975711643700566,0.6975711643700566
2RU9.pdb,S51A,50,0.0221526535715961,0.17799276,0.15584010756350522,0.15584010756350522
2RU9.pdb,S51G,50,0.282472627971974,0.31446138,0.031988752271327414,0.031988752271327414
2RU9.pdb,S51M,50,-0.1590689901704971,0.36320648,0.5222754661436264,0.5222754661436264
2RU9.pdb,S51L,50,-0.427932459090155,0.52094615,0.9488786041478332,0.9488786041478332
2RU9.pdb,S51V,50,-0.0573754569283799,0.68820816,0.7455836197129563,0.7455836197129563
2RU9.pdb,S51I,50,-0.1744335531519825,0.727677,0.9021105407999928,0.9021105407999928
2RU9.pdb,S51W,50,-0.2959470946515861,0.30606386,0.602010955306417,0.602010955306417
2RU9.pdb,S51Y,50,-0.1215052372970499,0.285848,0.40735322900199067,0.40735322900199067
2RU9.pdb,S51F,50,-0.1892275496290247,0.39295307,0.5821806176469843,0.5821806176469843
2RU9.pdb,S51P,50,-0.409359095029282,1.4529681,1.8623272156042332,1.8623272156042332
2RU9.pdb,S51C,50,-0.3644097445983942,-0.13537839,0.2290313540477808,0.2290313540477808
2RU9.pdb,K52Q,51,-0.2145663477713615,0.35933134,0.5738976873690635,0.5738976873690635
2RU9.pdb,K52E,51,0.1261002302473142,0.85584474,0.729744505851929,0.729744505851929
2RU9.pdb,K52N,51,-0.4624369848209051,0.48487625,0.9473132300811438,0.9473132300811438
2RU9.pdb,K52H,51,0.0424605213889193,0.5535405,0.5110800064316678,0.5110800064316678
2RU9.pdb,K52D,51,0.0620862868174993,1.1286435,1.0665572259083307,1.0665572259083307
2RU9.pdb,K52R,51,-0.9460804740316426,-0.039756417,0.9063240567571675,0.9063240567571675
2RU9.pdb,K52S,51,-0.4804948587608604,0.5380737,1.0185685773086814,1.0185685773086814
2RU9.pdb,K52A,51,-0.195354543714846,0.68869734,0.8840518818190941,0.8840518818190941
2RU9.pdb,K52G,51,-0.0855530045296921,0.92005646,1.005609466817595,1.005609466817595
2RU9.pdb,K52M,51,-0.259048868925082,0.38783398,0.646882851631152,0.646882851631152
2RU9.pdb,K52L,51,-0.2024210019224659,0.3716523,0.5740733070486561,0.5740733070486561
2RU9.pdb,K52V,51,0.274409675913206,0.6182792,0.3438695427605001,0.3438695427605001
2RU9.pdb,K52I,51,0.3541892124309154,0.55303943,0.19885021914104506,0.19885021914104506
2RU9.pdb,K52W,51,-0.3386002335664337,0.83108175,1.1696819815751618,1.1696819815751618
2RU9.pdb,K52Y,51,-0.1288837116854106,0.75809294,0.8869766515390788,0.8869766515390788
2RU9.pdb,K52F,51,-0.152087094063622,0.79220784,0.9442949311684193,0.9442949311684193
2RU9.pdb,K52P,51,1.3624547682569563,1.7729875,0.4105327166749895,0.4105327166749895
2RU9.pdb,K52C,51,-0.0597404154626937,0.34611583,0.4058562430231185,0.4058562430231185
2RU9.pdb,V53Q,52,0.5571043463838192,0.5285944,-0.02850997172714198,0.02850997172714198
2RU9.pdb,V53E,52,0.7574244415387676,0.95562315,0.19819870833305853,0.19819870833305853
2RU9.pdb,V53N,52,0.5486134457636482,0.9470692,0.39845578193181685,0.39845578193181685
2RU9.pdb,V53H,52,0.6193283639476728,0.7162816,0.09695322889824398,0.09695322889824398
2RU9.pdb,V53D,52,0.909364837519133,1.3856722,0.4763073741279007,0.4763073741279007
2RU9.pdb,V53R,52,0.4897648695220971,0.43830287,-0.05146199495697257,0.05146199495697257
2RU9.pdb,V53K,52,0.3940706751071348,0.41766554,0.023594866064892805,0.023594866064892805
2RU9.pdb,V53T,52,0.6000164055821997,0.47488457,-0.12513183593727173,0.12513183593727173
2RU9.pdb,V53S,52,0.5724981437486001,0.8757144,0.30321627752367775,0.30321627752367775
2RU9.pdb,V53A,52,0.5357704726409371,0.7932912,0.25752073848729773,0.25752073848729773
2RU9.pdb,V53G,52,0.9924584358913,1.3082118,0.3157533675449793,0.3157533675449793
2RU9.pdb,V53M,52,0.2881351382863675,0.36318165,0.07504651235221282,0.07504651235221282
2RU9.pdb,V53L,52,-0.120540806389517,0.18264434,0.3031851438052122,0.3031851438052122
2RU9.pdb,V53I,52,-0.0744182627412168,-0.1446104,-0.07019214222704492,0.07019214222704492
2RU9.pdb,V53W,52,0.5592392724291111,0.5901648,0.030925508187649164,0.030925508187649164
2RU9.pdb,V53Y,52,0.22706528359834,0.5419744,0.31490914171751694,0.31490914171751694
2RU9.pdb,V53F,52,0.3574206790551715,0.54711396,0.18969327596573304,0.18969327596573304
2RU9.pdb,V53P,52,1.851763558799504,1.434534,-0.41722960513281704,0.41722960513281704
2RU9.pdb,V53C,52,0.5413008878794123,0.26840475,-0.2728961358633448,0.2728961358633448
2RU9.pdb,T54Q,53,0.6639712714302233,1.4273391,0.7633678055656263,0.7633678055656263
2RU9.pdb,T54E,53,0.8783563772383778,1.697787,0.8194306691941173,0.8194306691941173
2RU9.pdb,T54N,53,0.6737653045300722,1.165938,0.4921727152224302,0.4921727152224302
2RU9.pdb,T54H,53,0.4926631747942929,1.4761677,0.9835045040387149,0.9835045040387149
2RU9.pdb,T54D,53,1.2036371439588294,1.7093296,0.5056924611437097,0.5056924611437097
2RU9.pdb,T54R,53,0.3925213907784792,1.4011405,1.0086190606527952,1.0086190606527952
2RU9.pdb,T54K,53,0.3245576712744011,1.5393782,1.2148204949243293,1.2148204949243293
2RU9.pdb,T54S,53,0.3735223640893705,0.5193958,0.1458734641576998,0.1458734641576998
2RU9.pdb,T54A,53,0.2811923380691257,0.7441815,0.4629891757171902,0.4629891757171902
2RU9.pdb,T54G,53,0.7800361681212249,1.3217846,0.5417484473954377,0.5417484473954377
2RU9.pdb,T54M,53,0.3410934977637581,1.0437675,0.7026739544762322,0.7026739544762322
2RU9.pdb,T54L,53,0.2499536505953916,1.1396701,0.8897164829953066,0.8897164829953066
2RU9.pdb,T54V,53,0.281835046167314,0.48508573,0.20325067961698778,0.20325067961698778
2RU9.pdb,T54I,53,0.1990072033129792,0.75915533,0.5601481297291656,0.5601481297291656
2RU9.pdb,T54W,53,0.211902500997791,1.5043242,1.292421696771374,1.292421696771374
2RU9.pdb,T54Y,53,0.2395046929166648,1.3274592,1.087954523201194,1.087954523201194
2RU9.pdb,T54F,53,0.1086916251179967,1.2831297,1.17443806695964,1.17443806695964
2RU9.pdb,T54P,53,0.8725757362684039,1.9072292,1.0346534488359662,1.0346534488359662
2RU9.pdb,N55Q,54,0.8814951888568228,0.82601035,-0.05548484244416407,0.05548484244416407
2RU9.pdb,N55E,54,1.1929626427261464,0.8828019,-0.3101607523529164,0.3101607523529164
2RU9.pdb,N55H,54,1.069692797342039,0.61345804,-0.4562347599656351,0.4562347599656351
2RU9.pdb,N55D,54,0.3861920653476298,0.45254138,0.06634931577305198,0.06634931577305198
2RU9.pdb,N55R,54,1.0638023628801538,0.8930101,-0.17079228301946658,0.17079228301946658
2RU9.pdb,N55K,54,1.152443489371184,0.88876504,-0.26367845231139997,0.26367845231139997
2RU9.pdb,N55T,54,0.0734415853387302,0.7898891,0.7164475118750149,0.7164475118750149
2RU9.pdb,N55A,54,0.8911918069118945,0.9238925,0.03270069110446294,0.03270069110446294
2RU9.pdb,N55M,54,1.056335228980922,1.0032054,-0.05312981039419107,0.05312981039419107
2RU9.pdb,N55L,54,1.4216903237798586,1.1049882,-0.3167021064260378,0.3167021064260378
2RU9.pdb,N55I,54,1.3200667653987914,1.3729124,0.0528456415225953,0.0528456415225953
2RU9.pdb,N55Y,54,1.2841254778695113,0.9968273,-0.2872981735062605,0.2872981735062605
2RU9.pdb,N55F,54,1.285444001733108,0.8919351,-0.3935088916409448,0.3935088916409448
2RU9.pdb,N55P,54,1.421599983529771,1.5906606,0.16906058852223094,0.16906058852223094
2RU9.pdb,R56Q,55,0.427221195282375,0.6081208,0.18089960378226122,0.18089960378226122
2RU9.pdb,R56E,55,0.572684984522664,0.9833397,0.4106547424022322,0.4106547424022322
2RU9.pdb,R56N,55,0.9351884272257928,1.163904,0.2287155244191047,0.2287155244191047
2RU9.pdb,R56H,55,0.6418764260917675,0.85307026,0.21119383300247074,0.21119383300247074
2RU9.pdb,R56D,55,1.5034417329638028,1.6319528,0.12851102963995698,0.12851102963995698
2RU9.pdb,R56K,55,0.1612688203664383,0.20136786,0.04009903470558318,0.04009903470558318
2RU9.pdb,R56T,55,0.4383467952837718,0.83309865,0.3947518546948659,0.3947518546948659
2RU9.pdb,R56S,55,0.5456929352608799,0.78365564,0.23796270820225485,0.23796270820225485
2RU9.pdb,R56A,55,0.2484495484971671,0.37882745,0.13037790416243983,0.13037790416243983
2RU9.pdb,R56G,55,0.8094777514294151,1.121637,0.3121592353030678,0.3121592353030678
2RU9.pdb,R56M,55,0.0789093805756691,0.42448545,0.3455760644469139,0.3455760644469139
2RU9.pdb,R56L,55,-0.0318489581724037,0.3767822,0.40863116685351025,0.40863116685351025
2RU9.pdb,R56V,55,-0.1666454969284658,0.47664317,0.6432886718151694,0.6432886718151694
2RU9.pdb,R56I,55,-0.3511084828785074,0.24504203,0.5961505089214456,0.5961505089214456
2RU9.pdb,R56W,55,-0.2575172830733807,0.30490172,0.5624190021667035,0.5624190021667035
2RU9.pdb,R56Y,55,0.0798128367140247,0.36076063,0.2809477924630688,0.2809477924630688
2RU9.pdb,R56F,55,-0.0544685089838261,0.3687759,0.4232444131624455,0.4232444131624455
2RU9.pdb,R56P,55,0.0600032852661831,1.0626098,1.0026065064894931,1.0026065064894931
2RU9.pdb,R56C,55,0.5539498386448569,0.5181676,-0.035782223708028305,0.035782223708028305
2RU9.pdb,F57Q,56,0.1356249619092997,0.13917,0.003545044008249426,0.003545044008249426
2RU9.pdb,F57N,56,0.2136474536468704,0.39566988,0.18202242388227388,0.18202242388227388
2RU9.pdb,F57H,56,0.0907577017039802,0.2357186,0.14496089129738546,0.14496089129738546
2RU9.pdb,F57D,56,0.2271966763793207,0.42660755,0.19941087281120054,0.19941087281120054
2RU9.pdb,F57R,56,0.3583579142051023,0.20264967,-0.15570824634602487,0.15570824634602487
2RU9.pdb,F57K,56,0.0780055192106399,0.074612305,-0.0033932146423491932,0.0033932146423491932
2RU9.pdb,F57S,56,0.0427330124868641,0.31728077,0.2745477568612804,0.2745477568612804
2RU9.pdb,F57A,56,-0.1473019974491745,-0.03363225,0.11366974880911407,0.11366974880911407
2RU9.pdb,F57G,56,0.7335803589511318,0.37364873,-0.3599316260505123,0.3599316260505123
2RU9.pdb,F57M,56,0.1832435464989672,0.07306625,-0.11017729700918297,0.11017729700918297
2RU9.pdb,F57L,56,0.0800984198482397,0.051330492,-0.028767927947795674,0.028767927947795674
2RU9.pdb,F57V,56,0.4006568227208136,0.2613111,-0.1393457088864325,0.1393457088864325
2RU9.pdb,F57I,56,0.1107101419105798,0.141079,0.030368851767513153,0.030368851767513153
2RU9.pdb,F57W,56,-0.1557298111846101,-0.05217707,0.10355273961326,0.10355273961326
2RU9.pdb,F57Y,56,-0.1281230594655249,0.09823722,0.22636027593815064,0.22636027593815064
2RU9.pdb,F57P,56,1.008454003383681,0.86617863,-0.14227537160114934,0.14227537160114934
2RU9.pdb,F57C,56,0.192237902410159,-0.058472246,-0.2507101483417844,0.2507101483417844
2RU9.pdb,E58Q,57,-0.3143849162028602,-0.22759949,0.08678542949421914,0.08678542949421914
2RU9.pdb,E58N,57,-0.1961969938828818,0.51017684,0.7063738313271872,0.7063738313271872
2RU9.pdb,E58H,57,-0.2663401754475041,0.17957826,0.445918435034792,0.445918435034792
2RU9.pdb,E58D,57,0.2325871206232677,0.65242463,0.4198375128796925,0.4198375128796925
2RU9.pdb,E58R,57,-0.5967155649093678,-0.0134534985,0.5832620664266637,0.5832620664266637
2RU9.pdb,E58K,57,-0.639348718115635,-0.05440034,0.5849483783930016,0.5849483783930016
2RU9.pdb,E58T,57,-0.0746022835616857,0.07874326,0.15334554019019903,0.15334554019019903
2RU9.pdb,E58S,57,0.0178507460171912,0.2937704,0.2759196566527154,0.2759196566527154
2RU9.pdb,E58A,57,-0.4337908787349391,-0.04516612,0.38862475880181074,0.38862475880181074
2RU9.pdb,E58G,57,0.6354025503359351,0.66536015,0.02995760238546996,0.02995760238546996
2RU9.pdb,E58M,57,-0.4416774581087987,-0.19758435,0.2440931121720235,0.2440931121720235
2RU9.pdb,E58L,57,-0.7113805840978888,-0.10748203,0.6038985531101493,0.6038985531101493
2RU9.pdb,E58V,57,-0.1809064095217945,-0.1872315,-0.006325086454653572,0.006325086454653572
2RU9.pdb,E58I,57,-0.4618679851846403,-0.2833023,0.17856567805573403,0.17856567805573403
2RU9.pdb,E58Y,57,-0.0514149871799851,0.050777838,0.10219282481407171,0.10219282481407171
2RU9.pdb,E58F,57,-0.2235366922830159,0.093117945,0.31665463717923703,0.31665463717923703
2RU9.pdb,E58P,57,1.91717531733605,1.652233,-0.26494231276604263,0.26494231276604263
2RU9.pdb,E58C,57,-0.3813634868383793,-0.23077492,0.1505885626793293,0.1505885626793293
2RU9.pdb,V59Q,58,2.567648383272473,2.3592086,-0.2084397994406859,0.2084397994406859
2RU9.pdb,V59H,58,3.1301358836890545,2.2676198,-0.8625160354377117,0.8625160354377117
2RU9.pdb,V59R,58,2.4576891736510618,2.5173922,0.059702984857239016,0.059702984857239016
2RU9.pdb,V59K,58,2.4986600044266103,2.4987419,8.1860731470762e-05,8.1860731470762e-05
2RU9.pdb,V59T,58,1.4616915844277507,1.7961419,0.334450278441512,0.334450278441512
2RU9.pdb,V59S,58,1.925649118001984,2.255798,0.330148983423187,0.330148983423187
2RU9.pdb,V59A,58,0.9570770633917404,1.7532004,0.7961233484048295,0.7961233484048295
2RU9.pdb,V59L,58,0.1853675401322649,0.7146325,0.5292649710066512,0.5292649710066512
2RU9.pdb,V59I,58,-0.2686935969227351,-0.089363456,0.1793301411503352,0.1793301411503352
2RU9.pdb,V59W,58,1.7370333556038149,1.9846485,0.2476151105064146,0.2476151105064146
2RU9.pdb,V59Y,58,2.9746845691734967,1.8683977,-1.1062868564659771,1.1062868564659771
2RU9.pdb,V59F,58,1.2745657147317304,1.617506,0.3429403124899493,0.3429403124899493
2RU9.pdb,V59C,58,1.6614816025689292,1.1600251,-0.501456482787435,0.501456482787435
2RU9.pdb,E60Q,59,0.4926569289087932,0.33411437,-0.15854255617853807,0.15854255617853807
2RU9.pdb,E60N,59,1.6326651989519645,1.2172046,-0.4154606281817008,0.4154606281817008
2RU9.pdb,E60H,59,0.8694673949608198,0.85042775,-0.019039648188053704,0.019039648188053704
2RU9.pdb,E60D,59,1.1949588549466836,1.047579,-0.14737980488259672,0.14737980488259672
2RU9.pdb,E60R,59,0.891849572456028,0.83131796,-0.06053161124005513,0.06053161124005513
2RU9.pdb,E60K,59,1.1909865255089254,0.82954454,-0.36144198128895466,0.36144198128895466
2RU9.pdb,E60T,59,0.5270041090003574,0.7705684,0.24356426181873436,0.24356426181873436
2RU9.pdb,E60S,59,1.029259605496234,0.8645205,-0.16473911532670882,0.16473911532670882
2RU9.pdb,E60A,59,0.5681617126230099,0.57854486,0.010383142494788,0.010383142494788
2RU9.pdb,E60G,59,1.211846906644113,1.4103057,0.19845883180498358,0.19845883180498358
2RU9.pdb,E60M,59,-0.1701058483914943,0.31681034,0.4869161880807491,0.4869161880807491
2RU9.pdb,E60L,59,-0.4749725404429723,0.33429807,0.8092706146884252,0.8092706146884252
2RU9.pdb,E60V,59,0.1799826998672,0.38738126,0.20739855575947846,0.20739855575947846
2RU9.pdb,E60I,59,-0.2287449626769389,0.28327397,0.5120189277972544,0.5120189277972544
2RU9.pdb,E60W,59,0.076858524334427,0.5897059,0.5128473601222076,0.5128473601222076
2RU9.pdb,E60F,59,0.102491491632608,0.63411915,0.5316276613901582,0.5316276613901582
2RU9.pdb,E60P,59,2.625146281239979,2.542452,-0.08269418430089193,0.08269418430089193
2RU9.pdb,E60C,59,-0.0239124175571605,0.40958273,0.4334951516651317,0.4334951516651317
2RU9.pdb,Q61E,60,0.250958289424819,0.072681814,-0.17827647499267485,0.17827647499267485
2RU9.pdb,Q61N,60,0.0433591032536733,0.26065475,0.2172956442324412,0.2172956442324412
2RU9.pdb,Q61H,60,0.4725130751811215,0.21685594,-0.2556571319781491,0.2556571319781491
2RU9.pdb,Q61D,60,0.4155029061365609,0.3132061,-0.10229679971222921,0.10229679971222921
2RU9.pdb,Q61R,60,-0.3609825217669158,0.12152512,0.4825076454823165,0.4825076454823165
2RU9.pdb,Q61K,60,-0.435173383645822,0.15970851,0.5948818984554305,0.5948818984554305
2RU9.pdb,Q61T,60,0.2118576832079763,0.34410256,0.13224487826587014,0.13224487826587014
2RU9.pdb,Q61S,60,0.2503208342062784,0.3568534,0.10653256149417634,0.10653256149417634
2RU9.pdb,Q61A,60,0.0009560498713638,0.09397203,0.09301597743042453,0.09301597743042453
2RU9.pdb,Q61G,60,1.0254430726714987,0.73640925,-0.2890338257499594,0.2890338257499594
2RU9.pdb,Q61M,60,-0.0287882478877441,0.028562516,0.0573507638617889,0.0573507638617889
2RU9.pdb,Q61L,60,-0.009191079275554,0.023228735,0.032419814007228195,0.032419814007228195
2RU9.pdb,Q61V,60,0.2089611593633464,0.2924188,0.08345764838163347,0.08345764838163347
2RU9.pdb,Q61I,60,0.1031307779504917,0.08348152,-0.01964925753613929,0.01964925753613929
2RU9.pdb,Q61W,60,0.1002460228769059,0.15250221,0.05225618607122948,0.05225618607122948
2RU9.pdb,Q61Y,60,0.1015177782400726,0.20400287,0.10248509386934054,0.10248509386934054
2RU9.pdb,Q61F,60,0.0868119238648552,0.28306058,0.19624865662716445,0.19624865662716445
2RU9.pdb,Q61P,60,2.489087616517536,1.903172,-0.5859156003737374,0.5859156003737374
2RU9.pdb,Q61C,60,0.2132667010700091,-0.004684329,-0.21795103010290706,0.21795103010290706
2RU9.pdb,A62Q,61,0.644026661766864,0.807173,0.16314635192026983,0.16314635192026983
2RU9.pdb,A62N,61,0.568566249440295,1.2014079,0.6328416599530156,0.6328416599530156
2RU9.pdb,A62H,61,0.7042941120893682,1.0959214,0.3916272851197993,0.3916272851197993
2RU9.pdb,A62D,61,1.820514645940342,1.4565518,-0.3639628557029153,0.3639628557029153
2RU9.pdb,A62R,61,-0.211280388854107,0.7843236,0.9956039619665948,0.9956039619665948
2RU9.pdb,A62K,61,0.1838992591261701,0.8495016,0.665602350676076,0.665602350676076
2RU9.pdb,A62T,61,0.6144244125006693,0.70873505,0.09431063627023528,0.09431063627023528
2RU9.pdb,A62S,61,0.4261231982350115,0.5730161,0.14689290884735545,0.14689290884735545
2RU9.pdb,A62G,61,1.0537845223344875,1.277141,0.22335645266398663,0.22335645266398663
2RU9.pdb,A62M,61,0.265893253083475,0.43411937,0.16822612047647678,0.16822612047647678
2RU9.pdb,A62V,61,-0.0015965273656268,0.5071316,0.5087281039037127,0.5087281039037127
2RU9.pdb,A62I,61,-0.0364290749546665,0.32403052,0.36045959348646583,0.36045959348646583
2RU9.pdb,A62W,61,0.3952436585158621,0.69718975,0.30194608977133885,0.30194608977133885
2RU9.pdb,A62Y,61,0.6728424094903716,0.68932223,0.01647982370970169,0.01647982370970169
2RU9.pdb,A62F,61,0.5016333668447088,0.70666933,0.205035963752215,0.205035963752215
2RU9.pdb,A62C,61,0.7029360374980835,0.28154248,-0.4213935575061707,0.4213935575061707
2RU9.pdb,I63E,62,2.6725165629503187,2.7177956,0.04527904747753775,0.04527904747753775
2RU9.pdb,I63H,62,3.049018496268976,2.4779959,-0.5710226237714173,0.5710226237714173
2RU9.pdb,I63R,62,2.7513876303773825,2.5820765,-0.16931108084735325,0.16931108084735325
2RU9.pdb,I63T,62,2.2218639967219063,2.3818412,0.15997718598683397,0.15997718598683397
2RU9.pdb,I63S,62,2.737534799443908,2.6620667,-0.07546810136956728,0.07546810136956728
2RU9.pdb,I63A,62,1.6883007181402412,1.9976804,0.3093797075036797,0.3093797075036797
2RU9.pdb,I63G,62,2.3258654263088445,2.7226114,0.3967460009982844,0.3967460009982844
2RU9.pdb,I63M,62,0.6332066006267651,1.4094045,0.7761979155933276,0.7761979155933276
2RU9.pdb,I63L,62,0.0570596849090745,1.0069927,0.9499330128066847,0.9499330128066847
2RU9.pdb,I63V,62,0.7228350964971957,0.8323394,0.10950430951629309,0.10950430951629309
2RU9.pdb,I63W,62,1.2284974618439235,1.8809081,0.6524106697555028,0.6524106697555028
2RU9.pdb,I63Y,62,2.073947454508938,1.9418924,-0.13205506902614994,0.13205506902614994
2RU9.pdb,I63F,62,0.7356911565852529,1.3782357,0.642544541161024,0.642544541161024
2RU9.pdb,I63C,62,2.127882873900963,1.6532149,-0.4746679424129261,0.4746679424129261
2RU9.pdb,R64Q,63,0.425082317755004,0.39939925,-0.025683067009230676,0.025683067009230676
2RU9.pdb,R64E,63,1.1243553503833403,0.6556941,-0.46866122330051563,0.46866122330051563
2RU9.pdb,R64N,63,0.5310613666176383,0.52946234,-0.0015990291237417686,0.0015990291237417686
2RU9.pdb,R64H,63,0.3281966076006579,0.28376114,-0.04443546391627068,0.04443546391627068
2RU9.pdb,R64D,63,1.7275311035028076,0.98246026,-0.7450708431115722,0.7450708431115722
2RU9.pdb,R64K,63,-0.00783521898187,0.2608115,0.2686467266837438,0.2686467266837438
2RU9.pdb,R64T,63,0.8523700445708695,0.48783553,-0.3645345181044999,0.3645345181044999
2RU9.pdb,R64S,63,0.8599867143120092,0.5534035,-0.3065832175697607,0.3065832175697607
2RU9.pdb,R64A,63,0.3817651698548017,0.3006637,-0.08110146021429876,0.08110146021429876
2RU9.pdb,R64G,63,1.096259575360014,0.9238041,-0.17245547103185843,0.17245547103185843
2RU9.pdb,R64M,63,-0.0528110218491155,-0.03194493,0.02086609129567922,0.02086609129567922
2RU9.pdb,R64L,63,0.0920692686707256,-0.22319883,-0.315268099752116,0.315268099752116
2RU9.pdb,R64V,63,0.6746607172822381,0.2809294,-0.3937313306664849,0.3937313306664849
2RU9.pdb,R64I,63,0.5954023171573961,-0.015372902,-0.6107752193123186,0.6107752193123186
2RU9.pdb,R64W,63,0.1425842452813528,-0.0017271936,-0.14431143887533168,0.14431143887533168
2RU9.pdb,R64F,63,0.0338826285926581,0.14023297,0.10635033675749296,0.10635033675749296
2RU9.pdb,R64C,63,0.1819512654669832,-0.01613018,-0.19808144463377703,0.19808144463377703
2RU9.pdb,Q65E,64,0.2110955197759176,0.13798147,-0.07311404537635094,0.07311404537635094
2RU9.pdb,Q65N,64,0.0405189386120721,0.13387455,0.09335561184969701,0.09335561184969701
2RU9.pdb,Q65H,64,0.2714691630525541,0.23632401,-0.03514515077304359,0.03514515077304359
2RU9.pdb,Q65D,64,0.1615122498774568,0.14606507,-0.015447178652290477,0.015447178652290477
2RU9.pdb,Q65R,64,-0.388038619541093,0.077133074,0.4651716939439021,0.4651716939439021
2RU9.pdb,Q65K,64,-0.3604298582893186,0.06732057,0.4277504286390119,0.4277504286390119
2RU9.pdb,Q65T,64,0.0040002962845702,0.3772985,0.3732982078295808,0.3732982078295808
2RU9.pdb,Q65S,64,-0.0793230307303001,0.21545078,0.2947738093338539,0.2947738093338539
2RU9.pdb,Q65A,64,-0.180050772527414,0.05973828,0.23978905091639105,0.23978905091639105
2RU9.pdb,Q65G,64,0.2074168951350539,0.43278986,0.2253729670208604,0.2253729670208604
2RU9.pdb,Q65M,64,-0.068037126572491,0.124378875,0.19241600147044785,0.19241600147044785
2RU9.pdb,Q65L,64,-0.2654511968019371,0.15740454,0.4228557387712364,0.4228557387712364
2RU9.pdb,Q65V,64,0.1907362300951971,0.53732204,0.34658581427736146,0.34658581427736146
2RU9.pdb,Q65I,64,0.1289761287323001,0.34273028,0.2137541550048825,0.2137541550048825
2RU9.pdb,Q65W,64,0.0191205969408017,0.35131434,0.33219373912067596,0.33219373912067596
2RU9.pdb,Q65Y,64,-0.1699863967440356,0.38632405,0.556310444786333,0.556310444786333
2RU9.pdb,Q65F,64,0.0016948086125836,0.48210534,0.4804105359213367,0.4804105359213367
2RU9.pdb,Q65P,64,0.9322138986224408,1.3453822,0.41316831497008855,0.41316831497008855
2RU9.pdb,Q65C,64,0.1836253426213059,0.04859528,-0.13503006316612096,0.13503006316612096
2RU9.pdb,A66Q,65,0.2413558130982971,0.41621172,0.17485591118301394,0.17485591118301394
2RU9.pdb,A66E,65,0.6221565179597524,0.4964161,-0.12574042604080704,0.12574042604080704
2RU9.pdb,A66N,65,0.5598714498759858,0.59814703,0.03827558476909476,0.03827558476909476
2RU9.pdb,A66H,65,0.3381352546558185,0.25264344,-0.08549181846235232,0.08549181846235232
2RU9.pdb,A66D,65,0.7409256299551701,0.59468627,-0.14623936019503825,0.14623936019503825
2RU9.pdb,A66R,65,0.2747949059409851,0.7231649,0.4483700100975281,0.4483700100975281
2RU9.pdb,A66K,65,0.1645218856350703,0.5957151,0.43119321989852955,0.43119321989852955
2RU9.pdb,A66T,65,0.0485973740853689,0.45031694,0.4017195616922953,0.4017195616922953
2RU9.pdb,A66S,65,0.0741663475357095,0.29385427,0.2196879188693961,0.2196879188693961
2RU9.pdb,A66G,65,0.4012289153414516,0.56760323,0.16637431513492779,0.16637431513492779
2RU9.pdb,A66M,65,-0.6153848635273445,0.06575552,0.6811403798180091,0.6811403798180091
2RU9.pdb,A66L,65,-0.435784049153423,0.19089851,0.6266825569869039,0.6266825569869039
2RU9.pdb,A66V,65,-0.4246985890471739,0.37137252,0.7960711099707884,0.7960711099707884
2RU9.pdb,A66I,65,-0.779212176335287,0.24419263,1.0234048063878536,1.0234048063878536
2RU9.pdb,A66W,65,-0.724752193432586,0.03902346,0.7637756523902581,0.7637756523902581
2RU9.pdb,A66Y,65,-0.4575985812965961,0.03153494,0.48913352130094484,0.48913352130094484
2RU9.pdb,A66F,65,-0.6691419719706841,0.008950591,0.6780925630580255,0.6780925630580255
2RU9.pdb,A66P,65,0.2863839505078396,1.1021197,0.8157357337115207,0.8157357337115207
2RU9.pdb,A66C,65,0.4883502712931817,-0.15776068,-0.646110951015014,0.646110951015014
2RU9.pdb,L67Q,66,0.4198993451839881,0.15053976,-0.26935958936276005,0.26935958936276005
2RU9.pdb,L67E,66,0.8428004701811909,0.2927613,-0.5500391741473316,0.5500391741473316
2RU9.pdb,L67H,66,0.275171014528498,0.13275078,-0.14242023513816293,0.14242023513816293
2RU9.pdb,L67D,66,0.6825557371271951,0.33420053,-0.34835520588291713,0.34835520588291713
2RU9.pdb,L67R,66,0.1192802070020095,0.029863983,-0.08941622360929405,0.08941622360929405
2RU9.pdb,L67K,66,0.6759229312737738,0.034887657,-0.6410352747042929,0.6410352747042929
2RU9.pdb,L67T,66,0.2675140501156536,0.25650677,-0.011007279266425696,0.011007279266425696
2RU9.pdb,L67A,66,0.2868370933486379,0.08221327,-0.20462382566465503,0.20462382566465503
2RU9.pdb,L67G,66,0.0462511220191883,0.32965666,0.2834055385376049,0.2834055385376049
2RU9.pdb,L67M,66,-0.1701973568349415,0.114143945,0.28434130211167874,0.28434130211167874
2RU9.pdb,L67V,66,0.0758835325396609,0.16243336,0.08654982350701573,0.08654982350701573
2RU9.pdb,L67I,66,-0.0483483577362946,0.03837806,0.08672641760033879,0.08672641760033879
2RU9.pdb,L67W,66,-0.0390491410365596,0.19423044,0.23327957831530716,0.23327957831530716
2RU9.pdb,L67Y,66,0.1329735271812815,0.22107069,0.08809716476188714,0.08809716476188714
2RU9.pdb,L67F,66,-0.5289896598817379,0.30078176,0.8297714165212184,0.8297714165212184
2RU9.pdb,L67P,66,0.3904678016976226,0.58837855,0.19791074692450877,0.19791074692450877
2RU9.pdb,L67C,66,0.7597969300280325,-0.03882712,-0.7986240512858145,0.7986240512858145
2RU9.pdb,E68Q,67,-0.4329410829172722,0.116972364,0.549913447402536,0.549913447402536
2RU9.pdb,E68H,67,-0.2012749665733029,0.019412309,0.2206872755046536,0.2206872755046536
2RU9.pdb,E68D,67,-0.0444378695116287,0.067439005,0.1118768742904907,0.1118768742904907
2RU9.pdb,E68K,67,-0.3357495699638262,0.16109917,0.4968487356418505,0.4968487356418505
2RU9.pdb,E68T,67,-0.3366478593261277,0.1633921,0.5000399560840165,0.5000399560840165
2RU9.pdb,E68S,67,-0.095122291828571,0.13394998,0.22907227196830338,0.22907227196830338
2RU9.pdb,E68A,67,-0.1923352262734532,0.08386001,0.2761952361821294,0.2761952361821294
2RU9.pdb,E68G,67,-0.1391707540449971,0.23766664,0.3768373907503957,0.3768373907503957
2RU9.pdb,E68M,67,-0.1043512874774119,0.034641698,0.13899298548022715,0.13899298548022715
2RU9.pdb,E68L,67,-0.2146432785913137,-0.05429504,0.16034823792425668,0.16034823792425668
2RU9.pdb,E68V,67,-0.02894437995853,0.061468765,0.09041314509810977,0.09041314509810977
2RU9.pdb,E68I,67,-0.2542293898272278,0.027184919,0.2814143083500626,0.2814143083500626
2RU9.pdb,E68W,67,0.324851932432078,0.03498538,-0.28986655404748785,0.28986655404748785
2RU9.pdb,E68Y,67,-0.0883187252414385,0.026499756,0.11481848092199956,0.11481848092199956
2RU9.pdb,E68F,67,0.1433749261727719,0.12259217,-0.020782752656021558,0.020782752656021558
2RU9.pdb,E68P,67,0.1799988988896372,0.6308181,0.45081922969617827,0.45081922969617827
2WNM.pdb,S1Q,0,0.0330256202961947,0.10058521,0.0675595870469068,0.0675595870469068
2WNM.pdb,S1E,0,0.1976171879130874,0.09070915,-0.10690803807559351,0.10690803807559351
2WNM.pdb,S1N,0,0.0598089481518862,0.012839701,-0.04696924712520811,0.04696924712520811
2WNM.pdb,S1H,0,0.0167950405369436,0.029783852,0.012988811861451937,0.012988811861451937
2WNM.pdb,S1D,0,0.0151057939852918,0.11267704,0.09757124373062007,0.09757124373062007
2WNM.pdb,S1R,0,0.2530350567457584,0.13312122,-0.11991383448814424,0.11991383448814424
2WNM.pdb,S1K,0,0.1842776085990722,0.039146602,-0.14513100644529411,0.14513100644529411
2WNM.pdb,S1T,0,0.069716189241384,0.13053566,0.06081947293284086,0.06081947293284086
2WNM.pdb,S1A,0,0.0041714167703093,-0.02694901,-0.03112042755970368,0.03112042755970368
2WNM.pdb,S1G,0,0.1362846549670036,0.044299353,-0.09198530205290867,0.09198530205290867
2WNM.pdb,S1M,0,0.0991501874945584,0.07154813,-0.027602060856622757,0.027602060856622757
2WNM.pdb,S1L,0,0.162590529208809,0.050711147,-0.11187938172164547,0.11187938172164547
2WNM.pdb,S1V,0,0.1652826977814774,0.0609399,-0.10434279720440906,0.10434279720440906
2WNM.pdb,S1I,0,0.0878542248851719,0.09426434,0.006410118495756137,0.006410118495756137
2WNM.pdb,S1W,0,0.219137703127656,0.0038342997,-0.21530340338448048,0.21530340338448048
2WNM.pdb,S1Y,0,0.2896901957108913,0.07553979,-0.2141504056169925,0.2141504056169925
2WNM.pdb,S1F,0,0.1146970429227396,0.14428231,0.029585268278355975,0.029585268278355975
2WNM.pdb,S1P,0,0.0955403334478157,-0.026550986,-0.12209131932056122,0.12209131932056122
2WNM.pdb,L2Q,1,0.0543038227581091,0.16039243,0.10608861064681338,0.10608861064681338
2WNM.pdb,L2E,1,0.2241061953250747,0.12865941,-0.09544678306025078,0.09544678306025078
2WNM.pdb,L2N,1,0.0204438465627516,0.016667973,-0.00377587331260092,0.00377587331260092
2WNM.pdb,L2H,1,-0.022098724307721,0.056613773,0.07871249741524969,0.07871249741524969
2WNM.pdb,L2D,1,0.2957396608646325,0.11626384,-0.17947582424239433,0.17947582424239433
2WNM.pdb,L2T,1,0.0758486105776063,0.12653442,0.05068580669400777,0.05068580669400777
2WNM.pdb,L2S,1,0.1536661631194231,0.019579098,-0.13408706549082966,0.13408706549082966
2WNM.pdb,L2A,1,0.0614902152210956,-0.00581982,-0.06731003508870653,0.06731003508870653
2WNM.pdb,L2G,1,-0.0522503690450211,0.112872854,0.16512322292018133,0.16512322292018133
2WNM.pdb,L2M,1,0.0781308655048906,0.08402731,0.005896447191089477,0.005896447191089477
2WNM.pdb,L2V,1,-0.0404485103320984,0.0270169,0.06746541081189195,0.06746541081189195
2WNM.pdb,L2I,1,-0.0096658126354673,0.04337298,0.0530387938857534,0.0530387938857534
2WNM.pdb,L2P,1,0.0299192119812348,-0.15257347,-0.18249267828219914,0.18249267828219914
2WNM.pdb,S3Q,2,-0.0034590959367015,0.1534659,0.15692499278156538,0.15692499278156538
2WNM.pdb,S3E,2,0.4846814734159599,0.17235446,-0.31232701365338666,0.31232701365338666
2WNM.pdb,S3N,2,0.1189661720972909,0.001782909,-0.11718326306160823,0.11718326306160823
2WNM.pdb,S3H,2,-0.0590758856501922,0.076179646,0.1352555316057548,0.1352555316057548
2WNM.pdb,S3D,2,0.3174850971159517,0.17678146,-0.14070363647313705,0.14070363647313705
2WNM.pdb,S3R,2,-0.0098118233333241,0.101915695,0.11172751810652128,0.11172751810652128
2WNM.pdb,S3K,2,-0.1059922862272961,0.038863853,0.14485613884742093,0.14485613884742093
2WNM.pdb,S3T,2,0.135209317492075,0.1105321,-0.024677219973630926,0.024677219973630926
2WNM.pdb,S3A,2,0.0829150423248652,0.031668648,-0.05124639420112405,0.05124639420112405
2WNM.pdb,S3G,2,0.0839219114999316,0.13142504,0.04750312648014805,0.04750312648014805
2WNM.pdb,S3M,2,0.0209213393405067,0.14153898,0.12061763828247914,0.12061763828247914
2WNM.pdb,S3L,2,0.0741568100179597,0.09706913,0.022912319329841502,0.022912319329841502
2WNM.pdb,S3V,2,0.0442568629599176,0.07918011,0.03492324356073517,0.03492324356073517
2WNM.pdb,S3I,2,0.0308686965740547,0.09552578,0.06465708225599673,0.06465708225599673
2WNM.pdb,S3W,2,0.1357480663848762,0.10514104,-0.030607022721851285,0.030607022721851285
2WNM.pdb,S3Y,2,0.215070817835985,0.13744918,-0.07762164271658498,0.07762164271658498
2WNM.pdb,S3F,2,0.2437249065261517,0.21699113,-0.0267337799888287,0.0267337799888287
2WNM.pdb,S3P,2,0.1809549188133963,0.058059976,-0.1228949433085211,0.1228949433085211
2WNM.pdb,V4Q,3,0.1596434297525264,0.26105678,0.1014133510625981,0.1014133510625981
2WNM.pdb,V4E,3,0.3752945548030304,0.31018305,-0.0651115065547394,0.0651115065547394
2WNM.pdb,V4N,3,-0.066504856673208,0.14158715,0.20809200975033354,0.20809200975033354
2WNM.pdb,V4H,3,-0.1623034847484796,0.13377109,0.29607457644807983,0.29607457644807983
2WNM.pdb,V4D,3,0.3776731971877458,0.3842537,0.006580513320600778,0.006580513320600778
2WNM.pdb,V4R,3,-0.1854086820674556,0.110106535,0.29551521732336455,0.29551521732336455
2WNM.pdb,V4K,3,-0.3439032558416639,0.08520363,0.4291068885540281,0.4291068885540281
2WNM.pdb,V4T,3,-0.0479644134946433,0.14545155,0.19341595920997534,0.19341595920997534
2WNM.pdb,V4S,3,0.0893805321316927,0.13401577,0.0446352366347105,0.0446352366347105
2WNM.pdb,V4A,3,0.0379119347456273,0.13314655,0.09523461948601639,0.09523461948601639
2WNM.pdb,V4G,3,-0.034175716332963,0.28853726,0.32271298020320227,0.32271298020320227
2WNM.pdb,V4M,3,-0.0970959501950452,0.1462105,0.24330645675346346,0.24330645675346346
2WNM.pdb,V4L,3,0.0804034050154873,0.08693719,0.0065337840866855484,0.0065337840866855484
2WNM.pdb,V4I,3,-0.0791845933474761,0.012985989,0.09217058279888449,0.09217058279888449
2WNM.pdb,V4W,3,0.23714914085209,0.052754372,-0.18439476849376785,0.18439476849376785
2WNM.pdb,V4Y,3,0.0355414261759436,0.06849075,0.03294932491172196,0.03294932491172196
2WNM.pdb,V4F,3,0.0524949243331707,0.14534906,0.09285413119547005,0.09285413119547005
2WNM.pdb,V4P,3,0.076190162352804,0.07800026,0.0018101000268423012,0.0018101000268423012
2WNM.pdb,D5Q,4,-0.5476155828384575,0.028816864,0.57643244673292,0.57643244673292
2WNM.pdb,D5E,4,-0.0262637998429697,0.05868405,0.08494785087980442,0.08494785087980442
2WNM.pdb,D5N,4,-0.5415806765250921,-0.12111282,0.420467853038764,0.420467853038764
2WNM.pdb,D5H,4,-0.8825757953639695,-0.061959602,0.8206161934252449,0.8206161934252449
2WNM.pdb,D5R,4,-0.6185382777839203,0.014435418,0.6329736957340737,0.6329736957340737
2WNM.pdb,D5K,4,-0.6425637818557104,-0.084034786,0.5585289962273916,0.5585289962273916
2WNM.pdb,D5T,4,-0.5167094613973462,0.022812758,0.5395222190384232,0.5395222190384232
2WNM.pdb,D5S,4,-0.4442791686127623,-0.049640723,0.3946384460399588,0.3946384460399588
2WNM.pdb,D5A,4,-0.4948703590859047,-0.08598262,0.40888773836980974,0.40888773836980974
2WNM.pdb,D5G,4,-0.7033696892384746,-0.0061268955,0.6972427936915615,0.6972427936915615
2WNM.pdb,D5M,4,-0.4653333393569729,0.024508117,0.4898414561237833,0.4898414561237833
2WNM.pdb,D5L,4,-0.4763437732121272,-0.0024480224,0.4738957508465571,0.4738957508465571
2WNM.pdb,D5V,4,-0.6485129522645283,-0.02352763,0.6249853225910473,0.6249853225910473
2WNM.pdb,D5I,4,-0.3966452056178764,-0.0044414345,0.39220377110037363,0.39220377110037363
2WNM.pdb,D5W,4,-0.157536448710196,-0.03631813,0.12121831791900872,0.12121831791900872
2WNM.pdb,D5Y,4,-0.1857524785873532,-0.026430026,0.15932245289059874,0.15932245289059874
2WNM.pdb,D5F,4,-0.3660070027438165,0.048572082,0.4145790848163129,0.4145790848163129
2WNM.pdb,D5P,4,-0.4054545151026163,0.09327984,0.49873435366462804,0.49873435366462804
2WNM.pdb,N6Q,5,-0.2198382223470902,0.21786153,0.4376997555120682,0.4376997555120682
2WNM.pdb,N6E,5,0.5958579531824535,0.34609568,-0.24976227199196277,0.24976227199196277
2WNM.pdb,N6H,5,-0.0592768137968917,0.0002200082,0.05949682199133827,0.05949682199133827
2WNM.pdb,N6D,5,0.6690339859891141,0.26329115,-0.40574283565761693,0.40574283565761693
2WNM.pdb,N6R,5,-0.6697525638976405,0.14283003,0.8125825930276225,0.8125825930276225
2WNM.pdb,N6K,5,-0.9251321773849956,-0.00612852,0.9190036576115124,0.9190036576115124
2WNM.pdb,N6T,5,-0.3552960892617043,0.14610997,0.5014060576855477,0.5014060576855477
2WNM.pdb,N6S,5,-0.1362417645309088,0.12727644,0.2635182000253317,0.2635182000253317
2WNM.pdb,N6A,5,-0.2909141999945612,-0.023209646,0.2677045536503763,0.2677045536503763
2WNM.pdb,N6G,5,0.1041173269736139,0.17615174,0.07203441059714874,0.07203441059714874
2WNM.pdb,N6M,5,-0.7346829446501406,0.14314961,0.8778325589842471,0.8778325589842471
2WNM.pdb,N6L,5,-0.9609800992576084,-0.044986114,0.9159939853517017,0.9159939853517017
2WNM.pdb,N6V,5,-0.6509133342763578,0.14186561,0.7927789453527128,0.7927789453527128
2WNM.pdb,N6I,5,-0.6773303197143425,0.1651009,0.842431222033297,0.842431222033297
2WNM.pdb,N6W,5,-0.0631750489656446,-0.07908714,-0.015912089210319752,0.015912089210319752
2WNM.pdb,N6Y,5,-0.5983486517439625,-0.059298664,0.5390499874125263,0.5390499874125263
2WNM.pdb,N6F,5,-0.4435237912344414,0.04327832,0.4868021128582436,0.4868021128582436
2WNM.pdb,N6P,5,-0.1166048646025252,0.19421479,0.3108196556620192,0.3108196556620192
2WNM.pdb,K7Q,6,0.3105450101085578,0.26776046,-0.042784554500189864,0.042784554500189864
2WNM.pdb,K7E,6,1.467937787475159,0.74084055,-0.7270972332377932,0.7270972332377932
2WNM.pdb,K7N,6,0.5145549763591397,0.7695864,0.2550314079372775,0.2550314079372775
2WNM.pdb,K7H,6,0.2004584358799466,0.5166024,0.31614396108508025,0.31614396108508025
2WNM.pdb,K7D,6,1.7794365883507313,1.2155964,-0.5638401508965076,0.5638401508965076
2WNM.pdb,K7R,6,0.052923793002773,0.04450798,-0.008415812656093313,0.008415812656093313
2WNM.pdb,K7T,6,0.4456502019654076,0.60543257,0.15978236801521373,0.15978236801521373
2WNM.pdb,K7S,6,0.6712753684062163,0.6781423,0.006866940782626507,0.006866940782626507
2WNM.pdb,K7A,6,0.1815367431492465,0.44473448,0.26319774080804414,0.26319774080804414
2WNM.pdb,K7G,6,0.9719977038010847,0.916953,-0.055044676552702176,0.055044676552702176
2WNM.pdb,K7M,6,0.2637703822822383,0.37354082,0.10977043640901535,0.10977043640901535
2WNM.pdb,K7L,6,0.2960183225661832,0.31977105,0.02375272884067714,0.02375272884067714
2WNM.pdb,K7V,6,0.3031106826727758,0.3142141,0.011103427701674884,0.011103427701674884
2WNM.pdb,K7I,6,0.1284725205936538,0.22824293,0.09977041315649879,0.09977041315649879
2WNM.pdb,K7W,6,-0.0794741905570486,0.65134,0.730814198339031,0.730814198339031
2WNM.pdb,K7Y,6,0.1702277455763576,0.58077717,0.4105494226975682,0.4105494226975682
2WNM.pdb,K7F,6,0.0153057526830897,0.61950326,0.6041975069757238,0.6041975069757238
2WNM.pdb,K7P,6,0.1513279775365439,1.172373,1.0210450788751992,1.0210450788751992
2WNM.pdb,K8Q,7,0.4522668374886556,-0.21368106,-0.6659478945841832,0.6659478945841832
2WNM.pdb,K8E,7,1.0130980608598157,-0.27541482,-1.2885128853455945,1.2885128853455945
2WNM.pdb,K8N,7,1.3579001597239737,0.8535347,-0.5043654612376456,0.5043654612376456
2WNM.pdb,K8H,7,0.185537085209027,0.396245,0.21070791753755502,0.21070791753755502
2WNM.pdb,K8D,7,2.1844444089776345,0.9354664,-1.2489780002480813,1.2489780002480813
2WNM.pdb,K8R,7,0.1025694139657926,0.38723594,0.28466652553692345,0.28466652553692345
2WNM.pdb,K8T,7,0.4008990331147557,0.12774985,-0.27314918772920427,0.27314918772920427
2WNM.pdb,K8S,7,0.9871912328991146,0.4685673,-0.5186239211353512,0.5186239211353512
2WNM.pdb,K8A,7,0.6571018138635378,-0.085452005,-0.7425538191306811,0.7425538191306811
2WNM.pdb,K8G,7,1.0338545341138032,0.9556449,-0.07820962854663405,0.07820962854663405
2WNM.pdb,K8M,7,-0.5512276899187674,-0.104395226,0.4468324642746557,0.4468324642746557
2WNM.pdb,K8L,7,-0.7675696791958404,-0.4918704,0.2756992759060455,0.2756992759060455
2WNM.pdb,K8V,7,-0.2585830577049384,-0.2864539,-0.02787084501646664,0.02787084501646664
2WNM.pdb,K8I,7,-0.2955672890632144,-0.09428491,0.20128238207983884,0.20128238207983884
2WNM.pdb,K8W,7,-1.150263000296956,-0.13445817,1.0158048309558687,1.0158048309558687
2WNM.pdb,K8Y,7,-0.0590631679447022,0.048809513,0.10787268139437109,0.10787268139437109
2WNM.pdb,K8F,7,-0.1858610843519081,0.12009518,0.30595626283682475,0.30595626283682475
2WNM.pdb,K8P,7,1.1049900795190528,0.6468517,-0.4581383610933021,0.4581383610933021
2WNM.pdb,F9Q,8,2.7185128681254525,2.4107218,-0.30779108925582355,0.30779108925582355
2WNM.pdb,F9E,8,2.8857639063993545,2.6241338,-0.2616300810972305,0.2616300810972305
2WNM.pdb,F9N,8,2.5697670908014807,2.3255785,-0.24418863964486448,0.24418863964486448
2WNM.pdb,F9H,8,2.173063908705399,1.7585676,-0.41449633706538425,0.41449633706538425
2WNM.pdb,F9D,8,3.0587273427194543,2.3671663,-0.6915610619729944,0.6915610619729944
2WNM.pdb,F9R,8,3.070673799704869,2.264598,-0.8060759069436387,0.8060759069436387
2WNM.pdb,F9K,8,2.4384396720693564,2.5280101,0.08957045785923246,0.08957045785923246
2WNM.pdb,F9T,8,2.592077935600808,2.1257055,-0.4663724550252466,0.4663724550252466
2WNM.pdb,F9S,8,2.7211421294829816,2.3567944,-0.36434777218317693,0.36434777218317693
2WNM.pdb,F9A,8,2.7057284706675624,2.2972207,-0.4085077637278651,0.4085077637278651
2WNM.pdb,F9G,8,2.524408067471882,2.3608236,-0.16358443618526097,0.16358443618526097
2WNM.pdb,F9M,8,2.464786730177977,1.9610523,-0.5037344316321395,0.5037344316321395
2WNM.pdb,F9L,8,2.0133197983582667,1.8267196,-0.18660015667278085,0.18660015667278085
2WNM.pdb,F9V,8,2.4714963634043827,1.938655,-0.5328413445979252,0.5328413445979252
2WNM.pdb,F9I,8,2.4713643840596915,1.7689502,-0.702414160136962,0.702414160136962
2WNM.pdb,F9W,8,-0.2801316121134332,0.53856134,0.8186929562601617,0.8186929562601617
2WNM.pdb,F9Y,8,0.2478237736741393,-0.041366816,-0.2891905892411559,0.2891905892411559
2WNM.pdb,F9P,8,2.5280384720179825,2.0016367,-0.5264017284724503,0.5264017284724503
2WNM.pdb,F9C,8,-0.806150539579217,1.5571824,2.3633329708002253,2.3633329708002253
2WNM.pdb,W10Q,9,2.0170359006710807,1.9172013,-0.09983462007720867,0.09983462007720867
2WNM.pdb,W10E,9,2.461388864620399,2.1507008,-0.31068805704898805,0.31068805704898805
2WNM.pdb,W10N,9,2.313208775615576,2.0296905,-0.28351827154147946,0.28351827154147946
2WNM.pdb,W10H,9,1.7946189837163609,1.6493509,-0.14526810213982277,0.14526810213982277
2WNM.pdb,W10D,9,2.8821335202822,2.366846,-0.5152874356874735,0.5152874356874735
2WNM.pdb,W10R,9,1.6408510245344168,2.0001643,0.3593132458665842,0.3593132458665842
2WNM.pdb,W10K,9,1.3751035766321107,2.0846684,0.7095648212713317,0.7095648212713317
2WNM.pdb,W10T,9,1.5254462885327291,1.5155246,-0.00992166275453088,0.00992166275453088
2WNM.pdb,W10S,9,1.7577528940588203,1.9498627,0.19210982452333303,0.19210982452333303
2WNM.pdb,W10A,9,1.5547203456085643,1.6965765,0.14185613048854262,0.14185613048854262
2WNM.pdb,W10G,9,2.331122159011921,2.7806544,0.4495322713774832,0.4495322713774832
2WNM.pdb,W10M,9,0.2450534831431627,0.9258189,0.6807654369923354,0.6807654369923354
2WNM.pdb,W10L,9,0.5211057519288853,0.87732625,0.35622049814740864,0.35622049814740864
2WNM.pdb,W10V,9,0.5212553494884462,1.0983839,0.5771285540149718,0.5771285540149718
2WNM.pdb,W10I,9,-0.0376958740288362,0.6068636,0.6445594919258699,0.6445594919258699
2WNM.pdb,W10Y,9,0.4822870623936413,0.69227016,0.20998309732773324,0.20998309732773324
2WNM.pdb,W10F,9,0.8719106913817627,0.3988055,-0.47310519230491943,0.47310519230491943
2WNM.pdb,W10P,9,3.0012828324713112,2.8700228,-0.13126005872863544,0.13126005872863544
2WNM.pdb,A11Q,10,2.3395229988141164,2.2199259,-0.1195971183819875,0.1195971183819875
2WNM.pdb,A11E,10,2.8289515219957093,2.5641963,-0.2647551738054017,0.2647551738054017
2WNM.pdb,A11N,10,2.361377487829785,2.4511492,0.08977173740520028,0.08977173740520028
2WNM.pdb,A11H,10,2.139819323260933,2.256278,0.11645871476396952,0.11645871476396952
2WNM.pdb,A11D,10,2.842859598308732,2.7289824,-0.11387714973085128,0.11387714973085128
2WNM.pdb,A11R,10,2.3172782386184028,2.4203258,0.10304751745459528,0.10304751745459528
2WNM.pdb,A11K,10,2.4392385748138974,2.3209865,-0.11825206549077727,0.11825206549077727
2WNM.pdb,A11T,10,1.896089962298235,1.6394995,-0.25659041720088394,0.25659041720088394
2WNM.pdb,A11S,10,2.083403757414678,1.4993304,-0.5840733559940849,0.5840733559940849
2WNM.pdb,A11G,10,1.9626759446028976,1.7439513,-0.21872462395470427,0.21872462395470427
2WNM.pdb,A11M,10,0.94595307227241,1.4830586,0.5371054995430807,0.5371054995430807
2WNM.pdb,A11L,10,0.7461045326019626,1.3446617,0.5985571800445217,0.5985571800445217
2WNM.pdb,A11V,10,-0.427028692249066,0.77920395,1.2062326436078612,1.2062326436078612
2WNM.pdb,A11I,10,-0.0476808123791254,1.0322602,1.0799409918987788,1.0799409918987788
2WNM.pdb,A11W,10,1.6910775100345004,1.6499214,-0.04115609279817223,0.04115609279817223
2WNM.pdb,A11Y,10,1.877395675577999,1.7694933,-0.10790233413207617,0.10790233413207617
2WNM.pdb,A11F,10,0.6398888181561637,1.5937834,0.9538945604449105,0.9538945604449105
2WNM.pdb,A11P,10,2.6794135142394024,2.32428,-0.35513349066457334,0.35513349066457334
2WNM.pdb,A11C,10,0.2301376276475508,0.79184026,0.5617026276129167,0.5617026276129167
2WNM.pdb,T12Q,11,0.8817217400018951,0.32441497,-0.5573067715112945,0.5573067715112945
2WNM.pdb,T12E,11,1.9464313391858097,0.42688474,-1.5195465985947605,1.5195465985947605
2WNM.pdb,T12N,11,1.4230369965025496,0.93877184,-0.48426515259233227,0.48426515259233227
2WNM.pdb,T12H,11,0.6669325738584171,0.56980383,-0.09712873989693027,0.09712873989693027
2WNM.pdb,T12D,11,2.1099010966510785,0.87525916,-1.234641935655595,1.234641935655595
2WNM.pdb,T12R,11,-0.0315045793065689,0.8010069,0.8325114924916885,0.8325114924916885
2WNM.pdb,T12K,11,0.4952874058139791,0.63397217,0.13868476215477088,0.13868476215477088
2WNM.pdb,T12S,11,0.9227241274088508,0.6565438,-0.2661803361147529,0.2661803361147529
2WNM.pdb,T12A,11,1.3780016452038657,0.6492584,-0.728743270036019,0.728743270036019
2WNM.pdb,T12G,11,1.873967937125756,1.4308429,-0.4431250606914299,0.4431250606914299
2WNM.pdb,T12M,11,0.2746573112377515,0.2932722,0.018614886008800013,0.018614886008800013
2WNM.pdb,T12L,11,-0.1916593475369818,0.18667391,0.37833325696271725,0.37833325696271725
2WNM.pdb,T12V,11,0.782089688688338,0.030017793,-0.7520718955097796,0.7520718955097796
2WNM.pdb,T12I,11,0.8824525915816828,-0.011408925,-0.8938615166381403,0.8938615166381403
2WNM.pdb,T12W,11,0.3370226585871676,0.04319057,-0.293832089901636,0.293832089901636
2WNM.pdb,T12Y,11,0.4154198898511501,0.21557185,-0.1998480393128963,0.1998480393128963
2WNM.pdb,T12F,11,0.5297588672923521,0.2172747,-0.3124841716575102,0.3124841716575102
2WNM.pdb,T12P,11,2.706945783731306,2.1438456,-0.5631002255648019,0.5631002255648019
2WNM.pdb,T12C,11,0.30144713058385,0.10002819,-0.2014189435473357,0.2014189435473357
2WNM.pdb,V13Q,12,2.259818970191858,3.1270733,0.8672543177720091,0.8672543177720091
2WNM.pdb,V13E,12,2.6119360545303736,3.2012124,0.5892763516280737,0.5892763516280737
2WNM.pdb,V13N,12,2.261061413661626,2.9799252,0.7188637419780224,0.7188637419780224
2WNM.pdb,V13H,12,2.247752922962857,2.8049989,0.5572459517014496,0.5572459517014496
2WNM.pdb,V13D,12,2.809936619960177,3.3064075,0.4964708316694617,0.4964708316694617
2WNM.pdb,V13R,12,2.221578872503667,3.0917144,0.8701355096679637,0.8701355096679637
2WNM.pdb,V13K,12,2.2438834958700387,3.1514006,0.9075170702310356,0.9075170702310356
2WNM.pdb,V13T,12,2.282265450513016,2.3916144,0.10934898659025549,0.10934898659025549
2WNM.pdb,V13S,12,2.0915176746137245,2.7656496,0.674131882499923,0.674131882499923
2WNM.pdb,V13A,12,1.9899712331681143,1.787309,-0.20266218260811675,0.20266218260811675
2WNM.pdb,V13G,12,2.4916983275040927,2.4348493,-0.056849065266543874,0.056849065266543874
2WNM.pdb,V13M,12,1.0748033163920367,1.3582786,0.2834753157719647,0.2834753157719647
2WNM.pdb,V13L,12,0.0489720897820395,0.8676528,0.8186806840750772,0.8186806840750772
2WNM.pdb,V13I,12,-0.5138530262536043,0.09376049,0.6076135166710848,0.6076135166710848
2WNM.pdb,V13W,12,1.723830742175883,2.5645645,0.8407337243005575,0.8407337243005575
2WNM.pdb,V13Y,12,0.8734429890275532,2.319704,1.4462610667585796,1.4462610667585796
2WNM.pdb,V13F,12,0.7950936125731798,1.8429049,1.0478113127731947,1.0478113127731947
2WNM.pdb,V13P,12,2.311547915147421,3.3174818,1.0059338410629062,1.0059338410629062
2WNM.pdb,V13C,12,0.8594556713503345,1.2338402,0.3743845557767407,0.3743845557767407
2WNM.pdb,E14Q,13,-0.2982992362997194,-0.40131,-0.10301076054361863,0.10301076054361863
2WNM.pdb,E14N,13,0.2909549282121464,0.29455593,0.003601004071255076,0.003601004071255076
2WNM.pdb,E14H,13,0.0806115495623407,0.06321334,-0.01739820862424943,0.01739820862424943
2WNM.pdb,E14D,13,1.0215965107360745,0.8211868,-0.20040972980650906,0.20040972980650906
2WNM.pdb,E14R,13,-0.5232804013829941,-0.38046205,0.1428183509450669,0.1428183509450669
2WNM.pdb,E14K,13,-0.5079775632995069,-0.26566195,0.2423156084197462,0.2423156084197462
2WNM.pdb,E14T,13,-0.3759301820648382,-0.35611758,0.019812605704135677,0.019812605704135677
2WNM.pdb,E14S,13,-0.194481481057299,-0.026585424,0.16789605673838937,0.16789605673838937
2WNM.pdb,E14A,13,-0.001078035979388,-0.009843459,-0.008765423373462915,0.008765423373462915
2WNM.pdb,E14G,13,0.6455359572721187,0.7563534,0.11081742102377978,0.11081742102377978
2WNM.pdb,E14M,13,-0.2355673648008811,-0.44837713,-0.21280976761489037,0.21280976761489037
2WNM.pdb,E14L,13,0.2001251017476217,-0.10957721,-0.30970231050502217,0.30970231050502217
2WNM.pdb,E14V,13,-0.4877569231171534,-0.4005717,0.08718521920632577,0.08718521920632577
2WNM.pdb,E14I,13,-0.1668388163167486,-0.37953392,-0.21269510039505865,0.21269510039505865
2WNM.pdb,E14W,13,-0.108453331253671,0.12458706,0.2330403902746671,0.2330403902746671
2WNM.pdb,E14Y,13,-0.0020335152942072,0.007918732,0.009952247535003289,0.009952247535003289
2WNM.pdb,E14F,13,0.1755373834163718,0.049080282,-0.1264571009666495,0.1264571009666495
2WNM.pdb,E14P,13,2.1836659074847966,2.3598452,0.17617925395319167,0.17617925395319167
2WNM.pdb,E14C,13,0.4805571590737436,-0.46108097,-0.941638127453718,0.941638127453718
2WNM.pdb,S15Q,14,0.7528384983047778,0.9585336,0.20569508676678594,0.20569508676678594
2WNM.pdb,S15E,14,1.5336650403771075,1.1298454,-0.40381965959402644,0.40381965959402644
2WNM.pdb,S15N,14,-0.406346812138584,0.16642267,0.5727694772577552,0.5727694772577552
2WNM.pdb,S15H,14,0.598564582527719,0.69629973,0.09773514920369575,0.09773514920369575
2WNM.pdb,S15D,14,0.1483624130338325,0.45432088,0.3059584647566186,0.3059584647566186
2WNM.pdb,S15R,14,0.2867294795969717,1.0017961,0.7150666467686899,0.7150666467686899
2WNM.pdb,S15K,14,0.0428353840166195,1.0171075,0.9742721027082341,0.9742721027082341
2WNM.pdb,S15T,14,0.345877446358223,0.53265715,0.18677970009563444,0.18677970009563444
2WNM.pdb,S15A,14,0.6930987381256757,0.43726632,-0.2558324181355176,0.2558324181355176
2WNM.pdb,S15G,14,0.5020827172302162,0.3464862,-0.15559650640715716,0.15559650640715716
2WNM.pdb,S15M,14,0.4698211623347958,1.126776,0.6569548176609317,0.6569548176609317
2WNM.pdb,S15L,14,0.6958889569175581,1.1510932,0.45520428763505416,0.45520428763505416
2WNM.pdb,S15V,14,0.8845855843979806,1.4827101,0.5981245386641532,0.5981245386641532
2WNM.pdb,S15I,14,0.5938118611730139,1.5552125,0.9614006365381678,0.9614006365381678
2WNM.pdb,S15W,14,0.4180320884900217,0.8432807,0.42524858453701686,0.42524858453701686
2WNM.pdb,S15Y,14,0.5556052224078483,0.9251118,0.36950654822203455,0.36950654822203455
2WNM.pdb,S15F,14,0.5850380116320895,0.9229251,0.33788710299956337,0.33788710299956337
2WNM.pdb,S15P,14,2.235058857221764,1.6677365,-0.5673223269178087,0.5673223269178087
2WNM.pdb,S15C,14,0.0886165846207314,0.26026624,0.1716496597907371,0.1716496597907371
2WNM.pdb,S16Q,15,0.1266429775900857,0.12697469,0.0003317093901618051,0.0003317093901618051
2WNM.pdb,S16E,15,0.0918981945574897,0.19360355,0.10170535086983269,0.10170535086983269
2WNM.pdb,S16N,15,0.0587748610997369,0.06820682,0.00943195581196049,0.00943195581196049
2WNM.pdb,S16H,15,0.1452473852344944,0.12851092,-0.01673646304096718,0.01673646304096718
2WNM.pdb,S16D,15,0.3921662606355767,0.19965462,-0.19251163676949545,0.19251163676949545
2WNM.pdb,S16R,15,-0.0201405634610258,0.117712505,0.13785306862278804,0.13785306862278804
2WNM.pdb,S16K,15,-0.0663150212371852,0.0038047433,0.07011976452713271,0.07011976452713271
2WNM.pdb,S16T,15,0.2526210131154958,0.22117597,-0.03144504446849261,0.03144504446849261
2WNM.pdb,S16A,15,0.021350815794447,0.017574191,-0.0037766247010021757,0.0037766247010021757
2WNM.pdb,S16G,15,-0.1344149936399343,0.0823369,0.2167518962583425,0.2167518962583425
2WNM.pdb,S16M,15,0.1365311578828647,0.2816217,0.14509053668195462,0.14509053668195462
2WNM.pdb,S16L,15,0.2249229168775914,0.22529456,0.00037164331642411397,0.00037164331642411397
2WNM.pdb,S16V,15,0.4481080673446769,0.32522902,-0.12287904841805641,0.12287904841805641
2WNM.pdb,S16I,15,0.2409585089491956,0.36874986,0.12779134799965694,0.12779134799965694
2WNM.pdb,S16W,15,0.1738912212475689,0.26143765,0.08754643324767036,0.08754643324767036
2WNM.pdb,S16Y,15,0.3062572896582169,0.29302314,-0.01323415041985937,0.01323415041985937
2WNM.pdb,S16F,15,0.1039706101983366,0.39344847,0.28947786182467367,0.28947786182467367
2WNM.pdb,S16P,15,0.0012316573428048,-0.05979705,-0.06102870591153039,0.06102870591153039
2WNM.pdb,S16C,15,0.3474993800165888,0.0195003,-0.32799907972838843,0.32799907972838843
2WNM.pdb,E17Q,16,0.2582139646545327,0.089533925,-0.1686800395980752,0.1686800395980752
2WNM.pdb,E17N,16,0.0409410018896827,0.085510045,0.044569043400310586,0.044569043400310586
2WNM.pdb,E17H,16,-0.4221784864656341,0.04215154,0.4643300269834411,0.4643300269834411
2WNM.pdb,E17D,16,-0.0446300813640139,0.07404621,0.11867629081855033,0.11867629081855033
2WNM.pdb,E17R,16,0.027523464423214,0.33974415,0.3122206862153663,0.3122206862153663
2WNM.pdb,E17K,16,0.1248316746583713,0.21956404,0.0947323608764874,0.0947323608764874
2WNM.pdb,E17T,16,-0.282593957231029,0.06221795,0.34481190805195183,0.34481190805195183
2WNM.pdb,E17S,16,-0.1304741917111433,0.05776465,0.18823884110231762,0.18823884110231762
2WNM.pdb,E17A,16,0.2816569735774918,0.25102162,-0.030635349966041614,0.030635349966041614
2WNM.pdb,E17G,16,-0.2210353006810903,0.23639642,0.45743171770284174,0.45743171770284174
2WNM.pdb,E17M,16,0.0298387800408068,0.20400667,0.17416789186471077,0.17416789186471077
2WNM.pdb,E17L,16,0.1076505292517744,0.23275174,0.1251012127535738,0.1251012127535738
2WNM.pdb,E17V,16,0.1868019726055712,0.22232501,0.03552303948225077,0.03552303948225077
2WNM.pdb,E17I,16,0.2694639598641437,0.31262457,0.04316061384343689,0.04316061384343689
2WNM.pdb,E17W,16,-0.3037697850736673,0.20765188,0.5114216684373911,0.5114216684373911
2WNM.pdb,E17Y,16,-0.1540933057255968,0.1616922,0.3157855078168138,0.3157855078168138
2WNM.pdb,E17F,16,-0.1028935160040065,0.24781036,0.35070387977353773,0.35070387977353773
2WNM.pdb,E17P,16,1.0770586975900909,0.776343,-0.3007157095758697,0.3007157095758697
2WNM.pdb,E17C,16,0.1218631955016018,-0.14227846,-0.2641416581499935,0.2641416581499935
2WNM.pdb,H18Q,17,0.0231380531329232,0.18172176,0.1585837086897773,0.1585837086897773
2WNM.pdb,H18E,17,0.0952225900236487,0.30827078,0.21304819220863586,0.21304819220863586
2WNM.pdb,H18N,17,0.4043212451507427,0.36442763,-0.039893619017777604,0.039893619017777604
2WNM.pdb,H18D,17,0.4297529855295443,0.61913395,0.18938096375024088,0.18938096375024088
2WNM.pdb,H18R,17,0.0422705479233664,0.29242542,0.25015487593718355,0.25015487593718355
2WNM.pdb,H18K,17,0.1095357794840117,0.3000599,0.1905241351049165,0.1905241351049165
2WNM.pdb,H18T,17,0.0852024085304652,0.44670516,0.36150275399471177,0.36150275399471177
2WNM.pdb,H18S,17,0.1847073139319803,0.37011477,0.1854074595799063,0.1854074595799063
2WNM.pdb,H18A,17,0.042168502087815,0.2775566,0.23538809609867792,0.23538809609867792
2WNM.pdb,H18G,17,-0.255071508865476,0.5267737,0.7818452000428442,0.7818452000428442
2WNM.pdb,H18M,17,-0.1719809600479522,0.29275805,0.4647390076286712,0.4647390076286712
2WNM.pdb,H18L,17,-0.1780582586616992,0.35374662,0.5318048814625262,0.5318048814625262
2WNM.pdb,H18V,17,-0.2144463053820837,0.32861993,0.5430662325499762,0.5430662325499762
2WNM.pdb,H18I,17,-0.1849213276300512,0.33453566,0.5194569859895788,0.5194569859895788
2WNM.pdb,H18W,17,-0.1831794846026784,0.08114044,0.264319928285349,0.264319928285349
2WNM.pdb,H18Y,17,-0.4310711133389784,0.019196063,0.450267176619084,0.450267176619084
2WNM.pdb,H18F,17,-0.8084515966687023,0.17110258,0.979554180077058,0.979554180077058
2WNM.pdb,H18P,17,2.162720282008641,1.5954719,-0.5672484230303696,0.5672484230303696
2WNM.pdb,H18C,17,-0.6119677195209192,-0.06307033,0.5488973924773859,0.5488973924773859
2WNM.pdb,S19Q,18,0.4724207771440545,-0.10257065,-0.5749914301057855,0.5749914301057855
2WNM.pdb,S19E,18,0.9516143518043548,0.15697215,-0.7946421968294174,0.7946421968294174
2WNM.pdb,S19N,18,0.9183177277392636,0.334374,-0.5839437171763668,0.5839437171763668
2WNM.pdb,S19H,18,0.3974927796570373,0.17695796,-0.22053481475988151,0.22053481475988151
2WNM.pdb,S19D,18,1.7213195830556307,0.59494615,-1.1263734370442782,1.1263734370442782
2WNM.pdb,S19R,18,-0.0228623188949299,-0.108289525,-0.08542720601790427,0.08542720601790427
2WNM.pdb,S19K,18,0.0546541855029389,-0.13408534,-0.18873952779095618,0.18873952779095618
2WNM.pdb,S19T,18,0.0774495393051224,-0.13006595,-0.20751548707619477,0.20751548707619477
2WNM.pdb,S19A,18,0.4096162294798717,0.059970103,-0.34964612627562136,0.34964612627562136
2WNM.pdb,S19G,18,1.4507031834427364,0.50047886,-0.9502243197266109,0.9502243197266109
2WNM.pdb,S19M,18,0.404691971570879,-0.022178784,-0.4268707555836735,0.4268707555836735
2WNM.pdb,S19L,18,0.7324647595816689,0.09682277,-0.6356419911318856,0.6356419911318856
2WNM.pdb,S19V,18,0.0100579406253906,-0.1082522,-0.11831013812943418,0.11831013812943418
2WNM.pdb,S19I,18,0.1330510053973412,-0.1753332,-0.30838420728256455,0.30838420728256455
2WNM.pdb,S19W,18,0.0140304339579837,0.16676353,0.1527330952234967,0.1527330952234967
2WNM.pdb,S19Y,18,0.4510926863350062,0.16844338,-0.2826493045486598,0.2826493045486598
2WNM.pdb,S19F,18,0.4690421801364977,0.13419843,-0.3348437529361803,0.3348437529361803
2WNM.pdb,S19P,18,2.0105929683696018,0.80983484,-1.2007581304560886,1.2007581304560886
2WNM.pdb,S19C,18,0.2626797194090304,-0.10404804,-0.3667277628984866,0.3667277628984866
2WNM.pdb,F20Q,19,1.6137747597395968,1.0443816,-0.569393141239841,0.569393141239841
2WNM.pdb,F20E,19,1.8407828566177284,1.2897067,-0.551076149616996,0.551076149616996
2WNM.pdb,F20N,19,2.0664392000856324,1.5493332,-0.5171059853258058,0.5171059853258058
2WNM.pdb,F20H,19,1.3127079007826694,0.93558365,-0.377124249716843,0.377124249716843
2WNM.pdb,F20D,19,2.1744738759448405,1.769363,-0.4051108302523967,0.4051108302523967
2WNM.pdb,F20R,19,1.5060430400095064,1.1384318,-0.36761125251866167,0.36761125251866167
2WNM.pdb,F20K,19,1.4498731664244886,1.2003629,-0.2495102456633802,0.2495102456633802
2WNM.pdb,F20T,19,1.7054939886577205,1.0185335,-0.6869605204112605,0.6869605204112605
2WNM.pdb,F20S,19,2.012444484842556,1.3114059,-0.7010385877020529,0.7010385877020529
2WNM.pdb,F20A,19,1.5934615745719023,1.1451923,-0.4482693090613432,0.4482693090613432
2WNM.pdb,F20G,19,2.1456958161087707,1.8237567,-0.3219391213150695,0.3219391213150695
2WNM.pdb,F20M,19,0.4735722980153034,0.4731249,-0.00044740649575686353,0.00044740649575686353
2WNM.pdb,F20L,19,1.1042420647537947,0.7297007,-0.3745413802063704,0.3745413802063704
2WNM.pdb,F20V,19,1.5083542891212387,0.6296551,-0.8786991663642807,0.8786991663642807
2WNM.pdb,F20I,19,1.0764625509021282,0.3148995,-0.7615630467174053,0.7615630467174053
2WNM.pdb,F20W,19,0.3434078958422821,0.2231893,-0.12021860150405578,0.12021860150405578
2WNM.pdb,F20Y,19,0.4086986829415311,0.2418294,-0.16686928764734166,0.16686928764734166
2WNM.pdb,F20P,19,2.6077488371488595,2.4748914,-0.13285741296978237,0.13285741296978237
2WNM.pdb,F20C,19,0.5803369798136182,0.37758768,-0.2027493037653394,0.2027493037653394
2WNM.pdb,E21Q,20,0.4619975098475732,0.11123508,-0.3507624276980676,0.3507624276980676
2WNM.pdb,E21N,20,0.4721414583223984,0.44691217,-0.025229288865916466,0.025229288865916466
2WNM.pdb,E21H,20,0.5186741357862943,0.3428165,-0.17585763393044407,0.17585763393044407
2WNM.pdb,E21D,20,0.2246646845221316,0.4209464,0.1962817049145902,0.1962817049145902
2WNM.pdb,E21R,20,0.7599750563586678,0.37010533,-0.3898697301829781,0.3898697301829781
2WNM.pdb,E21K,20,0.8272175134715767,0.33805588,-0.4891616345939369,0.4891616345939369
2WNM.pdb,E21T,20,0.3629677373259952,0.1387417,-0.22422603548464082,0.22422603548464082
2WNM.pdb,E21S,20,0.6497441762962317,0.42420036,-0.2255438202896094,0.2255438202896094
2WNM.pdb,E21A,20,1.0159880409198316,0.29113674,-0.724851299281648,0.724851299281648
2WNM.pdb,E21G,20,0.6733704140327281,0.91237956,0.23900914882203872,0.23900914882203872
2WNM.pdb,E21M,20,0.3849174481312625,0.17562924,-0.20928820487660094,0.20928820487660094
2WNM.pdb,E21L,20,0.4768550167749179,0.16058609,-0.31626892787912014,0.31626892787912014
2WNM.pdb,E21V,20,0.187860058406911,-0.07769945,-0.2655595110455371,0.2655595110455371
2WNM.pdb,E21I,20,0.1488310854548871,-0.083076596,-0.2319076817149579,0.2319076817149579
2WNM.pdb,E21W,20,0.5700848131197573,0.038389966,-0.5316948472279193,0.5316948472279193
2WNM.pdb,E21Y,20,0.619543732494015,0.21725869,-0.4022850407062952,0.4022850407062952
2WNM.pdb,E21F,20,0.7502188648460695,0.2013139,-0.5489049668787309,0.5489049668787309
2WNM.pdb,E21P,20,2.0634739363067185,1.4848284,-0.5786455833785569,0.5786455833785569
2WNM.pdb,E21C,20,0.4115034104575668,0.012945771,-0.3985576392402206,0.3985576392402206
2WNM.pdb,V22Q,21,1.808308895426065,1.10008,-0.7082288821509186,0.7082288821509186
2WNM.pdb,V22E,21,2.3569858726661472,1.5034776,-0.8535082992713718,0.8535082992713718
2WNM.pdb,V22N,21,1.8994704249548424,1.4673109,-0.43215951949829945,0.43215951949829945
2WNM.pdb,V22H,21,1.794211534535725,0.7693618,-1.0248497405408215,1.0248497405408215
2WNM.pdb,V22D,21,2.015522620795552,1.88076,-0.13476266634303746,0.13476266634303746
2WNM.pdb,V22R,21,1.8087153577262227,1.2341341,-0.5745812797004048,0.5745812797004048
2WNM.pdb,V22K,21,1.9077694966107348,1.2363765,-0.6713929726391772,0.6713929726391772
2WNM.pdb,V22T,21,1.3190485576897424,1.0885928,-0.23045578997428828,0.23045578997428828
2WNM.pdb,V22S,21,2.0092975516977893,1.5030482,-0.5062493701639759,0.5062493701639759
2WNM.pdb,V22A,21,1.0920999653697463,1.0328741,-0.05922585800890645,0.05922585800890645
2WNM.pdb,V22G,21,2.208341572619128,1.9000366,-0.3083049992090938,0.3083049992090938
2WNM.pdb,V22M,21,1.1406632502466736,0.20808649,-0.9325767596155701,0.9325767596155701
2WNM.pdb,V22L,21,1.2672751178754873,0.17563123,-1.091643892766387,1.091643892766387
2WNM.pdb,V22I,21,0.4367007467362227,-0.20406985,-0.6407705995652022,0.6407705995652022
2WNM.pdb,V22W,21,1.3867281276691166,0.1136266,-1.273101528357288,1.273101528357288
2WNM.pdb,V22Y,21,1.108690881796654,0.01496768,-1.093723201819237,1.093723201819237
2WNM.pdb,V22F,21,0.8752246952786173,-0.032480657,-0.9077053523792948,0.9077053523792948
2WNM.pdb,V22P,21,2.559018231812727,2.4753823,-0.08363590377927954,0.08363590377927954
2WNM.pdb,V22C,21,0.492086282318708,-0.002870679,-0.49495696122038035,0.49495696122038035
2WNM.pdb,P23Q,22,0.2579282789551458,0.38897496,0.13104668566353705,0.13104668566353705
2WNM.pdb,P23E,22,-0.1397442431525437,0.123134404,0.26287864757339635,0.26287864757339635
2WNM.pdb,P23N,22,1.3516422059390083,1.1892781,-0.16236408017606885,0.16236408017606885
2WNM.pdb,P23H,22,0.2723003877769692,0.8070433,0.5347429262031334,0.5347429262031334
2WNM.pdb,P23D,22,1.1298659505434916,0.85729635,-0.27256960292538857,0.27256960292538857
2WNM.pdb,P23R,22,0.6305005387929894,1.0661253,0.4356247349115394,0.4356247349115394
2WNM.pdb,P23K,22,0.5734518613668831,0.80304056,0.2295887026933281,0.2295887026933281
2WNM.pdb,P23T,22,0.1759021161819962,0.33731976,0.1614176453326675,0.1614176453326675
2WNM.pdb,P23S,22,0.4504195218752009,0.50178003,0.051360511236371365,0.051360511236371365
2WNM.pdb,P23A,22,-0.288632415703971,0.022761226,0.31139364140434944,0.31139364140434944
2WNM.pdb,P23G,22,0.6686126815648519,0.8372548,0.16864214068932903,0.16864214068932903
2WNM.pdb,P23M,22,-0.4820283782645669,0.4055209,0.8875492644473519,0.8875492644473519
2WNM.pdb,P23L,22,-0.9565945712925784,0.31503835,1.2716329244973057,1.2716329244973057
2WNM.pdb,P23V,22,-0.6516612742547205,-0.13811904,0.5135422323350123,0.5135422323350123
2WNM.pdb,P23I,22,-0.7753198125324667,0.12436575,0.8996855595074118,0.8996855595074118
2WNM.pdb,P23W,22,0.008422858875555,0.33665693,0.32823406918688397,0.32823406918688397
2WNM.pdb,P23Y,22,-0.0111508502656931,0.54124165,0.5523924960786813,0.5523924960786813
2WNM.pdb,P23F,22,-0.0969025454979535,0.48250037,0.5794029198151227,0.5794029198151227
2WNM.pdb,P23C,22,-0.5782624377374859,0.15750736,0.7357697977190227,0.7357697977190227
2WNM.pdb,I24Q,23,2.382083683312829,2.4205904,0.03850671738297162,0.03850671738297162
2WNM.pdb,I24E,23,2.568950589604265,2.3967104,-0.17224019379127675,0.17224019379127675
2WNM.pdb,I24N,23,2.561986933547251,2.3490186,-0.21296835978626483,0.21296835978626483
2WNM.pdb,I24H,23,2.292703208132132,2.2285233,-0.06417995373760066,0.06417995373760066
2WNM.pdb,I24D,23,2.3728190809398635,2.530101,0.15728197992744608,0.15728197992744608
2WNM.pdb,I24R,23,2.071164264017655,2.5238004,0.4526361090597377,0.4526361090597377
2WNM.pdb,I24K,23,2.3055378837720406,2.56685,0.2613120632036674,0.2613120632036674
2WNM.pdb,I24T,23,2.3283411100561,2.1166763,-0.21166477948969353,0.21166477948969353
2WNM.pdb,I24S,23,2.361869211822333,2.5610871,0.19921791967791114,0.19921791967791114
2WNM.pdb,I24A,23,2.2728518421315926,2.1149254,-0.15792645761010826,0.15792645761010826
2WNM.pdb,I24G,23,2.4190575997178123,2.5605881,0.14153052169637226,0.14153052169637226
2WNM.pdb,I24M,23,1.5556085842775773,1.2100434,-0.34556515394920817,0.34556515394920817
2WNM.pdb,I24L,23,1.2149741734941475,0.9960711,-0.21890307325916214,0.21890307325916214
2WNM.pdb,I24V,23,0.5511150539351979,0.64941657,0.09830151195988268,0.09830151195988268
2WNM.pdb,I24W,23,1.789393746276943,1.6975269,-0.09186681451424761,0.09186681451424761
2WNM.pdb,I24Y,23,1.603129224421408,1.7112046,0.10807542359647537,0.10807542359647537
2WNM.pdb,I24F,23,1.34594108743949,1.0831792,-0.2627618519811159,0.2627618519811159
2WNM.pdb,I24P,23,2.155267072765401,2.5496726,0.39440553084177665,0.39440553084177665
2WNM.pdb,I24C,23,0.9709283681692028,1.3377787,0.366850319307909,0.366850319307909
2WNM.pdb,Y25Q,24,1.2765966475845802,1.5410833,0.2644866882918846,0.2644866882918846
2WNM.pdb,Y25E,24,1.202858731463884,1.5475444,0.34468562869694375,0.34468562869694375
2WNM.pdb,Y25N,24,1.4227026148470467,1.7227461,0.30004351895727455,0.30004351895727455
2WNM.pdb,Y25H,24,1.0605438315912328,0.92611444,-0.13442939162693834,0.13442939162693834
2WNM.pdb,Y25D,24,1.2911157620270168,1.8493001,0.5581843840758884,0.5581843840758884
2WNM.pdb,Y25R,24,1.3582899592039397,1.6109984,0.25270843290116285,0.25270843290116285
2WNM.pdb,Y25K,24,1.6144896406854805,1.6636739,0.049184237030583944,0.049184237030583944
2WNM.pdb,Y25T,24,1.2369924606011806,1.5380707,0.3010782181097569,0.3010782181097569
2WNM.pdb,Y25S,24,1.452683165039424,1.6215076,0.16882447961389624,0.16882447961389624
2WNM.pdb,Y25A,24,1.6186853216524433,1.5898998,-0.02878554328635441,0.02878554328635441
2WNM.pdb,Y25G,24,2.0304057387401717,1.8955312,-0.13487456121941976,0.13487456121941976
2WNM.pdb,Y25M,24,0.8731773683342181,1.2398859,0.36670855791242496,0.36670855791242496
2WNM.pdb,Y25L,24,1.0387679865709285,1.2492666,0.2104986378797551,0.2104986378797551
2WNM.pdb,Y25V,24,1.126482734639774,1.3414587,0.21497594360577033,0.21497594360577033
2WNM.pdb,Y25I,24,0.78517760637145,1.2964164,0.5112387954916482,0.5112387954916482
2WNM.pdb,Y25W,24,-0.2916850809756486,0.3231129,0.6147979860011308,0.6147979860011308
2WNM.pdb,Y25F,24,0.1336733464299526,0.39774442,0.26407107076059916,0.26407107076059916
2WNM.pdb,Y25P,24,1.9383070410075427,2.2515721,0.313265091103053,0.313265091103053
2WNM.pdb,Y25C,24,0.6632201777727329,0.87210095,0.20888077151468165,0.20888077151468165
2WNM.pdb,A26Q,25,2.068552072851918,1.8848801,-0.18367200693394903,0.18367200693394903
2WNM.pdb,A26E,25,2.461591402997254,2.2486186,-0.21297280024456855,0.21297280024456855
2WNM.pdb,A26N,25,2.2485042543298404,1.9893394,-0.2591649026757876,0.2591649026757876
2WNM.pdb,A26H,25,1.495578215031066,1.8736879,0.37810964831884863,0.37810964831884863
2WNM.pdb,A26D,25,2.552797243895659,2.3970811,-0.155716107192168,0.155716107192168
2WNM.pdb,A26R,25,1.8514874121613485,1.8707526,0.019265160851957175,0.019265160851957175
2WNM.pdb,A26K,25,2.2460871296691742,1.8825837,-0.3635033922958222,0.3635033922958222
2WNM.pdb,A26T,25,1.969520914983355,1.6105512,-0.35896967692335746,0.35896967692335746
2WNM.pdb,A26S,25,1.4700266954458583,1.1557074,-0.31431933613189345,0.31431933613189345
2WNM.pdb,A26G,25,1.5812390499981053,1.3982875,-0.18295151528436016,0.18295151528436016
2WNM.pdb,A26M,25,1.7353686964183952,1.2992821,-0.4360866224437858,0.4360866224437858
2WNM.pdb,A26L,25,2.1249669962980016,1.3218222,-0.8031448298551305,0.8031448298551305
2WNM.pdb,A26V,25,2.0119736621216373,1.1914399,-0.820533795101984,0.820533795101984
2WNM.pdb,A26I,25,1.886764623938412,1.3018792,-0.5848854563816492,0.5848854563816492
2WNM.pdb,A26W,25,1.8646109451627009,1.4429897,-0.42162123816959785,0.42162123816959785
2WNM.pdb,A26Y,25,1.8656451196469803,1.4516703,-0.4139748306073685,0.4139748306073685
2WNM.pdb,A26F,25,1.995410583594881,1.4611295,-0.5342810374294147,0.5342810374294147
2WNM.pdb,A26P,25,2.193263936990009,2.3260422,0.13277823830295965,0.13277823830295965
2WNM.pdb,A26C,25,0.8277785047301347,0.76550955,-0.06226895892706463,0.06226895892706463
2WNM.pdb,E27Q,26,-0.4460575627615535,0.031898826,0.477956389122256,0.477956389122256
2WNM.pdb,E27N,26,-0.1729068457491944,0.21954954,0.3924563824542115,0.3924563824542115
2WNM.pdb,E27H,26,-0.4051054265673746,0.060986884,0.4660923105056871,0.4660923105056871
2WNM.pdb,E27D,26,0.0692552772805363,0.35488427,0.2856289895727962,0.2856289895727962
2WNM.pdb,E27R,26,-0.5256676902940254,0.056086373,0.5817540628781299,0.5817540628781299
2WNM.pdb,E27K,26,-0.7673853114191429,-0.022183478,0.7452018335405723,0.7452018335405723
2WNM.pdb,E27T,26,-0.3233189754678816,0.04764647,0.37096544583579005,0.37096544583579005
2WNM.pdb,E27S,26,-0.3588574255398082,0.110141605,0.4689990306785869,0.4689990306785869
2WNM.pdb,E27A,26,-0.4773267168817772,0.09535591,0.5726826299247993,0.5726826299247993
2WNM.pdb,E27G,26,-0.1234751839879972,0.20378432,0.32725950076618016,0.32725950076618016
2WNM.pdb,E27M,26,-0.4511200501614349,0.1764262,0.6275462522202271,0.6275462522202271
2WNM.pdb,E27L,26,-0.2567831475268196,0.0052244663,0.2620076138506721,0.2620076138506721
2WNM.pdb,E27V,26,0.0477242584652151,-0.016878232,-0.06460249082510128,0.06460249082510128
2WNM.pdb,E27I,26,0.2185300855587395,0.116026685,-0.10250340091690144,0.10250340091690144
2WNM.pdb,E27W,26,0.133555513372944,0.10978465,-0.02377086555056393,0.02377086555056393
2WNM.pdb,E27Y,26,-0.2498468269832967,0.14436966,0.3942164887913106,0.3942164887913106
2WNM.pdb,E27F,26,-0.1635015100365975,0.26064008,0.4241415947800973,0.4241415947800973
2WNM.pdb,E27P,26,-0.2836777295462616,0.09966557,0.3833432968251236,0.3833432968251236
2WNM.pdb,E27C,26,0.5016251830078335,-0.05240652,-0.5540317026592465,0.5540317026592465
2WNM.pdb,T28Q,27,1.6480652092587391,1.1591666,-0.4888986347805897,0.4888986347805897
2WNM.pdb,T28E,27,1.8963004484514416,1.1774808,-0.7188196316103161,0.7188196316103161
2WNM.pdb,T28N,27,0.1864160799404306,0.4247588,0.23834271198309234,0.23834271198309234
2WNM.pdb,T28H,27,1.0498287717471817,1.0694072,0.019578452907969668,0.019578452907969668
2WNM.pdb,T28D,27,0.6666907669704409,0.4920239,-0.1746668817203494,0.1746668817203494
2WNM.pdb,T28R,27,1.50441404643355,1.1343187,-0.3700953370600759,0.3700953370600759
2WNM.pdb,T28K,27,1.6174375853248923,1.0944831,-0.522954448194155,0.522954448194155
2WNM.pdb,T28S,27,-0.0989208016765403,0.14150637,0.240427175558834,0.240427175558834
2WNM.pdb,T28A,27,1.725997535219312,1.0896252,-0.6363722958470586,0.6363722958470586
2WNM.pdb,T28G,27,0.8523662595780304,0.90084326,0.048477003094393956,0.048477003094393956
2WNM.pdb,T28M,27,1.7499316903830562,1.431562,-0.3183697435141597,0.3183697435141597
2WNM.pdb,T28L,27,1.919244180408452,1.3470414,-0.5722028119239548,0.5722028119239548
2WNM.pdb,T28V,27,1.8804067136710303,1.2565304,-0.623876309580149,0.623876309580149
2WNM.pdb,T28I,27,1.8595161700248528,1.4355474,-0.4239688181876946,0.4239688181876946
2WNM.pdb,T28W,27,1.670324818389666,1.3356042,-0.33472062756324994,0.33472062756324994
2WNM.pdb,T28Y,27,1.6217021292476357,1.1996914,-0.42201071441456683,0.42201071441456683
2WNM.pdb,T28F,27,1.4328831014844132,1.2959776,-0.1369055090161515,0.1369055090161515
2WNM.pdb,T28P,27,2.3194720891071774,1.2388091,-1.0806629803730465,1.0806629803730465
2WNM.pdb,T28C,27,0.7903667758492294,0.7888018,-0.001564986565476989,0.001564986565476989
2WNM.pdb,L29Q,28,0.5894773121275221,0.830742,0.24126468940598622,0.24126468940598622
2WNM.pdb,L29E,28,0.6910727504145411,0.8750218,0.1839490648854467,0.1839490648854467
2WNM.pdb,L29N,28,1.747055200741251,1.9061831,0.15912792284731103,0.15912792284731103
2WNM.pdb,L29H,28,0.7636626998518656,1.3040855,0.5404227932359029,0.5404227932359029
2WNM.pdb,L29D,28,1.576902521584262,1.8440112,0.26710866596914373,0.26710866596914373
2WNM.pdb,L29R,28,0.9297492235138244,1.4544313,0.5246820718810731,0.5246820718810731
2WNM.pdb,L29K,28,1.140415753694367,1.129655,-0.010760750146698639,0.010760750146698639
2WNM.pdb,L29T,28,1.2215813464384564,1.1881542,-0.03342712585740171,0.03342712585740171
2WNM.pdb,L29S,28,0.8513548314908184,1.4615549,0.6102000534197651,0.6102000534197651
2WNM.pdb,L29A,28,0.2944421509379991,0.88681203,0.5923698803310744,0.5923698803310744
2WNM.pdb,L29G,28,1.4366918229336996,1.6930771,0.2563852644686442,0.2563852644686442
2WNM.pdb,L29M,28,0.1828688424827467,0.63171697,0.4488481241462816,0.4488481241462816
2WNM.pdb,L29V,28,0.6128251756330494,0.5744921,-0.03833307873210945,0.03833307873210945
2WNM.pdb,L29I,28,0.0814468424446448,0.32440633,0.24295948337246337,0.24295948337246337
2WNM.pdb,L29W,28,-0.1481677318469643,0.89918107,1.0473487997905373,1.0473487997905373
2WNM.pdb,L29Y,28,0.3790029493679476,0.97853863,0.5995356830249357,0.5995356830249357
2WNM.pdb,L29F,28,0.7865011501603942,0.91551805,0.1290168952650208,0.1290168952650208
2WNM.pdb,L29P,28,0.8668322551193841,1.4149959,0.5481636536177985,0.5481636536177985
2WNM.pdb,D30Q,29,-0.5306156571976479,-0.18255553,0.34806013070266806,0.34806013070266806
2WNM.pdb,D30E,29,-0.5141900193614748,-0.19571126,0.31847876428792743,0.31847876428792743
2WNM.pdb,D30N,29,0.2269512733162018,0.13923168,-0.08771959149247133,0.08771959149247133
2WNM.pdb,D30H,29,0.0226384600774567,0.100946195,0.07830773534614635,0.07830773534614635
2WNM.pdb,D30R,29,-0.2776523863461797,0.018972903,0.29662528983624625,0.29662528983624625
2WNM.pdb,D30K,29,-0.2862483961849884,-0.14228724,0.14396115675265347,0.14396115675265347
2WNM.pdb,D30T,29,0.0662984441645884,0.09808923,0.031790788876221235,0.031790788876221235
2WNM.pdb,D30S,29,-0.0963592692588966,0.025316589,0.12167585783950496,0.12167585783950496
2WNM.pdb,D30A,29,-0.2652197815350865,-0.28291902,-0.017699237925591582,0.017699237925591582
2WNM.pdb,D30G,29,0.1700691578313904,0.1477566,-0.022312551490982074,0.022312551490982074
2WNM.pdb,D30M,29,-0.1035826877260666,0.08674204,0.19032473122124483,0.19032473122124483
2WNM.pdb,D30L,29,-0.0657017943926212,0.037277706,0.1029795003600475,0.1029795003600475
2WNM.pdb,D30V,29,0.1386150797502434,0.11470734,-0.023907736469927998,0.023907736469927998
2WNM.pdb,D30I,29,0.0843357727987514,0.13038109,0.04604531963040967,0.04604531963040967
2WNM.pdb,D30W,29,-0.2858238454597321,0.08680194,0.372625784172329,0.372625784172329
2WNM.pdb,D30Y,29,0.1111826547668277,0.19278988,0.08160722765466583,0.08160722765466583
2WNM.pdb,D30F,29,0.1868661842314831,0.23426312,0.04739693785027349,0.04739693785027349
2WNM.pdb,D30P,29,0.7806901577597762,0.6640229,-0.1166672352439071,0.1166672352439071
2WNM.pdb,D30C,29,-0.0919863949036452,-0.098859966,-0.006873570897593814,0.006873570897593814
2WNM.pdb,E31Q,30,-0.2413428066304783,-0.02230668,0.219036125951157,0.219036125951157
2WNM.pdb,E31N,30,0.9440372673801908,0.78198296,-0.1620543090633878,0.1620543090633878
2WNM.pdb,E31H,30,0.051569463481389,0.517307,0.4657375199895277,0.4657375199895277
2WNM.pdb,E31D,30,0.5279618987228454,0.8057892,0.27782727392653817,0.27782727392653817
2WNM.pdb,E31R,30,-0.1640747380343699,0.3604889,0.5245636296359324,0.5245636296359324
2WNM.pdb,E31K,30,-0.4780112642166929,0.18896744,0.6669787007687407,0.6669787007687407
2WNM.pdb,E31T,30,0.9764013404478632,0.56268305,-0.413718294583758,0.413718294583758
2WNM.pdb,E31S,30,0.6191354213467766,0.48654455,-0.13259087188159713,0.13259087188159713
2WNM.pdb,E31A,30,-0.0100692443632146,-0.06843725,-0.058368004105184446,0.058368004105184446
2WNM.pdb,E31G,30,0.8151995065771733,0.6429691,-0.17223043471209154,0.17223043471209154
2WNM.pdb,E31M,30,-0.0230716962521322,0.22395653,0.24702822157790735,0.24702822157790735
2WNM.pdb,E31L,30,0.0467693929199031,0.28650975,0.23974035935365648,0.23974035935365648
2WNM.pdb,E31V,30,0.9400432773257944,0.35181567,-0.5882276065971109,0.5882276065971109
2WNM.pdb,E31I,30,0.5537249402163931,0.43507108,-0.11865385929331262,0.11865385929331262
2WNM.pdb,E31W,30,1.1456343762303878,0.521045,-0.6245893470670272,0.6245893470670272
2WNM.pdb,E31Y,30,0.8825781957820109,0.54750943,-0.33506876394302165,0.33506876394302165
2WNM.pdb,E31F,30,0.7426191251610001,0.5872563,-0.15536281279069986,0.15536281279069986
2WNM.pdb,E31P,30,2.377337440080587,1.635657,-0.7416804872226157,0.7416804872226157
2WNM.pdb,E31C,30,0.6748860409557027,0.15074307,-0.5241429736911458,0.5241429736911458
2WNM.pdb,A32Q,31,2.458884865299316,2.733955,0.275070041164307,0.275070041164307
2WNM.pdb,A32E,31,2.462790325091178,3.1183643,0.6555740090152673,0.6555740090152673
2WNM.pdb,A32N,31,2.4042889584391034,2.9226875,0.5183985720784747,0.5183985720784747
2WNM.pdb,A32H,31,2.2339474485219277,2.6455607,0.4116132929026328,0.4116132929026328
2WNM.pdb,A32D,31,2.3335589356731297,3.365792,1.032233100383389,1.032233100383389
2WNM.pdb,A32R,31,2.368651613166584,2.552112,0.1834604893419609,0.1834604893419609
2WNM.pdb,A32K,31,2.169380018017508,2.6762314,0.506851366259836,0.506851366259836
2WNM.pdb,A32T,31,2.3890086432954654,2.487697,0.09868824276715671,0.09868824276715671
2WNM.pdb,A32S,31,2.0356988570575707,1.9445645,-0.09113439534950185,0.09113439534950185
2WNM.pdb,A32G,31,2.267077004376981,1.6687909,-0.5982860679069493,0.5982860679069493
2WNM.pdb,A32M,31,2.053238497721675,1.9761244,-0.077114091860774,0.077114091860774
2WNM.pdb,A32L,31,1.7143400669729203,1.8272549,0.11291482442264855,0.11291482442264855
2WNM.pdb,A32V,31,1.8651263162339136,1.71214,-0.15298635213021483,0.15298635213021483
2WNM.pdb,A32I,31,2.0026944849617907,1.9619398,-0.04075467325524773,0.04075467325524773
2WNM.pdb,A32W,31,1.783009375927644,1.9237354,0.14072600424508552,0.14072600424508552
2WNM.pdb,A32Y,31,1.9366603691742752,2.0484118,0.11175147698661347,0.11175147698661347
2WNM.pdb,A32F,31,1.84012555216172,2.0493927,0.2092671480335926,0.2092671480335926
2WNM.pdb,A32P,31,2.525056588878467,2.8716257,0.3465690729715085,0.3465690729715085
2WNM.pdb,A32C,31,0.7772303775595173,1.2596369,0.48240650140776786,0.48240650140776786
2WNM.pdb,L33Q,32,0.2561272697884398,0.53432935,0.2782020849745912,0.2782020849745912
2WNM.pdb,L33E,32,1.069353994333739,0.9004535,-0.16890048643350086,0.16890048643350086
2WNM.pdb,L33N,32,1.2550948283681218,1.1425372,-0.11255759215443772,0.11255759215443772
2WNM.pdb,L33H,32,0.5854465457667257,0.52310914,-0.06233740775479335,0.06233740775479335
2WNM.pdb,L33D,32,2.082220950455058,1.6511291,-0.4310918239062911,0.4310918239062911
2WNM.pdb,L33R,32,-0.735762535709076,0.28075865,1.01652118481987,1.01652118481987
2WNM.pdb,L33K,32,-0.2563687280726849,0.57287943,0.8292481617045819,0.8292481617045819
2WNM.pdb,L33T,32,0.2992113367488427,0.60761666,0.30840532623028327,0.30840532623028327
2WNM.pdb,L33S,32,1.075910473201445,0.96376836,-0.11214211020248266,0.11214211020248266
2WNM.pdb,L33A,32,0.8058449235872156,0.6592158,-0.1466291156724817,0.1466291156724817
2WNM.pdb,L33G,32,1.5161350681274337,1.6352947,0.11915960769959266,0.11915960769959266
2WNM.pdb,L33M,32,0.0539870861694429,-0.01649785,-0.07048493658753371,0.07048493658753371
2WNM.pdb,L33V,32,0.1893216302312454,0.2524128,0.06309116578926241,0.06309116578926241
2WNM.pdb,L33I,32,-0.2298353870405476,-0.05829352,0.17154186563628124,0.17154186563628124
2WNM.pdb,L33W,32,-1.1693685704263437,-0.51175505,0.6576135211976755,0.6576135211976755
2WNM.pdb,L33Y,32,-0.254395945490117,-0.3394928,-0.08509685236144549,0.08509685236144549
2WNM.pdb,L33F,32,-0.0986531361403053,-0.25728798,-0.15863484298567126,0.15863484298567126
2WNM.pdb,L33P,32,2.4806944100313397,2.5324636,0.05176914053628723,0.05176914053628723
2WNM.pdb,L33C,32,0.6245773314117598,-0.041318297,-0.6658956287979292,0.6658956287979292
2WNM.pdb,E34Q,33,-0.2516553137027104,-0.17724861,0.07440670165646862,0.07440670165646862
2WNM.pdb,E34N,33,0.1394090135225498,0.16289866,0.023489646183565915,0.023489646183565915
2WNM.pdb,E34H,33,-0.069425185417125,-0.010015015,0.05941017085809447,0.05941017085809447
2WNM.pdb,E34D,33,0.5283791178466595,0.45056483,-0.07781428635137444,0.07781428635137444
2WNM.pdb,E34R,33,-0.833881150838601,-0.35715806,0.4767230859963769,0.4767230859963769
2WNM.pdb,E34K,33,-0.7786040198565729,-0.26776034,0.5108436834574945,0.5108436834574945
2WNM.pdb,E34T,33,-0.0112298952338285,0.13002713,0.14125702547999092,0.14125702547999092
2WNM.pdb,E34S,33,-0.0704713295267485,0.118971005,0.18944233460887894,0.18944233460887894
2WNM.pdb,E34A,33,-0.5802296692125006,-0.1373537,0.4428759658328696,0.4428759658328696
2WNM.pdb,E34G,33,0.438211942660772,0.4275805,-0.010631437051259685,0.010631437051259685
2WNM.pdb,E34M,33,-0.52721371577567,-0.18649934,0.34071437345332045,0.34071437345332045
2WNM.pdb,E34L,33,-0.2688138572793628,-0.09836686,0.1704470007043506,0.1704470007043506
2WNM.pdb,E34V,33,-0.0258472134635243,0.050277162,0.07612437580678792,0.07612437580678792
2WNM.pdb,E34I,33,-0.2780975801207237,-0.09701057,0.18108701233641433,0.18108701233641433
2WNM.pdb,E34W,33,-0.3462122193801304,0.0060327463,0.35224496566533053,0.35224496566533053
2WNM.pdb,E34Y,33,-0.2635733856162443,-0.04732177,0.2162516152760401,0.2162516152760401
2WNM.pdb,E34F,33,-0.3378007624659975,0.019837111,0.3576378737006624,0.3576378737006624
2WNM.pdb,E34P,33,2.163865012986035,1.7316103,-0.43225471482929656,0.43225471482929656
2WNM.pdb,E34C,33,-0.0736369601372444,-0.20533971,-0.13170275474751358,0.13170275474751358
2WNM.pdb,L35Q,34,0.3969890113528556,0.42511696,0.02812794488112269,0.02812794488112269
2WNM.pdb,L35E,34,1.3300975554920296,0.8252733,-0.5048242801166634,0.5048242801166634
2WNM.pdb,L35N,34,1.2357313372481569,1.0802723,-0.15545902031547865,0.15545902031547865
2WNM.pdb,L35H,34,1.009375851211762,0.7770657,-0.2323101568796393,0.2323101568796393
2WNM.pdb,L35D,34,1.8192526869442849,1.3399935,-0.4792592100766091,0.4792592100766091
2WNM.pdb,L35R,34,0.1463560308659079,0.37618068,0.22982464774012543,0.22982464774012543
2WNM.pdb,L35K,34,-0.1178190676209993,0.35556972,0.4733887878892488,0.4733887878892488
2WNM.pdb,L35T,34,0.6915170836214628,0.71901166,0.027494580769101162,0.027494580769101162
2WNM.pdb,L35S,34,1.0005216170112738,0.8808792,-0.11964239366456364,0.11964239366456364
2WNM.pdb,L35A,34,0.6855692034870073,0.5137101,-0.1718591219097063,0.1718591219097063
2WNM.pdb,L35G,34,1.8526200885364688,1.243388,-0.6092320317814028,0.6092320317814028
2WNM.pdb,L35M,34,0.1843065800611238,0.15274644,-0.03156014108102126,0.03156014108102126
2WNM.pdb,L35V,34,0.5033267063848461,0.52679205,0.023465343023112872,0.023465343023112872
2WNM.pdb,L35I,34,-0.0658088195997788,0.206404,0.272212820120485,0.272212820120485
2WNM.pdb,L35W,34,0.4829083751276979,0.5773694,0.09446101679048446,0.09446101679048446
2WNM.pdb,L35Y,34,0.2883129144705809,0.54173225,0.25341933717355364,0.25341933717355364
2WNM.pdb,L35F,34,0.2898036916012083,0.5402752,0.2504715245013918,0.2504715245013918
2WNM.pdb,L35P,34,2.4471472143329343,2.1887867,-0.2583604692615231,0.2583604692615231
2WNM.pdb,L35C,34,0.6119196731143637,0.288951,-0.32296866360241605,0.32296866360241605
2WNM.pdb,A36Q,35,1.827653181550611,1.9925393,0.1648861050628534,0.1648861050628534
2WNM.pdb,A36E,35,2.238542419558799,2.3345315,0.09598912608023902,0.09598912608023902
2WNM.pdb,A36N,35,2.3307423201357853,2.493112,0.16236976711397055,0.16236976711397055
2WNM.pdb,A36H,35,2.298018300990396,2.0870032,-0.21101506994181207,0.21101506994181207
2WNM.pdb,A36D,35,2.5767785810846062,2.7478333,0.17105467086851878,0.17105467086851878
2WNM.pdb,A36R,35,1.9608981210079568,2.1198354,0.15893725573154516,0.15893725573154516
2WNM.pdb,A36K,35,2.405147143898801,2.2679605,-0.1371865954979219,0.1371865954979219
2WNM.pdb,A36T,35,1.588828291967861,1.5034995,-0.08532878406380817,0.08532878406380817
2WNM.pdb,A36S,35,1.572776233362138,1.3278034,-0.24497286002534602,0.24497286002534602
2WNM.pdb,A36G,35,1.8663962208081304,1.7380943,-0.12830189097414602,0.12830189097414602
2WNM.pdb,A36M,35,1.1979024427646785,0.9457209,-0.2521815317386775,0.2521815317386775
2WNM.pdb,A36L,35,0.6693936983572837,0.8103622,0.14096852145320216,0.14096852145320216
2WNM.pdb,A36V,35,0.8836221396604227,0.84998775,-0.03363439437538851,0.03363439437538851
2WNM.pdb,A36I,35,1.038191858919973,0.6768837,-0.3613081614102074,0.3613081614102074
2WNM.pdb,A36W,35,1.548321709351252,1.0937188,-0.4546029421851143,0.4546029421851143
2WNM.pdb,A36Y,35,1.687642576735447,1.1658237,-0.5218188786916238,0.5218188786916238
2WNM.pdb,A36F,35,1.2409403832010455,1.0276384,-0.21330194783727596,0.21330194783727596
2WNM.pdb,A36P,35,1.8857858893240216,2.5624685,0.676682639423537,0.676682639423537
2WNM.pdb,A36C,35,0.6814912653564982,0.6667376,-0.01475364929433387,0.01475364929433387
2WNM.pdb,E37Q,36,-0.2978107338144582,-0.27100474,0.026805997390965786,0.026805997390965786
2WNM.pdb,E37N,36,-0.0150068364979172,-0.06218086,-0.04717402533279416,0.04717402533279416
2WNM.pdb,E37H,36,0.132696732033275,-0.36305457,-0.4957513055691942,0.4957513055691942
2WNM.pdb,E37D,36,1.4022334285418765,0.6682516,-0.7339818545024173,0.7339818545024173
2WNM.pdb,E37R,36,-0.7784223234410512,-0.6378361,0.14058622477009175,0.14058622477009175
2WNM.pdb,E37K,36,-0.8494115055927551,-0.32556906,0.523842442167691,0.523842442167691
2WNM.pdb,E37T,36,0.0358652461931914,-0.108192556,-0.1440578017995566,0.1440578017995566
2WNM.pdb,E37S,36,0.0707130809535101,0.06663053,-0.004082553576381501,0.004082553576381501
2WNM.pdb,E37A,36,0.1581644144007912,0.054722622,-0.10344179236385731,0.10344179236385731
2WNM.pdb,E37G,36,0.9437612548675188,0.6312586,-0.31250264795681326,0.31250264795681326
2WNM.pdb,E37M,36,-0.4200308019863441,-0.4577387,-0.037707895542494985,0.037707895542494985
2WNM.pdb,E37L,36,-0.3606616415371615,-0.41933414,-0.058672501863030746,0.058672501863030746
2WNM.pdb,E37V,36,-0.2038847023519983,-0.4209115,-0.21702678856520752,0.21702678856520752
2WNM.pdb,E37I,36,-0.6445169215194833,-0.48949534,0.15502158451005332,0.15502158451005332
2WNM.pdb,E37W,36,-0.1690629236628007,-0.53268707,-0.36362414432273393,0.36362414432273393
2WNM.pdb,E37Y,36,-0.310160430228231,-0.6099467,-0.29978629752445457,0.29978629752445457
2WNM.pdb,E37F,36,-0.0613211767583612,-0.41579694,-0.3544757587999579,0.3544757587999579
2WNM.pdb,E37P,36,2.0163981332471543,1.7677505,-0.2486476316144639,0.2486476316144639
2WNM.pdb,E37C,36,0.0747970105428037,-0.59207875,-0.6668757559079466,0.6668757559079466
2WNM.pdb,W38Q,37,-0.5439834393744611,0.21944904,0.7634324826483869,0.7634324826483869
2WNM.pdb,W38E,37,-0.1689085101116307,0.45250255,0.6214110588062413,0.6214110588062413
2WNM.pdb,W38N,37,-0.2010174962199418,0.32499138,0.5260088714278428,0.5260088714278428
2WNM.pdb,W38H,37,-0.1360457261375565,0.20886472,0.3449104448131699,0.3449104448131699
2WNM.pdb,W38D,37,0.1688004704526107,0.6070619,0.4382614520975907,0.4382614520975907
2WNM.pdb,W38R,37,-0.8482536595613794,0.10598953,0.9542431902439432,0.9542431902439432
2WNM.pdb,W38K,37,-0.7097679097809095,0.054941654,0.7647095639862318,0.7647095639862318
2WNM.pdb,W38T,37,-0.1774546343358611,0.3107936,0.4882482427629088,0.4882482427629088
2WNM.pdb,W38S,37,-0.4034861557119331,0.2970314,0.7005175582998238,0.7005175582998238
2WNM.pdb,W38A,37,-0.5425352940533723,0.07458264,0.6171179304097261,0.6171179304097261
2WNM.pdb,W38G,37,-0.0059474384312769,0.52612215,0.5320695912366052,0.5320695912366052
2WNM.pdb,W38M,37,-0.4279313326551843,0.092059985,0.5199913174583841,0.5199913174583841
2WNM.pdb,W38L,37,-0.4027905964251572,0.13859075,0.5413813495036179,0.5413813495036179
2WNM.pdb,W38V,37,0.0955110548968947,0.38737538,0.2918643296722734,0.2918643296722734
2WNM.pdb,W38I,37,-0.1744546141463452,0.1715637,0.34601831398784455,0.34601831398784455
2WNM.pdb,W38Y,37,-0.0940041388736028,0.15570758,0.24971172170498557,0.24971172170498557
2WNM.pdb,W38F,37,-0.0841140583391744,0.06866132,0.15277537556844534,0.15277537556844534
2WNM.pdb,W38P,37,2.018824203838029,1.416769,-0.6020551761280681,0.6020551761280681
2WNM.pdb,W38C,37,0.4859599047700129,-0.08331671,-0.5692766183415614,0.5692766183415614
2WNM.pdb,Q39E,38,0.2555554810493587,0.39227593,0.13672044840163006,0.13672044840163006
2WNM.pdb,Q39N,38,0.7334339670207404,0.6560105,-0.0774234584834479,0.0774234584834479
2WNM.pdb,Q39H,38,0.157966660743607,0.13989761,-0.01806904602612347,0.01806904602612347
2WNM.pdb,Q39D,38,1.1168492640893637,0.94608784,-0.1707614268701254,0.1707614268701254
2WNM.pdb,Q39R,38,0.0938981715873708,-0.1065713,-0.20046947340526478,0.20046947340526478
2WNM.pdb,Q39K,38,-0.1269013047605467,-0.05153179,0.07536951307353498,0.07536951307353498
2WNM.pdb,Q39S,38,0.5056875362512185,0.35402036,-0.15166717911926053,0.15166717911926053
2WNM.pdb,Q39A,38,0.0513548326174135,0.032085672,-0.019269160596501328,0.019269160596501328
2WNM.pdb,Q39G,38,0.850384151269191,0.79559517,-0.05478898220180817,0.05478898220180817
2WNM.pdb,Q39M,38,-0.6895482343841941,-0.37142926,0.31811896983875343,0.31811896983875343
2WNM.pdb,Q39L,38,-0.9206257724863098,-0.39694417,0.5236816072565125,0.5236816072565125
2WNM.pdb,Q39V,38,-0.2475881698058684,-0.08075364,0.1668345304654677,0.1668345304654677
2WNM.pdb,Q39I,38,-0.6948607761034844,-0.41739434,0.27746643606518484,0.27746643606518484
2WNM.pdb,Q39W,38,-0.4850382649412199,-0.27717382,0.20786444778347452,0.20786444778347452
2WNM.pdb,Q39Y,38,-0.5163652760982664,-0.33933228,0.17703299355508406,0.17703299355508406
2WNM.pdb,Q39F,38,-0.545169250800353,-0.30782354,0.23734571202014054,0.23734571202014054
2WNM.pdb,Q39P,38,1.7078503336246846,1.7955021,0.08765173298755902,0.08765173298755902
2WNM.pdb,Q39C,38,-0.5389914941860132,-0.3377573,0.20123420477637577,0.20123420477637577
2WNM.pdb,Y40Q,39,1.4747031227462335,2.492933,1.018229912150617,1.018229912150617
2WNM.pdb,Y40E,39,1.607277043102163,2.6560235,1.0487464592476905,1.0487464592476905
2WNM.pdb,Y40N,39,1.326953187029973,2.4231634,1.096210226971492,1.096210226971492
2WNM.pdb,Y40H,39,1.3331288535135384,1.6617166,0.3285877268773918,0.3285877268773918
2WNM.pdb,Y40D,39,1.5574201319690164,2.4587142,0.9012941147808615,0.9012941147808615
2WNM.pdb,Y40R,39,0.2110973244288052,2.4481604,2.237063085498563,2.237063085498563
2WNM.pdb,Y40K,39,1.7529624172734604,2.8032036,1.0502411654902115,1.0502411654902115
2WNM.pdb,Y40T,39,0.8570772798193436,2.570181,1.7131036131249924,1.7131036131249924
2WNM.pdb,Y40S,39,1.3959278166828746,2.5175912,1.121663421338976,1.121663421338976
2WNM.pdb,Y40A,39,1.2476714653903294,2.627168,1.3794964747494411,1.3794964747494411
2WNM.pdb,Y40G,39,1.4103085166735596,2.4171927,1.0068841808514648,1.0068841808514648
2WNM.pdb,Y40M,39,1.4357134846213253,2.2855327,0.8498192283150761,0.8498192283150761
2WNM.pdb,Y40L,39,1.414647836648521,2.195293,0.7806451130279928,0.7806451130279928
2WNM.pdb,Y40V,39,1.0280553750072492,2.4441729,1.4161174841846453,1.4161174841846453
2WNM.pdb,Y40I,39,1.288960282914687,2.3769274,1.0879670928787701,1.0879670928787701
2WNM.pdb,Y40W,39,-0.5201040020438916,0.8398477,1.3599516859504468,1.3599516859504468
2WNM.pdb,Y40F,39,0.1377146633663795,0.5339972,0.39628251471131826,0.39628251471131826
2WNM.pdb,Y40P,39,1.628066591506418,2.5995636,0.9714970071263944,0.9714970071263944
2WNM.pdb,Y40C,39,0.9067111301582548,1.7598091,0.8530980062324313,0.8530980062324313
2WNM.pdb,V41Q,40,0.2490569895761107,0.3080277,0.05897072491477981,0.05897072491477981
2WNM.pdb,V41E,40,0.6158958121086018,0.4691798,-0.14671600301512644,0.14671600301512644
2WNM.pdb,V41N,40,-0.1966566320726004,0.48989427,0.686550902969512,0.686550902969512
2WNM.pdb,V41H,40,0.0193897716722197,0.39097002,0.3715802498140626,0.3715802498140626
2WNM.pdb,V41D,40,1.334866334296937,0.70230633,-0.6325600040929269,0.6325600040929269
2WNM.pdb,V41R,40,0.151849726362236,0.1618539,0.010004168229095473,0.010004168229095473
2WNM.pdb,V41K,40,-0.1718128932326812,0.16858332,0.3403962118237991,0.3403962118237991
2WNM.pdb,V41T,40,0.1911118920933061,0.14423189,-0.04688000642169049,0.04688000642169049
2WNM.pdb,V41S,40,0.0929933169230259,0.41145593,0.31846261235630147,0.31846261235630147
2WNM.pdb,V41A,40,0.0102080505940431,0.3561,0.34589194239645066,0.34589194239645066
2WNM.pdb,V41G,40,-0.5763165561297314,0.81447387,1.3907904235461133,1.3907904235461133
2WNM.pdb,V41M,40,0.4241799216361643,0.18536219,-0.23881773162800085,0.23881773162800085
2WNM.pdb,V41L,40,0.0746042673546827,0.048466504,-0.026137763734534997,0.026137763734534997
2WNM.pdb,V41I,40,0.244064641913809,-0.10079503,-0.34485967250768107,0.34485967250768107
2WNM.pdb,V41W,40,0.1493320299405947,0.20019697,0.05086493658829783,0.05086493658829783
2WNM.pdb,V41Y,40,0.8503522099587542,0.19919051,-0.6511616976592165,0.6511616976592165
2WNM.pdb,V41F,40,0.6849678152859877,0.24463268,-0.44033513904220567,0.44033513904220567
2WNM.pdb,V41P,40,0.8020057329595709,1.2561406,0.4541348567544794,0.4541348567544794
2WNM.pdb,V41C,40,0.8857044000636756,0.10989913,-0.7758052666198432,0.7758052666198432
2WNM.pdb,P42Q,41,0.4277907625334975,0.58466905,0.1568782910210374,0.1568782910210374
2WNM.pdb,P42E,41,0.4369585923227754,0.62168485,0.18472625693946215,0.18472625693946215
2WNM.pdb,P42N,41,0.3774186452953643,0.5170603,0.13964163455082712,0.13964163455082712
2WNM.pdb,P42H,41,0.1267550643119825,0.5599212,0.43316614073181026,0.43316614073181026
2WNM.pdb,P42D,41,0.5982104683022429,0.6682046,0.06999413727713333,0.06999413727713333
2WNM.pdb,P42R,41,-0.0106874545526203,0.65036607,0.6610535224389729,0.6610535224389729
2WNM.pdb,P42K,41,0.2260644081749019,0.57278216,0.3467177506767216,0.3467177506767216
2WNM.pdb,P42T,41,0.2386764875542946,0.68968624,0.45100975121142195,0.45100975121142195
2WNM.pdb,P42S,41,0.1967994702283158,0.47289786,0.27609838719928126,0.27609838719928126
2WNM.pdb,P42A,41,-0.0582132123099965,0.5863031,0.6445163272010488,0.6445163272010488
2WNM.pdb,P42G,41,0.1906630561555395,0.5871547,0.3964916302954188,0.3964916302954188
2WNM.pdb,P42M,41,0.365067404986001,0.56720185,0.20213444781246093,0.20213444781246093
2WNM.pdb,P42L,41,0.2625292863531188,0.57049286,0.30796357730197155,0.30796357730197155
2WNM.pdb,P42V,41,0.4447198938127634,0.72026044,0.2755405474904898,0.2755405474904898
2WNM.pdb,P42I,41,0.3787132213092956,0.7538122,0.37509897256124886,0.37509897256124886
2WNM.pdb,P42W,41,-0.0266130514004911,0.6036794,0.6302924699643339,0.6302924699643339
2WNM.pdb,P42Y,41,0.3791864516413739,0.59776413,0.21857768276566958,0.21857768276566958
2WNM.pdb,P42F,41,0.3165900369930199,0.65557665,0.3389866093349525,0.3389866093349525
2WNM.pdb,P42C,41,0.2489333825798123,0.31367564,0.06474225943373751,0.06474225943373751
2WNM.pdb,A43Q,42,-0.4678985121610823,-0.33435306,0.13354545263082412,0.13354545263082412
2WNM.pdb,A43E,42,0.215789905156317,0.1413824,-0.0744075089351561,0.0744075089351561
2WNM.pdb,A43N,42,0.289108295053746,0.32456973,0.035461436897013865,0.035461436897013865
2WNM.pdb,A43H,42,0.0144736730322199,0.15052849,0.13605481751114556,0.13605481751114556
2WNM.pdb,A43D,42,0.3400781262841961,0.66823673,0.32815860619871406,0.32815860619871406
2WNM.pdb,A43R,42,-0.1338172294007322,-0.130231,0.003586236368276763,0.003586236368276763
2WNM.pdb,A43K,42,-0.2695158358105871,-0.28612778,-0.0166119400969294,0.0166119400969294
2WNM.pdb,A43T,42,1.0862351066754932,0.35340175,-0.7328333563493366,0.7328333563493366
2WNM.pdb,A43S,42,0.3567361781647955,0.3069662,-0.04976999259503234,0.04976999259503234
2WNM.pdb,A43G,42,0.6031577807794117,0.52124023,-0.08191754640441173,0.08191754640441173
2WNM.pdb,A43M,42,-0.7302424980576498,-0.36038873,0.3698537720616324,0.3698537720616324
2WNM.pdb,A43L,42,-1.1283399096720093,-0.41930827,0.7090316346876495,0.7090316346876495
2WNM.pdb,A43V,42,0.5206439901411462,0.18851566,-0.3321283269941735,0.3321283269941735
2WNM.pdb,A43I,42,0.2708574691426406,5.401671e-05,-0.2708034524333129,0.2708034524333129
2WNM.pdb,A43W,42,-0.6454698885525949,0.30329108,0.948760970934797,0.948760970934797
2WNM.pdb,A43Y,42,-0.4360246799708611,0.3371355,0.7731601737262017,0.7731601737262017
2WNM.pdb,A43F,42,-0.4211266810060725,0.25093645,0.6720631295801387,0.6720631295801387
2WNM.pdb,A43P,42,1.0717875310380496,1.5258979,0.454110329488989,0.454110329488989
2WNM.pdb,A43C,42,-0.8143471403103248,-0.24810365,0.5662434918861763,0.5662434918861763
2WNM.pdb,G44Q,43,1.8971517707356749,1.2090262,-0.6881255532750425,0.6881255532750425
2WNM.pdb,G44E,43,1.931533049416902,1.3871622,-0.5443708408597732,0.5443708408597732
2WNM.pdb,G44N,43,1.8091521964646329,0.987167,-0.821985195694064,0.821985195694064
2WNM.pdb,G44H,43,2.1669704478124525,1.153542,-1.013428406033888,1.013428406033888
2WNM.pdb,G44D,43,1.6396189792786708,1.1288728,-0.5107462270890346,0.5107462270890346
2WNM.pdb,G44R,43,2.308344830660009,1.4681358,-0.8402089969197748,0.8402089969197748
2WNM.pdb,G44K,43,2.4933780508155245,1.3250778,-1.1683002786750216,1.1683002786750216
2WNM.pdb,G44T,43,2.805546845260887,1.6070449,-1.1985019100344467,1.1985019100344467
2WNM.pdb,G44S,43,2.334610242401617,1.2365693,-1.0980409570088558,1.0980409570088558
2WNM.pdb,G44A,43,1.8973175637808528,1.3834186,-0.5138990037527766,0.5138990037527766
2WNM.pdb,G44M,43,2.041224435185077,1.3379891,-0.7032353433119081,0.7032353433119081
2WNM.pdb,G44L,43,2.0016119875386784,1.3608646,-0.6407473482564519,0.6407473482564519
2WNM.pdb,G44V,43,2.581984916565666,1.8366302,-0.7453546913840863,0.7453546913840863
2WNM.pdb,G44I,43,2.276618078919682,1.9010484,-0.3755696570599407,0.3755696570599407
2WNM.pdb,G44W,43,1.7226141047966606,1.321057,-0.4015571427834159,0.4015571427834159
2WNM.pdb,G44Y,43,1.9523931411751885,1.2664946,-0.6858985094079155,0.6858985094079155
2WNM.pdb,G44F,43,1.7524675512278942,1.1029022,-0.6495653772319225,0.6495653772319225
2WNM.pdb,G44P,43,2.703520440579688,1.8949249,-0.8085955615055913,0.8085955615055913
2WNM.pdb,G44C,43,1.4093359609539955,0.7359962,-0.6733397742207496,0.6733397742207496
2WNM.pdb,F45Q,44,2.443457227263273,1.4008524,-1.0426047854755534,1.0426047854755534
2WNM.pdb,F45E,44,2.363191644460424,1.6322992,-0.7308924596612298,0.7308924596612298
2WNM.pdb,F45N,44,2.247940673091239,1.5933318,-0.6546088592789832,0.6546088592789832
2WNM.pdb,F45H,44,1.82691858535432,1.0699672,-0.7569514346661486,0.7569514346661486
2WNM.pdb,F45D,44,2.284019321307979,1.7800512,-0.5039680899237018,0.5039680899237018
2WNM.pdb,F45R,44,1.90940793561476,1.5953801,-0.3140278677894426,0.3140278677894426
2WNM.pdb,F45K,44,2.1190468224808967,1.4479079,-0.6711388978287971,0.6711388978287971
2WNM.pdb,F45T,44,2.51366455861033,1.2982085,-1.2154560834974149,1.2154560834974149
2WNM.pdb,F45A,44,1.7153844329801011,1.0620575,-0.6533269378629136,0.6533269378629136
2WNM.pdb,F45G,44,1.9676575104903544,1.3412344,-0.626423064918455,0.626423064918455
2WNM.pdb,F45M,44,0.8937148613605235,0.6097045,-0.2840103668842051,0.2840103668842051
2WNM.pdb,F45L,44,1.1999889796682792,0.6806141,-0.519374865860601,0.519374865860601
2WNM.pdb,F45V,44,2.039705596913905,0.94087934,-1.0988262519737195,1.0988262519737195
2WNM.pdb,F45I,44,2.200008384113548,0.7611402,-1.438868156795738,1.438868156795738
2WNM.pdb,F45W,44,0.5607751015458955,0.14817923,-0.41259586847170726,0.41259586847170726
2WNM.pdb,F45Y,44,-0.1361878195489181,0.26584834,0.4020361581528915,0.4020361581528915
2WNM.pdb,F45P,44,2.5426152924303107,1.8146198,-0.7279955128435187,0.7279955128435187
2WNM.pdb,F45C,44,1.3196741610768543,0.3774218,-0.9422523647549854,0.9422523647549854
2WNM.pdb,E46Q,45,-0.2839268159889587,-0.38571697,-0.10179015874630132,0.10179015874630132
2WNM.pdb,E46N,45,0.1160797550206478,-0.09042087,-0.20650062699368552,0.20650062699368552
2WNM.pdb,E46H,45,0.0248288325605448,-0.22180146,-0.24663029234982092,0.24663029234982092
2WNM.pdb,E46D,45,0.541358997145295,0.49055356,-0.05080543927252279,0.05080543927252279
2WNM.pdb,E46R,45,-0.584005305960118,-0.6669923,-0.08298700074917154,0.08298700074917154
2WNM.pdb,E46K,45,-0.6131157796397169,-0.5941787,0.018937103034492253,0.018937103034492253
2WNM.pdb,E46T,45,-0.3171858277795643,-0.5733107,-0.25612484545728265,0.25612484545728265
2WNM.pdb,E46S,45,0.1794230330112709,-0.19508912,-0.37451214970381397,0.37451214970381397
2WNM.pdb,E46A,45,0.1050532678935551,-0.08163704,-0.18669030767417186,0.18669030767417186
2WNM.pdb,E46G,45,1.038362329424772,0.39767653,-0.6406858019246193,0.6406858019246193
2WNM.pdb,E46M,45,-0.1759254018229064,-0.32329214,-0.1473667343694154,0.1473667343694154
2WNM.pdb,E46L,45,-0.0194475981658079,-0.24296546,-0.2235178616578005,0.2235178616578005
2WNM.pdb,E46V,45,-0.6046287579752443,-0.48601186,0.11861689522042251,0.11861689522042251
2WNM.pdb,E46I,45,-0.689510185003825,-0.5494606,0.14004959511811332,0.14004959511811332
2WNM.pdb,E46W,45,-0.4786075818288684,-0.115311265,0.36329631683710817,0.36329631683710817
2WNM.pdb,E46Y,45,-0.05776430147574,-0.1696219,-0.11185759824826666,0.11185759824826666
2WNM.pdb,E46F,45,0.069316384029515,-0.1765935,-0.24590988142503045,0.24590988142503045
2WNM.pdb,E46P,45,1.9738294063350204,1.1151876,-0.8586417613765243,0.8586417613765243
2WNM.pdb,E46C,45,0.0506985718223123,-0.43489182,-0.48559039177623076,0.48559039177623076
2WNM.pdb,V47Q,46,2.296090763936391,2.0486946,-0.24739615334068787,0.24739615334068787
2WNM.pdb,V47E,46,2.1481377952658005,1.9789102,-0.16922758751738742,0.16922758751738742
2WNM.pdb,V47N,46,1.9852788651594475,2.0993867,0.11410782688767163,0.11410782688767163
2WNM.pdb,V47H,46,0.9681455095733248,1.8675373,0.8993917504822172,0.8993917504822172
2WNM.pdb,V47D,46,1.877783066052385,2.1185334,0.24075030682664322,0.24075030682664322
2WNM.pdb,V47R,46,2.4348756102050277,2.2609673,-0.17390835556635587,0.17390835556635587
2WNM.pdb,V47K,46,2.2814251160337107,2.0210567,-0.2603684639646189,0.2603684639646189
2WNM.pdb,V47T,46,2.088069898947097,1.3810668,-0.7070030997832788,0.7070030997832788
2WNM.pdb,V47S,46,2.1168726890692864,2.0779183,-0.03895439797736744,0.03895439797736744
2WNM.pdb,V47A,46,1.8614134490016736,1.4581703,-0.4032431542400159,0.4032431542400159
2WNM.pdb,V47G,46,2.331616400023312,1.8054599,-0.5261565430363127,0.5261565430363127
2WNM.pdb,V47M,46,2.0947004913390064,1.3351904,-0.7595100759566211,0.7595100759566211
2WNM.pdb,V47L,46,1.1733120170024067,0.8325535,-0.34075851110488475,0.34075851110488475
2WNM.pdb,V47I,46,0.2560401112018664,0.37808812,0.12204800544394656,0.12204800544394656
2WNM.pdb,V47W,46,1.4142587738208905,1.4391644,0.024905626279817517,0.024905626279817517
2WNM.pdb,V47Y,46,2.1018960402830373,1.4915694,-0.6103266404493581,0.6103266404493581
2WNM.pdb,V47F,46,2.00904994563624,1.2590139,-0.7500360544161473,0.7500360544161473
2WNM.pdb,V47P,46,1.8252809563244607,1.5457947,-0.2794862309063699,0.2794862309063699
2WNM.pdb,V47C,46,1.584395416498467,0.8187622,-0.765633233309075,0.765633233309075
2WNM.pdb,T48Q,47,1.4096308371471644,0.35387397,-1.0557568690227748,1.0557568690227748
2WNM.pdb,T48E,47,1.88599884679731,1.0839175,-0.8020813482087479,0.8020813482087479
2WNM.pdb,T48N,47,1.4312319285177677,0.7845825,-0.6466494328283756,0.6466494328283756
2WNM.pdb,T48H,47,1.435988005368738,0.6489384,-0.7870495879340456,0.7870495879340456
2WNM.pdb,T48D,47,1.8986652335247105,1.5417688,-0.35689644423332867,0.35689644423332867
2WNM.pdb,T48R,47,0.7958966754013799,-0.15270415,-0.9486008248860143,0.9486008248860143
2WNM.pdb,T48K,47,0.3168474452638956,-0.07716456,-0.3940120058203073,0.3940120058203073
2WNM.pdb,T48S,47,0.8867634272018936,0.54693717,-0.3398262595573929,0.3398262595573929
2WNM.pdb,T48A,47,1.2591738767177487,0.66135573,-0.5978181428462888,0.5978181428462888
2WNM.pdb,T48G,47,1.807561952485385,1.1599828,-0.6475791520016814,0.6475791520016814
2WNM.pdb,T48M,47,0.688253275713971,0.28803903,-0.4002142470694092,0.4002142470694092
2WNM.pdb,T48L,47,0.4522884333012671,0.26457793,-0.1877105080960364,0.1877105080960364
2WNM.pdb,T48V,47,-0.1151628597386644,0.012259841,0.1274227007039354,0.1274227007039354
2WNM.pdb,T48I,47,-0.1399257466827972,-0.13326302,0.006662724975262407,0.006662724975262407
2WNM.pdb,T48W,47,1.6149345486911773,0.6825554,-0.9323791712078093,0.9323791712078093
2WNM.pdb,T48Y,47,1.7205944797142654,0.62092644,-1.09966803995215,1.09966803995215
2WNM.pdb,T48F,47,1.832475600481642,0.5484741,-1.2840015270716079,1.2840015270716079
2WNM.pdb,T48P,47,1.5799398722696965,1.4539616,-0.12597826147562907,0.12597826147562907
2WNM.pdb,T48C,47,1.6793844667947309,0.22868153,-1.4507029322659986,1.4507029322659986
2WNM.pdb,R49Q,48,0.0927519877205211,-0.16902554,-0.26177752807238874,0.26177752807238874
2WNM.pdb,R49E,48,0.511460448914483,-0.23978439,-0.7512448386487511,0.7512448386487511
2WNM.pdb,R49N,48,-0.4117559928776644,-0.07060487,0.3411511246444605,0.3411511246444605
2WNM.pdb,R49H,48,-0.1587256496264943,0.023108289,0.18183393827223862,0.18183393827223862
2WNM.pdb,R49D,48,0.3105961273946609,-0.14917248,-0.45976861226938626,0.45976861226938626
2WNM.pdb,R49K,48,-0.1132543514288402,0.0830095,0.19626384776005512,0.19626384776005512
2WNM.pdb,R49T,48,0.3947449806301102,0.074224964,-0.3205200168458924,0.3205200168458924
2WNM.pdb,R49S,48,-0.4159062287339381,-0.0865301,0.3293761319050006,0.3293761319050006
2WNM.pdb,R49A,48,-0.2759712243661636,-0.19559872,0.08037250286195219,0.08037250286195219
2WNM.pdb,R49G,48,-0.2179763608523117,0.37777093,0.5957472913809525,0.5957472913809525
2WNM.pdb,R49M,48,-0.2821666599319021,-0.020300575,0.26186608533120553,0.26186608533120553
2WNM.pdb,R49L,48,-0.017319464783664,0.005368784,0.022688248853678955,0.022688248853678955
2WNM.pdb,R49V,48,0.4919167628573797,0.21526599,-0.2766507735537908,0.2766507735537908
2WNM.pdb,R49I,48,0.4382599637617108,0.16453496,-0.27372500754489865,0.27372500754489865
2WNM.pdb,R49W,48,0.3042078260438909,-0.0007400736,-0.30494789966516395,0.30494789966516395
2WNM.pdb,R49Y,48,0.0872666186151018,0.055812694,-0.03145392448277376,0.03145392448277376
2WNM.pdb,R49F,48,-0.103438741845165,0.22659531,0.33003405420211385,0.33003405420211385
2WNM.pdb,R49P,48,2.061343627149665,1.4737947,-0.587548928434455,0.587548928434455
2WNM.pdb,R49C,48,0.5405299629943499,-0.23581582,-0.7763457860725054,0.7763457860725054
2WNM.pdb,V50Q,49,2.370316382548105,2.140338,-0.22997843851734334,0.22997843851734334
2WNM.pdb,V50E,49,2.486189896481061,2.2053707,-0.2808192318845033,0.2808192318845033
2WNM.pdb,V50N,49,2.5553440239264797,2.0215034,-0.5338405754401516,0.5338405754401516
2WNM.pdb,V50H,49,2.264444302333658,1.8198442,-0.44460005642301326,0.44460005642301326
2WNM.pdb,V50D,49,2.591295625912721,2.1499925,-0.4413031599398205,0.4413031599398205
2WNM.pdb,V50R,49,2.196105667000228,2.3006902,0.10458450710255507,0.10458450710255507
2WNM.pdb,V50K,49,2.369759515419925,2.1675425,-0.20221705783935873,0.20221705783935873
2WNM.pdb,V50T,49,1.919362277304457,1.3700963,-0.5492659514301284,0.5492659514301284
2WNM.pdb,V50S,49,2.146426321173355,1.871277,-0.2751493464953154,0.2751493464953154
2WNM.pdb,V50A,49,1.857057631664276,1.0974717,-0.7595859176445006,0.7595859176445006
2WNM.pdb,V50G,49,2.053412800213602,1.674926,-0.37848675765683915,0.37848675765683915
2WNM.pdb,V50M,49,0.7561852687355615,1.2954016,0.5392163044455909,0.5392163044455909
2WNM.pdb,V50L,49,0.6119466860291918,0.9570937,0.34514702963853283,0.34514702963853283
2WNM.pdb,V50I,49,-0.25735569232998,0.34526384,0.6026195310979854,0.6026195310979854
2WNM.pdb,V50W,49,1.6117066665276083,1.4834557,-0.12825100856862393,0.12825100856862393
2WNM.pdb,V50Y,49,1.7603865421000218,1.3866482,-0.37373836399943583,0.37373836399943583
2WNM.pdb,V50F,49,1.6161182133732608,1.1859593,-0.4301588742314151,0.4301588742314151
2WNM.pdb,V50P,49,2.32784336733313,1.6204933,-0.7073500745245971,0.7073500745245971
2WNM.pdb,V50C,49,2.3930335184882323,0.7053964,-1.6876371046851317,1.6876371046851317
2WNM.pdb,R51Q,50,0.7650606544541074,-0.263236,-1.028296640686865,1.028296640686865
2WNM.pdb,R51E,50,0.6552312616097458,-0.3653838,-1.0206150654541977,1.0206150654541977
2WNM.pdb,R51N,50,1.3294732013977972,0.16985555,-1.159617651466271,1.159617651466271
2WNM.pdb,R51H,50,0.8131696273437492,0.006352626,-0.806817001556491,0.806817001556491
2WNM.pdb,R51D,50,1.2964652612271197,0.10708386,-1.189381404167641,1.189381404167641
2WNM.pdb,R51K,50,0.9557320338301768,0.07311551,-0.8826165211014857,0.8826165211014857
2WNM.pdb,R51T,50,0.5231684201399942,-0.31403565,-0.8372040742079874,0.8372040742079874
2WNM.pdb,R51S,50,0.8233388584158086,0.011584327,-0.8117545317909383,0.8117545317909383
2WNM.pdb,R51A,50,0.8436665381106212,0.064750716,-0.7789158220204189,0.7789158220204189
2WNM.pdb,R51G,50,1.015720042606829,0.7586354,-0.25708464088105987,0.25708464088105987
2WNM.pdb,R51M,50,0.5937397076330577,-0.27298105,-0.8667207552633678,0.8667207552633678
2WNM.pdb,R51L,50,0.6149754772782647,-0.18205628,-0.7970317552686059,0.7970317552686059
2WNM.pdb,R51V,50,0.0718238021821959,-0.3843761,-0.45619991082858874,0.45619991082858874
2WNM.pdb,R51I,50,0.2274237946281649,-0.44473535,-0.6721591428528048,0.6721591428528048
2WNM.pdb,R51W,50,0.138500247544151,-0.31142843,-0.44992867524037905,0.44992867524037905
2WNM.pdb,R51Y,50,0.1162185865210196,-0.26658723,-0.3828058141039511,0.3828058141039511
2WNM.pdb,R51F,50,0.5878556831231994,-0.18382582,-0.7716815038076323,0.7716815038076323
2WNM.pdb,R51P,50,2.830513823188024,1.7822506,-1.0482631804115345,1.0482631804115345
2WNM.pdb,R51C,50,0.9268097609749736,-0.37799883,-1.3048085898629131,1.3048085898629131
2WNM.pdb,P52Q,51,0.1649125020571018,0.28658825,0.12167574953362695,0.12167574953362695
2WNM.pdb,P52E,51,-0.2696373894832495,0.029364944,0.299002332987583,0.299002332987583
2WNM.pdb,P52N,51,0.9077761219726036,0.7617663,-0.14600980746607284,0.14600980746607284
2WNM.pdb,P52H,51,0.4331304537510907,0.40950954,-0.023620914146903704,0.023620914146903704
2WNM.pdb,P52D,51,0.840912735871824,0.6767535,-0.16415921490624785,0.16415921490624785
2WNM.pdb,P52R,51,0.3315309774266382,0.68970406,0.3581730831278662,0.3581730831278662
2WNM.pdb,P52K,51,0.5334324577695635,0.5131776,-0.02025488408868581,0.02025488408868581
2WNM.pdb,P52T,51,0.3998522404642504,0.5811198,0.18126753530784434,0.18126753530784434
2WNM.pdb,P52S,51,0.3140293477876548,0.64862144,0.33459209214612207,0.33459209214612207
2WNM.pdb,P52A,51,0.0718216808003813,0.15689307,0.08507139371210039,0.08507139371210039
2WNM.pdb,P52G,51,0.5301852896030608,0.8945371,0.3643518016521272,0.3643518016521272
2WNM.pdb,P52M,51,-0.0702453540255532,0.29391176,0.36415710911054466,0.36415710911054466
2WNM.pdb,P52L,51,-0.2002900276947343,-0.18523562,0.015054408149751397,0.015054408149751397
2WNM.pdb,P52V,51,0.0030804387838516,0.09446961,0.09138916809252169,0.09138916809252169
2WNM.pdb,P52I,51,-0.0581034372149762,0.04614848,0.10425191619980896,0.10425191619980896
2WNM.pdb,P52W,51,-0.107643555336288,-0.15382099,-0.04617743617982528,0.04617743617982528
2WNM.pdb,P52Y,51,-0.1756435748813292,0.066909954,0.24255352883316483,0.24255352883316483
2WNM.pdb,P52F,51,-0.0540389227279805,0.13762178,0.19166069799748886,0.19166069799748886
2WNM.pdb,P52C,51,0.8298586671031463,0.042850137,-0.7870085303462493,0.7870085303462493
2WNM.pdb,C53Q,52,0.6198139751498946,0.59404045,-0.02577352171590408,0.02577352171590408
2WNM.pdb,C53E,52,0.0293559724777887,0.49152455,0.462168574860697,0.462168574860697
2WNM.pdb,C53N,52,0.3711747504037008,0.4040051,0.03283035986012367,0.03283035986012367
2WNM.pdb,C53H,52,0.0593859115753354,0.37453616,0.3151502450790225,0.3151502450790225
2WNM.pdb,C53D,52,-0.6648817532555213,0.017591864,0.6824736171261421,0.6824736171261421
2WNM.pdb,C53R,52,1.6775813701161333,0.93465257,-0.7429288032063432,0.7429288032063432
2WNM.pdb,C53K,52,1.932734730238465,0.77399474,-1.1587399864144599,1.1587399864144599
2WNM.pdb,C53T,52,0.8099860244243544,0.4383484,-0.3716376119106215,0.3716376119106215
2WNM.pdb,C53S,52,0.2694642318964511,0.36750323,0.09803899390692417,0.09803899390692417
2WNM.pdb,C53A,52,-0.1942556569398084,-0.03316,0.1610956559003034,0.1610956559003034
2WNM.pdb,C53G,52,0.7357529635078801,0.59104586,-0.14470710703205003,0.14470710703205003
2WNM.pdb,C53M,52,0.5669870008233238,0.48657918,-0.08040782105952982,0.08040782105952982
2WNM.pdb,C53L,52,1.0974497620185637,0.41402382,-0.6834259454330229,0.6834259454330229
2WNM.pdb,C53V,52,0.5003236764726395,0.2687423,-0.231581383353209,0.231581383353209
2WNM.pdb,C53I,52,1.105174084350104,0.35713512,-0.7480389672961183,0.7480389672961183
2WNM.pdb,C53W,52,0.5832731798287667,0.11716223,-0.46611095219815146,0.46611095219815146
2WNM.pdb,C53Y,52,0.516103581661719,0.13541824,-0.38068534540607324,0.38068534540607324
2WNM.pdb,C53F,52,0.520728483269431,0.290052,-0.23067648656151474,0.23067648656151474
2WNM.pdb,C53P,52,1.3604715410313792,1.1849482,-0.17552333508350326,0.17552333508350326
2WNM.pdb,V54Q,53,0.1585010358017662,0.4179904,0.25948935068428725,0.25948935068428725
2WNM.pdb,V54E,53,0.1651265532708388,0.32992727,0.16480071237323468,0.16480071237323468
2WNM.pdb,V54N,53,-0.0032642094713559,0.28460392,0.28786813303054476,0.28786813303054476
2WNM.pdb,V54H,53,0.1431836824844046,0.19268113,0.049497451262696224,0.049497451262696224
2WNM.pdb,V54D,53,0.1328433073074433,0.37417126,0.24132794971159968,0.24132794971159968
2WNM.pdb,V54R,53,0.0412204314501711,0.50488245,0.4636620234219603,0.4636620234219603
2WNM.pdb,V54K,53,0.0111466096691232,0.46796545,0.45681884419402075,0.45681884419402075
2WNM.pdb,V54T,53,-0.0704506078490077,0.2817759,0.35222649962986097,0.35222649962986097
2WNM.pdb,V54S,53,-0.0252643307607467,0.3798662,0.40513054336717674,0.40513054336717674
2WNM.pdb,V54A,53,0.032716107458921,0.37915358,0.3464374720145745,0.3464374720145745
2WNM.pdb,V54G,53,0.294431393372434,0.6501807,0.35574930406866706,0.35574930406866706
2WNM.pdb,V54M,53,-0.0232039200619613,0.27541447,0.29861838691987147,0.29861838691987147
2WNM.pdb,V54L,53,0.0736307749762366,0.11653671,0.042905931709783296,0.042905931709783296
2WNM.pdb,V54I,53,-0.117580869528739,-0.028245956,0.0893349138230963,0.0893349138230963
2WNM.pdb,V54W,53,0.0368508127396491,0.038448736,0.0015979233319375064,0.0015979233319375064
2WNM.pdb,V54Y,53,0.0682311483662339,0.0466038,-0.021627349499961923,0.021627349499961923
2WNM.pdb,V54F,53,-0.047311059518563,0.16417506,0.21148612289022134,0.21148612289022134
2WNM.pdb,V54P,53,0.0959706988065187,0.7957135,0.6997427854807432,0.6997427854807432
2WNM.pdb,V54C,53,0.1400044221126499,-0.008008629,-0.14801305119628333,0.14801305119628333
2WNM.pdb,A55Q,54,0.1268966772678439,0.024439715,-0.10245696241884869,0.10245696241884869
2WNM.pdb,A55E,54,0.0342507482762233,-0.034388416,-0.06863916379164611,0.06863916379164611
2WNM.pdb,A55N,54,0.0829252615155002,-0.022025265,-0.10495052631509508,0.10495052631509508
2WNM.pdb,A55H,54,0.0138602464602466,0.02157022,0.007709974129391157,0.007709974129391157
2WNM.pdb,A55D,54,0.1226967903706937,-0.0099497065,-0.1326464968655019,0.1326464968655019
2WNM.pdb,A55R,54,-0.0033700196289609,0.13242826,0.13579827828641636,0.13579827828641636
2WNM.pdb,A55K,54,0.1346980122787258,0.059453733,-0.07524427901332587,0.07524427901332587
2WNM.pdb,A55T,54,0.0714852777765537,0.039547175,-0.03193810260756261,0.03193810260756261
2WNM.pdb,A55S,54,0.0172656621634383,0.00932759,-0.007938071697892644,0.007938071697892644
2WNM.pdb,A55G,54,0.0275999509023736,0.23361406,0.20601410640010137,0.20601410640010137
2WNM.pdb,A55M,54,-0.1109762542321188,0.10468249,0.21565874446172545,0.21565874446172545
2WNM.pdb,A55L,54,-0.0421092933456277,-0.027929805,0.014179488126454268,0.014179488126454268
2WNM.pdb,A55V,54,0.0252215682477507,-0.047392935,-0.07261450280852647,0.07261450280852647
2WNM.pdb,A55I,54,-0.0095780258888331,-0.022517234,-0.012939208198157257,0.012939208198157257
2WNM.pdb,A55W,54,0.0723954246059657,0.00892676,-0.06346866420066365,0.06346866420066365
2WNM.pdb,A55Y,54,-0.0013984739419301,0.07941613,0.08081460740531282,0.08081460740531282
2WNM.pdb,A55F,54,-0.0026554348402241,0.17724892,0.17990435981085093,0.17990435981085093
2WNM.pdb,A55P,54,0.1954419196729677,0.08966364,-0.10577828000831774,0.10577828000831774
2WNM.pdb,A55C,54,-0.1104697358300681,-0.119704284,-0.009234547943830981,0.009234547943830981
2WNM.pdb,P56Q,55,-0.0231991403783609,0.45122194,0.47442108327997223,0.47442108327997223
2WNM.pdb,P56E,55,0.1195674480895947,0.3572802,0.2377127466697742,0.2377127466697742
2WNM.pdb,P56N,55,-0.089414121632998,0.3216232,0.41103732777160884,0.41103732777160884
2WNM.pdb,P56H,55,0.0224846120783639,0.3713552,0.34887059369594337,0.34887059369594337
2WNM.pdb,P56D,55,0.0363506403105695,0.3662148,0.3298641714913409,0.3298641714913409
2WNM.pdb,P56R,55,0.4094348464834567,0.46340036,0.05396551743866246,0.05396551743866246
2WNM.pdb,P56K,55,0.43466496076657,0.38170308,-0.052961882019774364,0.052961882019774364
2WNM.pdb,P56T,55,0.0623950882119621,0.46904957,0.406654484732679,0.406654484732679
2WNM.pdb,P56S,55,0.0130021959177941,0.29653224,0.283530047572425,0.283530047572425
2WNM.pdb,P56A,55,0.1035440702750802,0.31932732,0.21578325435374976,0.21578325435374976
2WNM.pdb,P56G,55,-0.0095125584811226,0.4202347,0.42974726845922623,0.42974726845922623
2WNM.pdb,P56M,55,0.0122462792478357,0.5095993,0.49735304879324094,0.49735304879324094
2WNM.pdb,P56L,55,0.0087008407939821,0.40698835,0.39828751174317306,0.39828751174317306
2WNM.pdb,P56V,55,0.090180485351146,0.41913843,0.3289579461979263,0.3289579461979263
2WNM.pdb,P56I,55,0.152691069459776,0.5214212,0.3687301246167621,0.3687301246167621
2WNM.pdb,P56W,55,0.0115368082374232,0.4215146,0.4099777922779424,0.4099777922779424
2WNM.pdb,P56Y,55,-0.0064078015141522,0.47629774,0.4827055376820599,0.4827055376820599
2WNM.pdb,P56F,55,-0.1030510145032828,0.6032464,0.7062974053228324,0.7062974053228324
2WNM.pdb,P56C,55,0.33863030162596,0.25360423,-0.08502606836103688,0.08502606836103688
2YSF.pdb,G1Q,0,0.1403660216941418,0.13103792,-0.009328100980717124,0.009328100980717124
2YSF.pdb,G1E,0,0.0211720896122691,0.1517648,0.13059270557186634,0.13059270557186634
2YSF.pdb,G1N,0,0.3603423709699707,0.0775163,-0.28282606850357817,0.28282606850357817
2YSF.pdb,G1H,0,0.4626961153506372,0.15689129,-0.3058048289774988,0.3058048289774988
2YSF.pdb,G1D,0,0.0699756670111129,0.10685223,0.0368765663987687,0.0368765663987687
2YSF.pdb,G1R,0,0.2380658292230559,0.2533133,0.0152474737707185,0.0152474737707185
2YSF.pdb,G1K,0,0.215188882185473,0.11405645,-0.10113242907668546,0.10113242907668546
2YSF.pdb,G1T,0,0.3712211670965826,0.22558123,-0.14563993836351985,0.14563993836351985
2YSF.pdb,G1S,0,0.1719913246783873,0.093892515,-0.07809880997272933,0.07809880997272933
2YSF.pdb,G1A,0,-0.1627020814571962,0.086027846,0.2487299271975145,0.2487299271975145
2YSF.pdb,G1M,0,0.0759775236759439,0.2562794,0.18030188525578827,0.18030188525578827
2YSF.pdb,G1L,0,0.1638293676449547,0.25337666,0.08954729508621595,0.08954729508621595
2YSF.pdb,G1V,0,0.0976372451117009,0.3017627,0.20412545496917067,0.20412545496917067
2YSF.pdb,G1I,0,0.3983541350518413,0.38563317,-0.012720964447135497,0.012720964447135497
2YSF.pdb,G1W,0,0.5123379160171226,0.2504502,-0.2618877221351341,0.2618877221351341
2YSF.pdb,G1Y,0,0.6288814849235951,0.28419855,-0.34468293255352367,0.34468293255352367
2YSF.pdb,G1F,0,0.5463594486271581,0.37418026,-0.17217919130675408,0.17217919130675408
2YSF.pdb,G1P,0,-0.2265176170248866,0.20255694,0.42907455495785474,0.42907455495785474
2YSF.pdb,L2Q,1,2.1847521734910744,1.702081,-0.48267120844896017,0.48267120844896017
2YSF.pdb,L2N,1,2.3484396792051063,1.4810675,-0.8673721409436927,0.8673721409436927
2YSF.pdb,L2H,1,2.1198185310166693,1.447077,-0.6727414951127386,0.6727414951127386
2YSF.pdb,L2D,1,2.2414667688508416,1.1946467,-1.0468200527329827,1.0468200527329827
2YSF.pdb,L2R,1,2.1043420475507784,1.90973,-0.19461208997021195,0.19461208997021195
2YSF.pdb,L2K,1,2.1629679053065933,1.7454646,-0.41750334193684235,0.41750334193684235
2YSF.pdb,L2T,1,2.1096236455894752,1.2672573,-0.8423663127876564,0.8423663127876564
2YSF.pdb,L2S,1,2.085358890310047,1.5387759,-0.5465829694421269,0.5465829694421269
2YSF.pdb,L2A,1,1.8188852996103948,1.4861498,-0.33273551170756277,0.33273551170756277
2YSF.pdb,L2G,1,1.821699690386076,1.2899394,-0.5317602868521405,0.5317602868521405
2YSF.pdb,L2M,1,0.8137652242408002,0.74365735,-0.07010787370063909,0.07010787370063909
2YSF.pdb,L2V,1,1.8777178404499284,0.8994244,-0.9782934663463823,0.9782934663463823
2YSF.pdb,L2I,1,1.3880539944354835,0.8076776,-0.5803763678256812,0.5803763678256812
2YSF.pdb,L2W,1,1.2548935399988177,0.97127867,-0.2836148725488665,0.2836148725488665
2YSF.pdb,L2Y,1,1.8876816145492143,0.93150574,-0.9561758748603411,0.9561758748603411
2YSF.pdb,L2F,1,0.91087403722207,0.84154147,-0.0693325681249326,0.0693325681249326
2YSF.pdb,L2P,1,1.7178478781160682,1.0271382,-0.6907096449312538,0.6907096449312538
2YSF.pdb,P3Q,2,1.806437542145832,1.7242385,-0.08219902724562456,0.08219902724562456
2YSF.pdb,P3E,2,1.9173567430525695,1.6543839,-0.26297284527119746,0.26297284527119746
2YSF.pdb,P3N,2,1.9715460537662757,1.7488519,-0.22269415843393925,0.22269415843393925
2YSF.pdb,P3H,2,1.9782992571982936,1.7506051,-0.22769415084453382,0.22769415084453382
2YSF.pdb,P3D,2,1.4571992426889877,1.7114971,0.25429782571616366,0.25429782571616366
2YSF.pdb,P3R,2,1.4342052814061454,1.8749218,0.44071651729990924,0.44071651729990924
2YSF.pdb,P3K,2,1.5820979042333865,1.8297724,0.24767444893891577,0.24767444893891577
2YSF.pdb,P3T,2,1.9555511320401444,1.945286,-0.010265096502424687,0.010265096502424687
2YSF.pdb,P3S,2,1.7183231393934022,1.7100576,-0.008265523159576516,0.008265523159576516
2YSF.pdb,P3A,2,1.5637240147823124,1.6868029,0.12307884929239465,0.12307884929239465
2YSF.pdb,P3G,2,1.550968771216797,1.8206896,0.26972078776605213,0.26972078776605213
2YSF.pdb,P3M,2,1.715515212573249,1.5434695,-0.17204566434784607,0.17204566434784607
2YSF.pdb,P3L,2,1.6767327988931366,1.267301,-0.4094318354913422,0.4094318354913422
2YSF.pdb,P3V,2,1.626728149013262,1.5949253,-0.03180286462758075,0.03180286462758075
2YSF.pdb,P3I,2,1.6866258041871285,1.4262154,-0.26041039395458454,0.26041039395458454
2YSF.pdb,P3W,2,1.329218649265271,1.6661822,0.33696351111223155,0.33696351111223155
2YSF.pdb,P3Y,2,1.5566170834458064,1.5510979,-0.005519213572759529,0.005519213572759529
2YSF.pdb,P3F,2,1.6912219430289852,1.4850786,-0.2061433698020565,0.2061433698020565
2YSF.pdb,E4Q,3,0.3427716705485373,0.3270187,-0.015752962557890937,0.015752962557890937
2YSF.pdb,E4N,3,0.3799167162154182,0.5261077,0.1461910122658745,0.1461910122658745
2YSF.pdb,E4H,3,0.2931435791436192,0.40365294,0.11050935707654985,0.11050935707654985
2YSF.pdb,E4D,3,0.362134275872249,0.3874406,0.025306316178303367,0.025306316178303367
2YSF.pdb,E4R,3,0.329598291968838,0.56047,0.23087169303940175,0.23087169303940175
2YSF.pdb,E4K,3,0.3422925735085966,0.42288047,0.08058789724411947,0.08058789724411947
2YSF.pdb,E4T,3,0.3482045846401307,0.41271853,0.06451394982947378,0.06451394982947378
2YSF.pdb,E4S,3,0.2300234369683735,0.35342816,0.12340471821541862,0.12340471821541862
2YSF.pdb,E4A,3,-0.0221479961890129,0.15775424,0.17990223860920943,0.17990223860920943
2YSF.pdb,E4G,3,0.69060863580005,0.39107373,-0.2995349022318585,0.2995349022318585
2YSF.pdb,E4M,3,0.5165898544360736,0.43736112,-0.0792287332584003,0.0792287332584003
2YSF.pdb,E4L,3,0.3076419452560721,0.38306165,0.07541970215908905,0.07541970215908905
2YSF.pdb,E4V,3,0.2676783615463527,0.13026795,-0.13741041363413653,0.13741041363413653
2YSF.pdb,E4I,3,0.3785069937793148,0.33822674,-0.040280258187426365,0.040280258187426365
2YSF.pdb,E4W,3,0.3187978099899466,0.37308162,0.05428381451795744,0.05428381451795744
2YSF.pdb,E4Y,3,0.3899408002148692,0.40211573,0.012174932216542533,0.012174932216542533
2YSF.pdb,E4F,3,0.3145245553784437,0.4040851,0.08956054431866933,0.08956054431866933
2YSF.pdb,E4P,3,0.1931748172344571,-0.004689783,-0.197864600092352,0.197864600092352
2YSF.pdb,G5Q,4,1.248670380764186,0.9529467,-0.2957236582567091,0.2957236582567091
2YSF.pdb,G5E,4,1.8733299629058164,1.1393094,-0.7340205566252989,0.7340205566252989
2YSF.pdb,G5N,4,0.9674784617385044,0.32725346,-0.6402250008544101,0.6402250008544101
2YSF.pdb,G5H,4,1.0217668408989276,0.6243328,-0.3974340552925433,0.3974340552925433
2YSF.pdb,G5D,4,2.1523186900828355,0.7636067,-1.388711962959575,1.388711962959575
2YSF.pdb,G5R,4,1.4348825288490383,1.0890487,-0.3458337856010525,0.3458337856010525
2YSF.pdb,G5K,4,1.4094273102890496,1.0302199,-0.37920739776005785,0.37920739776005785
2YSF.pdb,G5T,4,1.5627572865394774,1.2513225,-0.31143477868120106,0.31143477868120106
2YSF.pdb,G5S,4,1.2640073745234248,0.90570074,-0.35830663132503004,0.35830663132503004
2YSF.pdb,G5A,4,1.2431924062178992,1.1370568,-0.10613557867273316,0.10613557867273316
2YSF.pdb,G5M,4,1.3128329173028666,0.9110489,-0.4017840281427103,0.4017840281427103
2YSF.pdb,G5L,4,1.2791038238279189,0.94559216,-0.33351165883463274,0.33351165883463274
2YSF.pdb,G5V,4,1.631721002195195,1.3762742,-0.2554467740991866,0.2554467740991866
2YSF.pdb,G5I,4,1.5531851788934306,1.4052451,-0.14794011320434364,0.14794011320434364
2YSF.pdb,G5W,4,1.3231749453935018,0.8476238,-0.4755511203202596,0.4755511203202596
2YSF.pdb,G5Y,4,1.5445855605968948,0.73438424,-0.8102013218769546,0.8102013218769546
2YSF.pdb,G5F,4,1.2075380591370108,0.58293635,-0.6246017126060965,0.6246017126060965
2YSF.pdb,G5P,4,1.85606094393956,2.07519,0.21912912335169987,0.21912912335169987
2YSF.pdb,W6M,5,1.916641735179996,1.5725379,-0.34410383616266205,0.34410383616266205
2YSF.pdb,W6L,5,2.4405014751575047,1.4258789,-1.0146225927493626,1.0146225927493626
2YSF.pdb,W6V,5,1.516215522092927,1.2308283,-0.2853872368756418,0.2853872368756418
2YSF.pdb,W6I,5,1.545780597929031,1.100491,-0.44528955102351353,0.44528955102351353
2YSF.pdb,W6Y,5,1.387107836429465,0.4791975,-0.9079103342932344,0.9079103342932344
2YSF.pdb,W6F,5,1.2575004813287207,0.51656413,-0.7409363505456397,0.7409363505456397
2YSF.pdb,E7Q,6,0.6204291631744827,0.57969844,-0.04073071976170195,0.04073071976170195
2YSF.pdb,E7N,6,1.47076743364392,1.546343,0.07557553529681482,0.07557553529681482
2YSF.pdb,E7H,6,1.000390334159913,1.2399809,0.23959060189050208,0.23959060189050208
2YSF.pdb,E7D,6,1.465391921156646,1.1173587,-0.34803323661685104,0.34803323661685104
2YSF.pdb,E7R,6,1.4152291896644702,1.4461076,0.03087843629683351,0.03087843629683351
2YSF.pdb,E7K,6,1.3151194728653774,1.3745482,0.05942872392722509,0.05942872392722509
2YSF.pdb,E7T,6,0.4294390876523648,0.37659028,-0.052848805927435016,0.052848805927435016
2YSF.pdb,E7S,6,0.4196648479937959,0.7567296,0.3370647548199248,0.3370647548199248
2YSF.pdb,E7A,6,0.9377672322293232,0.832417,-0.1053502209683369,0.1053502209683369
2YSF.pdb,E7G,6,1.3648409311989482,1.6304281,0.26558714459145705,0.26558714459145705
2YSF.pdb,E7M,6,0.9155486839485534,0.61380565,-0.3017430322838195,0.3017430322838195
2YSF.pdb,E7L,6,1.1002047467981515,0.88509965,-0.2151050973688302,0.2151050973688302
2YSF.pdb,E7V,6,0.3710949831321537,0.15429688,-0.21679810813215372,0.21679810813215372
2YSF.pdb,E7I,6,0.7317050033601591,0.34297532,-0.38872968492830484,0.38872968492830484
2YSF.pdb,E7W,6,1.314982627073136,0.92502,-0.38996264759620725,0.38996264759620725
2YSF.pdb,E7Y,6,0.7712977227370048,0.88498396,0.11368623407680745,0.11368623407680745
2YSF.pdb,E7F,6,1.0009022950751685,0.8323647,-0.16853761669229494,0.16853761669229494
2YSF.pdb,M8Q,7,0.9164039250749404,0.60261214,-0.31379178728044577,0.31379178728044577
2YSF.pdb,M8E,7,2.1084910919149182,1.212999,-0.8954921056707166,0.8954921056707166
2YSF.pdb,M8R,7,1.0066625770869424,0.7263212,-0.2803413566889932,0.2803413566889932
2YSF.pdb,M8K,7,1.61769386915985,0.61343807,-1.0042557993394459,1.0042557993394459
2YSF.pdb,M8T,7,2.047085428758918,1.366731,-0.6803543811286081,0.6803543811286081
2YSF.pdb,M8A,7,1.3292743505504867,1.1952682,-0.1340061964061996,0.1340061964061996
2YSF.pdb,M8L,7,0.6879795218870342,-0.052225232,-0.7402047540113628,0.7402047540113628
2YSF.pdb,M8V,7,1.0932007882035546,0.7227881,-0.37041269272931143,0.37041269272931143
2YSF.pdb,M8I,7,0.5659126039701556,0.42816103,-0.1377515789228534,0.1377515789228534
2YSF.pdb,M8W,7,1.833442985435238,1.0729297,-0.7605132454831507,0.7605132454831507
2YSF.pdb,M8Y,7,1.9275630641926904,0.9597687,-0.967794351672091,0.967794351672091
2YSF.pdb,M8F,7,1.4321239759030775,0.8409906,-0.5911333729329542,0.5911333729329542
2YSF.pdb,R9Q,8,1.4744581454974055,1.0142622,-0.46019594609555003,0.46019594609555003
2YSF.pdb,R9E,8,2.2608061371404675,1.8941848,-0.3666213093359021,0.3666213093359021
2YSF.pdb,R9N,8,1.7744148760134648,1.4948243,-0.2795905857378911,0.2795905857378911
2YSF.pdb,R9H,8,1.0344001466517276,0.8607828,-0.17361734454677769,0.17361734454677769
2YSF.pdb,R9D,8,2.6015650110736965,2.6302168,0.028651825855624757,0.028651825855624757
2YSF.pdb,R9K,8,0.5334110634995386,0.5571943,0.023783229045780008,0.023783229045780008
2YSF.pdb,R9T,8,1.790574852830754,1.3972579,-0.3933169287508589,0.3933169287508589
2YSF.pdb,R9S,8,1.820569031760329,1.3816986,-0.4388704233618914,0.4388704233618914
2YSF.pdb,R9A,8,1.2904773415826096,0.97234774,-0.31812960522396705,0.31812960522396705
2YSF.pdb,R9G,8,1.6859032977414965,1.761234,0.07533074728719003,0.07533074728719003
2YSF.pdb,R9M,8,1.0580509047791675,0.61293554,-0.4451153617188648,0.4451153617188648
2YSF.pdb,R9L,8,0.6038591532322919,0.5523689,-0.051490273914054585,0.051490273914054585
2YSF.pdb,R9V,8,1.2828292893857618,1.0194452,-0.26338410849281746,0.26338410849281746
2YSF.pdb,R9I,8,1.4684561692128797,1.0334076,-0.4350486002813001,0.4350486002813001
2YSF.pdb,R9W,8,1.2089679181019304,0.67574733,-0.5332205831448076,0.5332205831448076
2YSF.pdb,R9Y,8,0.9547318771983384,0.34286124,-0.6118706420565843,0.6118706420565843
2YSF.pdb,R9F,8,0.4490941929609751,0.78296566,0.33387146713423976,0.33387146713423976
2YSF.pdb,F10Q,9,1.427317236173671,0.98800206,-0.43931517432979894,0.43931517432979894
2YSF.pdb,F10E,9,1.9308208630239905,1.3518605,-0.5789603398001135,0.5789603398001135
2YSF.pdb,F10N,9,2.292769521177181,1.2638084,-1.0289611515406452,1.0289611515406452
2YSF.pdb,F10H,9,0.6168658225324437,0.53072846,-0.08613736317422838,0.08613736317422838
2YSF.pdb,F10R,9,0.9229190993162876,1.0733271,0.15040796519787258,0.15040796519787258
2YSF.pdb,F10K,9,1.2810164521076994,0.9713086,-0.309707863126071,0.309707863126071
2YSF.pdb,F10T,9,1.0056829140858017,0.72621596,-0.2794669554905258,0.2794669554905258
2YSF.pdb,F10S,9,1.7089204595269452,1.1901251,-0.5187953517617474,0.5187953517617474
2YSF.pdb,F10A,9,1.8954318222393232,1.1703085,-0.72512335151331,0.72512335151331
2YSF.pdb,F10M,9,0.5835509040926825,0.6658011,0.08225020379077086,0.08225020379077086
2YSF.pdb,F10L,9,0.6903440071267752,0.70981777,0.019473760016474273,0.019473760016474273
2YSF.pdb,F10V,9,1.0279131163720563,0.54243255,-0.4854805697564557,0.4854805697564557
2YSF.pdb,F10I,9,0.7678379787548966,0.5804384,-0.1873996032818741,0.1873996032818741
2YSF.pdb,F10W,9,0.1146127900971616,0.18976372,0.07515093470676296,0.07515093470676296
2YSF.pdb,F10Y,9,0.3687202188131975,-0.045756042,-0.4144762608168291,0.4144762608168291
2YSF.pdb,T11Q,10,1.330833875880581,1.3297496,-0.0010842916825830606,0.0010842916825830606
2YSF.pdb,T11E,10,1.7284865150300908,1.5954139,-0.13307259176654096,0.13307259176654096
2YSF.pdb,T11N,10,0.6998257002738064,0.6870971,-0.012728627672488058,0.012728627672488058
2YSF.pdb,T11H,10,1.8122453630084283,1.3464905,-0.4657548606509454,0.4657548606509454
2YSF.pdb,T11D,10,-0.1924690892728453,0.5011708,0.6936399033101683,0.6936399033101683
2YSF.pdb,T11R,10,1.0271736494039971,1.3402196,0.3130459674859565,0.3130459674859565
2YSF.pdb,T11K,10,2.216632844607935,1.4105355,-0.8060973898578738,0.8060973898578738
2YSF.pdb,T11S,10,0.7492323993352477,0.4429332,-0.3062991975453917,0.3062991975453917
2YSF.pdb,T11A,10,1.3421697964383943,1.2474339,-0.09473589560526441,0.09473589560526441
2YSF.pdb,T11G,10,0.6296807837573517,1.1781417,0.5484609293850433,0.5484609293850433
2YSF.pdb,T11L,10,2.032176050747854,1.2356253,-0.7965507837190455,0.7965507837190455
2YSF.pdb,T11W,10,2.5016250949920806,1.4917922,-1.009832892996231,1.009832892996231
2YSF.pdb,T11Y,10,2.2510678692002277,1.5254675,-0.7256003542084675,0.7256003542084675
2YSF.pdb,T11F,10,2.579977170613276,1.3630342,-1.2169429222612251,1.2169429222612251
2YSF.pdb,V12Q,11,0.4495107428813232,-0.006180346,-0.4556910888934387,0.4556910888934387
2YSF.pdb,V12E,11,0.3656850087778562,0.067479864,-0.29820514501500067,0.29820514501500067
2YSF.pdb,V12N,11,0.3911718475604795,0.14601733,-0.24515451965577828,0.24515451965577828
2YSF.pdb,V12H,11,0.176456426663651,0.11246976,-0.06398666409994555,0.06398666409994555
2YSF.pdb,V12D,11,0.4124578741123939,0.21707663,-0.19538124471214058,0.19538124471214058
2YSF.pdb,V12R,11,0.1724017971374021,0.029648863,-0.14275293435826164,0.14275293435826164
2YSF.pdb,V12K,11,0.0227057119366649,-0.11416949,-0.13687520525426897,0.13687520525426897
2YSF.pdb,V12T,11,0.2576330834812732,0.09365764,-0.16397544087835264,0.16397544087835264
2YSF.pdb,V12S,11,0.305393236263114,0.005765766,-0.29962747035773374,0.29962747035773374
2YSF.pdb,V12A,11,0.1114679508400162,-0.20882793,-0.320295878548642,0.320295878548642
2YSF.pdb,V12G,11,0.7178976302525677,0.08124061,-0.6366570209643521,0.6366570209643521
2YSF.pdb,V12M,11,0.4175394673886492,0.061671197,-0.35586826997425103,0.35586826997425103
2YSF.pdb,V12L,11,0.2940464660106392,-0.015244439,-0.30929090525490954,0.30929090525490954
2YSF.pdb,V12I,11,0.1446912676214005,0.065615684,-0.07907558382737889,0.07907558382737889
2YSF.pdb,V12W,11,0.1809575495822133,0.08787835,-0.09307920313903703,0.09307920313903703
2YSF.pdb,V12Y,11,0.280349537213729,0.14121346,-0.13913607545702278,0.13913607545702278
2YSF.pdb,V12F,11,0.231549617431741,0.19612245,-0.0354271648150494,0.0354271648150494
2YSF.pdb,V12P,11,0.2573579358788489,-0.13720751,-0.3945654439660071,0.3945654439660071
2YSF.pdb,D13Q,12,0.3759274479773666,0.11846298,-0.257464468183818,0.257464468183818
2YSF.pdb,D13E,12,0.3546051446720133,0.073061585,-0.28154355924568275,0.28154355924568275
2YSF.pdb,D13N,12,0.2117425474235443,-0.009698391,-0.22144093838423765,0.22144093838423765
2YSF.pdb,D13H,12,0.3108596638607985,0.08965519,-0.22120447315454544,0.22120447315454544
2YSF.pdb,D13R,12,0.3129012746967414,0.34457582,0.03167454765662164,0.03167454765662164
2YSF.pdb,D13K,12,0.3541708246352431,0.34195122,-0.012219603407597202,0.012219603407597202
2YSF.pdb,D13T,12,0.2716012717286802,0.5367584,0.2651571511228823,0.2651571511228823
2YSF.pdb,D13S,12,0.3911921737148573,0.27038026,-0.12081191515467665,0.12081191515467665
2YSF.pdb,D13A,12,0.2262422108609623,0.2801297,0.053887490038161845,0.053887490038161845
2YSF.pdb,D13G,12,0.4072975135104453,0.39890122,-0.008396289374092758,0.008396289374092758
2YSF.pdb,D13M,12,0.4478028501003182,0.25432742,-0.19347543368033526,0.19347543368033526
2YSF.pdb,D13L,12,0.4052721514955792,0.36550814,-0.039764012362125845,0.039764012362125845
2YSF.pdb,D13V,12,1.0130447462947112,0.6662996,-0.34674516476700123,0.34674516476700123
2YSF.pdb,D13I,12,1.33613177040723,0.60705775,-0.7290740201821628,0.7290740201821628
2YSF.pdb,D13W,12,0.4644273091600355,0.1926041,-0.27182321441630686,0.27182321441630686
2YSF.pdb,D13Y,12,0.4095910011105819,0.2105081,-0.199082907872705,0.199082907872705
2YSF.pdb,D13F,12,0.4419132242438699,0.18830474,-0.2536084870335962,0.2536084870335962
2YSF.pdb,D13P,12,2.0406571864178145,1.5419503,-0.4987068413784468,0.4987068413784468
2YSF.pdb,G14Q,13,1.2849246395655984,0.99106526,-0.2938593758174295,0.2938593758174295
2YSF.pdb,G14E,13,1.7121111172553527,1.3667512,-0.34535992325510856,0.34535992325510856
2YSF.pdb,G14N,13,0.8146356327889568,0.4720177,-0.34261792734843555,0.34261792734843555
2YSF.pdb,G14H,13,1.0613596502551428,0.8453393,-0.21602035200685177,0.21602035200685177
2YSF.pdb,G14D,13,1.3374764102333887,1.1693181,-0.1681583302849634,0.1681583302849634
2YSF.pdb,G14R,13,0.9285728215938368,1.0140314,0.08545858862344835,0.08545858862344835
2YSF.pdb,G14K,13,1.1665673609254967,1.0157442,-0.15082315163594595,0.15082315163594595
2YSF.pdb,G14S,13,1.4579490590821205,1.1515119,-0.3064371515046058,0.3064371515046058
2YSF.pdb,G14A,13,1.4547489424879556,1.3306854,-0.12406356536698393,0.12406356536698393
2YSF.pdb,G14M,13,1.2253982214178016,1.082396,-0.14300219099177625,0.14300219099177625
2YSF.pdb,G14L,13,1.3653967834427885,1.19458,-0.17081682452707803,0.17081682452707803
2YSF.pdb,G14W,13,1.4142964473413806,1.2231789,-0.19111758381598998,0.19111758381598998
2YSF.pdb,G14Y,13,1.8268199743100757,1.2311609,-0.5956590951749439,0.5956590951749439
2YSF.pdb,G14F,13,1.6712452492525074,1.0035112,-0.6677340588380787,0.6677340588380787
2YSF.pdb,I15Q,14,0.8331945166743973,0.5735674,-0.2596271262325027,0.2596271262325027
2YSF.pdb,I15E,14,1.1866692019248066,1.020738,-0.16593119628668407,0.16593119628668407
2YSF.pdb,I15N,14,1.2515195574518223,0.91558087,-0.335938688730814,0.335938688730814
2YSF.pdb,I15H,14,0.732583776353364,0.7575404,0.024956628443236317,0.024956628443236317
2YSF.pdb,I15D,14,1.2286003224722812,1.3490837,0.12048333956079982,0.12048333956079982
2YSF.pdb,I15R,14,0.328728635562624,0.59901273,0.27028409694317435,0.27028409694317435
2YSF.pdb,I15K,14,0.6646082486144369,0.60407203,-0.06053621425545863,0.06053621425545863
2YSF.pdb,I15T,14,0.3728790358713496,0.5358168,0.1629377528020513,0.1629377528020513
2YSF.pdb,I15S,14,1.2846266669954007,0.9389845,-0.34564215371262486,0.34564215371262486
2YSF.pdb,I15A,14,1.1509710405859102,0.922523,-0.2284480188879121,0.2284480188879121
2YSF.pdb,I15G,14,2.6076810124736984,1.5497966,-1.0578844312053879,1.0578844312053879
2YSF.pdb,I15M,14,0.724226781509397,0.5110547,-0.21317208685683964,0.21317208685683964
2YSF.pdb,I15L,14,0.7551921435794434,0.541928,-0.21326415028186652,0.21326415028186652
2YSF.pdb,I15V,14,0.3719419168227609,0.18218982,-0.18975209462580045,0.18975209462580045
2YSF.pdb,I15W,14,0.5049516560179779,0.77860117,0.2736495135682038,0.2736495135682038
2YSF.pdb,I15Y,14,0.7721996140256786,0.6574651,-0.11473451373728749,0.11473451373728749
2YSF.pdb,I15F,14,1.0152988977379915,0.6303033,-0.38499557446910115,0.38499557446910115
2YSF.pdb,I15P,14,2.09323649741382,2.480539,0.38730258606701495,0.38730258606701495
2YSF.pdb,P16Q,15,0.812820319636529,1.014418,0.20159768630676933,0.20159768630676933
2YSF.pdb,P16E,15,1.5276118757885182,1.1937985,-0.3338133337658131,0.3338133337658131
2YSF.pdb,P16N,15,1.9568233704794995,1.5816019,-0.3752215123404614,0.3752215123404614
2YSF.pdb,P16H,15,1.5509942747592882,1.2372286,-0.3137656427860216,0.3137656427860216
2YSF.pdb,P16R,15,0.4274005610158022,1.1496975,0.7222969811747495,0.7222969811747495
2YSF.pdb,P16K,15,0.740581770385492,0.9410344,0.20045260623575434,0.20045260623575434
2YSF.pdb,P16T,15,1.1496821596216995,1.1013582,-0.048323984343989546,0.048323984343989546
2YSF.pdb,P16S,15,1.5687195992382366,1.1842823,-0.38443729638179125,0.38443729638179125
2YSF.pdb,P16A,15,0.646936950955094,0.70703685,0.06009990188151493,0.06009990188151493
2YSF.pdb,P16G,15,1.5571176226395202,1.3983192,-0.15879837825475462,0.15879837825475462
2YSF.pdb,P16M,15,0.4818756784608276,0.7643951,0.282519439298877,0.282519439298877
2YSF.pdb,P16L,15,0.6998165161209118,0.76724625,0.06742973021697884,0.06742973021697884
2YSF.pdb,P16V,15,0.4121336665052153,0.49704924,0.08491557575285658,0.08491557575285658
2YSF.pdb,P16I,15,0.5790277824938836,0.6644044,0.085376609748548,0.085376609748548
2YSF.pdb,P16W,15,1.4215944120569763,0.86474365,-0.5568507620974121,0.5568507620974121
2YSF.pdb,P16Y,15,1.478012475755447,0.97799724,-0.5000152323510585,0.5000152323510585
2YSF.pdb,P16F,15,1.508635284286465,0.88923943,-0.6193958538589137,0.6193958538589137
2YSF.pdb,Y17Q,16,1.8132927163390369,2.3157644,0.5024717108460217,0.5024717108460217
2YSF.pdb,Y17E,16,1.5608131721122895,2.5019054,0.9410922691718902,0.9410922691718902
2YSF.pdb,Y17D,16,2.400270082588301,2.8289607,0.42869057453145,0.42869057453145
2YSF.pdb,Y17K,16,2.605049382395757,2.5537512,-0.05129815215588884,0.05129815215588884
2YSF.pdb,Y17T,16,1.9282351980970909,2.1974392,0.26920399562849506,0.26920399562849506
2YSF.pdb,Y17A,16,2.691485700035059,2.3198524,-0.37163334789272495,0.37163334789272495
2YSF.pdb,Y17M,16,1.2861523467742506,1.4622864,0.17613400633701648,0.17613400633701648
2YSF.pdb,Y17L,16,0.9299198690234516,1.5035838,0.5736639198483136,0.5736639198483136
2YSF.pdb,Y17V,16,0.8921345885186945,1.4543422,0.5622076575369085,0.5622076575369085
2YSF.pdb,Y17I,16,0.7891986007525276,1.199594,0.4103954200909783,0.4103954200909783
2YSF.pdb,Y17W,16,1.661632736494076,0.64296997,-1.0186627705593225,1.0186627705593225
2YSF.pdb,Y17F,16,0.5150311154979934,0.23225307,-0.2827780408519973,0.2827780408519973
2YSF.pdb,F18I,17,2.552879851671903,1.1530387,-1.399841111513822,1.399841111513822
2YSF.pdb,F18W,17,0.1617627101968377,0.2035178,0.041755084412232135,0.041755084412232135
2YSF.pdb,F18Y,17,0.6124393699446835,-0.3596394,-0.9720787761489071,0.9720787761489071
2YSF.pdb,V19Q,18,1.6840098607268243,1.3956007,-0.2884091841902643,0.2884091841902643
2YSF.pdb,V19E,18,1.5557116670529312,1.4157466,-0.1399650974194473,0.1399650974194473
2YSF.pdb,V19H,18,1.35290524810724,1.2552487,-0.09765658229760876,0.09765658229760876
2YSF.pdb,V19R,18,1.5584323566024518,1.8743558,0.31592343639681575,0.31592343639681575
2YSF.pdb,V19K,18,1.7752220814458628,1.8907546,0.1155324990518789,0.1155324990518789
2YSF.pdb,V19T,18,1.2840882363460593,1.3461444,0.062056201443857706,0.062056201443857706
2YSF.pdb,V19S,18,2.021731281705031,1.829109,-0.19262232822907865,0.19262232822907865
2YSF.pdb,V19A,18,1.6650811173948736,1.3843577,-0.2807234265837164,0.2807234265837164
2YSF.pdb,V19M,18,0.8271237774442908,0.79454255,-0.03258122640364136,0.03258122640364136
2YSF.pdb,V19L,18,0.5101803311432753,0.63959926,0.12941893252478498,0.12941893252478498
2YSF.pdb,V19I,18,0.0864143925598046,-0.15582967,-0.24224406060484854,0.24224406060484854
2YSF.pdb,V19W,18,0.6025798821449657,0.65277535,0.050195465087852886,0.050195465087852886
2YSF.pdb,V19Y,18,-0.2717258724797911,0.383308,0.6550338658918089,0.6550338658918089
2YSF.pdb,V19F,18,0.089887198454466,0.45433038,0.3644431862768267,0.3644431862768267
2YSF.pdb,D20Q,19,1.1902936789459275,2.1040015,0.9137078431182815,0.9137078431182815
2YSF.pdb,D20E,19,1.3980719304450595,1.6317542,0.23368222948230866,0.23368222948230866
2YSF.pdb,D20N,19,0.6009831175341227,0.70946276,0.10847964434484458,0.10847964434484458
2YSF.pdb,D20H,19,0.6941119089126184,1.7229786,1.0288666830063269,1.0288666830063269
2YSF.pdb,D20R,19,1.2934293862036292,2.2234185,0.9299890879937585,0.9299890879937585
2YSF.pdb,D20K,19,1.3994029479233383,2.414247,1.0148440880568863,1.0148440880568863
2YSF.pdb,D20T,19,1.3161815870883145,2.15303,0.8368483315823398,0.8368483315823398
2YSF.pdb,D20S,19,1.0341671016396232,1.8228118,0.7886447403250985,0.7886447403250985
2YSF.pdb,D20A,19,1.5304876885020389,1.7101328,0.17964514879349336,0.17964514879349336
2YSF.pdb,D20M,19,1.5202086470049954,2.022487,0.5022782781201267,0.5022782781201267
2YSF.pdb,D20L,19,1.2060113802111805,1.6263379,0.42032650564544793,0.42032650564544793
2YSF.pdb,D20V,19,1.4453568990458745,1.8866363,0.44127935812575636,0.44127935812575636
2YSF.pdb,D20I,19,1.4927357976949165,1.8072288,0.31449300593972707,0.31449300593972707
2YSF.pdb,D20W,19,1.0408784209461208,1.4111664,0.3702880085735325,0.3702880085735325
2YSF.pdb,D20Y,19,0.9473779794568042,1.4518613,0.5044832828646679,0.5044832828646679
2YSF.pdb,D20F,19,0.7724112156729148,1.2925115,0.5201002474923684,0.5201002474923684
2YSF.pdb,D20P,19,1.623943307789007,2.3674774,0.7435341092031804,0.7435341092031804
2YSF.pdb,H21Q,20,0.7619965853413442,0.6780788,-0.08391781470383197,0.08391781470383197
2YSF.pdb,H21E,20,1.14062804156096,1.1884358,0.04780775136201365,0.04780775136201365
2YSF.pdb,H21N,20,0.6505692852157221,0.49085027,-0.159719015421258,0.159719015421258
2YSF.pdb,H21D,20,1.0828648922099258,1.5092757,0.4264107826100205,0.4264107826100205
2YSF.pdb,H21R,20,0.638936208446875,0.3755846,-0.263351606090918,0.263351606090918
2YSF.pdb,H21K,20,0.6010759267364592,0.6233847,0.02230878739012776,0.02230878739012776
2YSF.pdb,H21T,20,0.5138567104280387,0.8535981,0.33974140740033043,0.33974140740033043
2YSF.pdb,H21S,20,0.7914916243052774,0.95528865,0.16379702430006926,0.16379702430006926
2YSF.pdb,H21A,20,1.029611707907601,1.0312855,0.0016738164606850958,0.0016738164606850958
2YSF.pdb,H21G,20,1.1941403772366033,1.1791332,-0.0150072004330144,0.0150072004330144
2YSF.pdb,H21M,20,0.5842594976681785,0.8088129,0.22455341861066058,0.22455341861066058
2YSF.pdb,H21L,20,0.6402062790663534,0.41965047,-0.22055581381633815,0.22055581381633815
2YSF.pdb,H21V,20,0.5772965920611468,0.6996593,0.1223626958683881,0.1223626958683881
2YSF.pdb,H21I,20,0.4455979644443975,0.79312986,0.3475318969104304,0.3475318969104304
2YSF.pdb,H21W,20,0.2643100100171933,0.18430263,-0.08000738197687957,0.08000738197687957
2YSF.pdb,H21Y,20,0.5132947838394013,0.030573845,-0.48272093892973333,0.48272093892973333
2YSF.pdb,H21F,20,0.6591249322591606,0.49584594,-0.16327898856981427,0.16327898856981427
2YSF.pdb,H21P,20,1.4359707493761502,2.4062254,0.9702546935102023,0.9702546935102023
2YSF.pdb,N22Q,21,0.3776442101985644,0.55435264,0.17670843090708743,0.17670843090708743
2YSF.pdb,N22E,21,0.4787726500189413,0.7952337,0.31646107648252353,0.31646107648252353
2YSF.pdb,N22H,21,0.5013475866653085,0.2719209,-0.22942669704929597,0.22942669704929597
2YSF.pdb,N22D,21,0.6842205043405212,0.82762814,0.14340763134063117,0.14340763134063117
2YSF.pdb,N22R,21,0.7404368176888746,0.09368852,-0.6467482998799604,0.6467482998799604
2YSF.pdb,N22K,21,0.4933932577487465,0.32464647,-0.16874678481783828,0.16874678481783828
2YSF.pdb,N22T,21,0.4679916913013557,0.6286127,0.1606210058231255,0.1606210058231255
2YSF.pdb,N22S,21,0.5778507315992507,0.7073038,0.12945309044130715,0.12945309044130715
2YSF.pdb,N22A,21,0.3735402343647089,0.8563033,0.48276304026679134,0.48276304026679134
2YSF.pdb,N22G,21,0.8144594719362588,1.0066915,0.19223198390480567,0.19223198390480567
2YSF.pdb,N22M,21,0.3916789251595143,0.39233226,0.0006533306807872119,0.0006533306807872119
2YSF.pdb,N22L,21,0.1423371921074114,0.2685722,0.12623501915815258,0.12623501915815258
2YSF.pdb,N22V,21,-0.033076784491965,0.25926128,0.292338064790198,0.292338064790198
2YSF.pdb,N22I,21,-0.2145351244444389,0.09089175,0.3054268731112022,0.3054268731112022
2YSF.pdb,N22W,21,0.6425460065110002,0.5456804,-0.09686560280158862,0.09686560280158862
2YSF.pdb,N22Y,21,0.216213169876307,0.4549836,0.23877042215707922,0.23877042215707922
2YSF.pdb,N22F,21,0.3982600959113831,0.40866825,0.010408153934121644,0.010408153934121644
2YSF.pdb,N22P,21,1.064583435546329,1.8839805,0.8193970770726895,0.8193970770726895
2YSF.pdb,R23Q,22,0.3263674250277082,0.35889813,0.032530708011766274,0.032530708011766274
2YSF.pdb,R23E,22,0.3421599785134745,0.75817704,0.4160170634939718,0.4160170634939718
2YSF.pdb,R23N,22,-0.3727395783448148,0.07324594,0.44598552093743565,0.44598552093743565
2YSF.pdb,R23H,22,0.0581445219996741,0.17193767,0.11379315228430723,0.11379315228430723
2YSF.pdb,R23D,22,0.4685871985695378,0.92087305,0.4522858473517879,0.4522858473517879
2YSF.pdb,R23K,22,0.4645790657645321,0.14717029,-0.3174087754136181,0.3174087754136181
2YSF.pdb,R23T,22,-0.8411541981466479,-0.08780548,0.7533487183817096,0.7533487183817096
2YSF.pdb,R23S,22,-0.3564755985740526,0.23750305,0.5939786503318651,0.5939786503318651
2YSF.pdb,R23A,22,0.2308007700432446,0.614298,0.383497215987334,0.383497215987334
2YSF.pdb,R23G,22,0.1171857918693652,0.9833606,0.8661747966812025,0.8661747966812025
2YSF.pdb,R23M,22,0.4706773304273324,0.17767206,-0.29300527208344507,0.29300527208344507
2YSF.pdb,R23L,22,0.520640983734519,0.2623925,-0.2582484926323003,0.2582484926323003
2YSF.pdb,R23V,22,1.2314374633228322,0.29268414,-0.9387533255016347,0.9387533255016347
2YSF.pdb,R23I,22,1.3374672762303907,0.24326989,-1.094197385683592,1.094197385683592
2YSF.pdb,R23W,22,0.929203709969398,0.36224636,-0.5669573456143108,0.5669573456143108
2YSF.pdb,R23Y,22,0.7263899369269633,0.27044094,-0.4559490008384013,0.4559490008384013
2YSF.pdb,R23F,22,0.5963555045000237,0.28397423,-0.3123812742105645,0.3123812742105645
2YSF.pdb,R23P,22,2.253024561507337,2.2394176,-0.01360700855933894,0.01360700855933894
2YSF.pdb,R24Q,23,-0.3013585753497367,0.12239638,0.4237549550589805,0.4237549550589805
2YSF.pdb,R24E,23,0.3207477513313741,0.49301112,0.17226336565013223,0.17226336565013223
2YSF.pdb,R24N,23,-0.5045985381712508,-0.14252576,0.36207277585168596,0.36207277585168596
2YSF.pdb,R24H,23,-0.1871396160625174,0.16929,0.3564296222232535,0.3564296222232535
2YSF.pdb,R24D,23,0.147107362497399,0.38500446,0.237897098314216,0.237897098314216
2YSF.pdb,R24K,23,-0.0701438563118801,0.07640979,0.14655364325150105,0.14655364325150105
2YSF.pdb,R24T,23,0.7490311229056892,0.77724254,0.028211418407482203,0.028211418407482203
2YSF.pdb,R24S,23,0.3953228032338103,0.32492027,-0.07040253636712634,0.07040253636712634
2YSF.pdb,R24A,23,0.1521237853705532,0.29027838,0.13815458977821998,0.13815458977821998
2YSF.pdb,R24G,23,-0.881902032263834,0.06332153,0.9452235630827732,0.9452235630827732
2YSF.pdb,R24M,23,0.0789181569788604,0.27479035,0.19587218964360664,0.19587218964360664
2YSF.pdb,R24L,23,0.5879908519503512,0.3583669,-0.22962394530743735,0.22962394530743735
2YSF.pdb,R24V,23,0.7899725286501306,0.8608454,0.07087285833183354,0.07087285833183354
2YSF.pdb,R24I,23,1.1758149579995234,0.8361734,-0.3396415428155024,0.3396415428155024
2YSF.pdb,R24W,23,0.4529272953242964,0.5038521,0.05092483365824757,0.05092483365824757
2YSF.pdb,R24Y,23,0.5795677342766865,0.5262921,-0.0532756486291035,0.0532756486291035
2YSF.pdb,R24F,23,0.5193550014910073,0.56222653,0.04287153239876318,0.04287153239876318
2YSF.pdb,R24P,23,1.4374962156164242,1.596346,0.1588498050821232,0.1588498050821232
2YSF.pdb,T25Q,24,0.4817649684998293,0.51890504,0.03714007510216044,0.03714007510216044
2YSF.pdb,T25E,24,0.2256990909623604,0.8010193,0.5753202199888725,0.5753202199888725
2YSF.pdb,T25N,24,0.8145969554114312,1.15795,0.3433530882668525,0.3433530882668525
2YSF.pdb,T25H,24,0.4592198727259,0.8726001,0.4133802058568637,0.4133802058568637
2YSF.pdb,T25D,24,1.305428497484413,1.3470708,0.04164231569460308,0.04164231569460308
2YSF.pdb,T25R,24,0.0815792689824403,0.6879829,0.6064036478495299,0.6064036478495299
2YSF.pdb,T25K,24,0.1045660375458814,0.6801463,0.5755802394049547,0.5755802394049547
2YSF.pdb,T25S,24,0.8757750924024301,0.5143178,-0.3614572818669992,0.3614572818669992
2YSF.pdb,T25A,24,0.805761319226491,0.7341967,-0.07156459671901416,0.07156459671901416
2YSF.pdb,T25G,24,1.0881548835472732,1.3494925,0.26133766634896705,0.26133766634896705
2YSF.pdb,T25M,24,0.2312162055211963,0.3224028,0.09118659956875427,0.09118659956875427
2YSF.pdb,T25L,24,-0.2701873754134856,0.57334054,0.843527910577365,0.843527910577365
2YSF.pdb,T25V,24,-0.2198419500670578,0.32256252,0.5424044658026841,0.5424044658026841
2YSF.pdb,T25I,24,-0.4050936121429269,0.28744242,0.6925360280956094,0.6925360280956094
2YSF.pdb,T25W,24,0.0459695905779153,0.6442113,0.5982417016889304,0.5982417016889304
2YSF.pdb,T25Y,24,-0.1111919658524382,0.530274,0.6414659397942412,0.6414659397942412
2YSF.pdb,T25F,24,-0.1134967999048002,0.557127,0.6706237988061674,0.6706237988061674
2YSF.pdb,T25P,24,2.553209688814832,2.5004778,-0.05273189798231259,0.05273189798231259
2YSF.pdb,T26Q,25,0.3585446985153273,0.14499845,-0.21354625240841657,0.21354625240841657
2YSF.pdb,T26E,25,0.3439604486788588,0.32918495,-0.014775499280818005,0.014775499280818005
2YSF.pdb,T26N,25,1.0740032440047715,0.9520731,-0.12193014677576763,0.12193014677576763
2YSF.pdb,T26H,25,0.2716517070020572,0.2932195,0.02156779973851286,0.02156779973851286
2YSF.pdb,T26D,25,1.3380623402581138,1.245473,-0.09258931302880469,0.09258931302880469
2YSF.pdb,T26R,25,0.556649224723724,0.5048945,-0.05175472971334805,0.05175472971334805
2YSF.pdb,T26K,25,0.0872920359785651,0.550465,0.46317295177625667,0.46317295177625667
2YSF.pdb,T26S,25,0.4410992612123432,0.28568614,-0.15541312592029,0.15541312592029
2YSF.pdb,T26A,25,0.5991302715411071,0.23290852,-0.3662217544188384,0.3662217544188384
2YSF.pdb,T26G,25,1.3770058111514778,1.0322303,-0.3447755531635017,0.3447755531635017
2YSF.pdb,T26M,25,-0.3140908951766277,-0.18911004,0.12498085451195484,0.12498085451195484
2YSF.pdb,T26L,25,0.0859162086694098,0.21559562,0.12967940922094817,0.12967940922094817
2YSF.pdb,T26V,25,-0.0010921040863478,-0.2967089,-0.2956168075709856,0.2956168075709856
2YSF.pdb,T26I,25,-0.2565788283333698,-0.24048424,0.016094590662471375,0.016094590662471375
2YSF.pdb,T26W,25,-1.270303904415932,-0.2051166,1.0651873046177296,1.0651873046177296
2YSF.pdb,T26Y,25,-0.4048865197789624,-0.2154071,0.1894794164788678,0.1894794164788678
2YSF.pdb,T26F,25,-0.3203668355825262,-0.27689263,0.043474203336508754,0.043474203336508754
2YSF.pdb,T26P,25,2.060151145601427,1.8227665,-0.23738460316673482,0.23738460316673482
2YSF.pdb,T27Q,26,0.9495974968614098,1.0257916,0.07619414818863901,0.07619414818863901
2YSF.pdb,T27E,26,1.998161516104436,1.3173323,-0.6808292483432055,0.6808292483432055
2YSF.pdb,T27N,26,1.7267919133111718,1.2271457,-0.49964624146668934,0.49964624146668934
2YSF.pdb,T27H,26,0.9661203278159344,1.2746601,0.30853978265769844,0.30853978265769844
2YSF.pdb,T27D,26,2.3503777077281978,1.185426,-1.1649517109478023,1.1649517109478023
2YSF.pdb,T27R,26,1.9998737099539112,1.3643637,-0.6355100396047901,0.6355100396047901
2YSF.pdb,T27K,26,1.804851510558268,1.3015373,-0.503314235243937,0.503314235243937
2YSF.pdb,T27S,26,0.6134711707739988,0.5637357,-0.04973544727851542,0.04973544727851542
2YSF.pdb,T27A,26,1.7474859015853772,1.1381612,-0.6093247191818127,0.6093247191818127
2YSF.pdb,T27G,26,1.6742366352537918,1.4432942,-0.23094246773517613,0.23094246773517613
2YSF.pdb,T27M,26,1.565359923097391,0.8517308,-0.7136290995805452,0.7136290995805452
2YSF.pdb,T27L,26,1.6528367142486136,1.0830503,-0.5697864632415335,0.5697864632415335
2YSF.pdb,T27V,26,1.2660296018768773,0.9384714,-0.32755822498097276,0.32755822498097276
2YSF.pdb,T27I,26,1.0005215591696963,0.99118644,-0.009335119178699003,0.009335119178699003
2YSF.pdb,T27W,26,1.2926828558658272,1.2382159,-0.054466932556501035,0.054466932556501035
2YSF.pdb,T27Y,26,1.079558536389996,1.1484332,0.06887467207558018,0.06887467207558018
2YSF.pdb,T27F,26,1.240924219695069,1.0757294,-0.16519484957788144,0.16519484957788144
2YSF.pdb,T27P,26,1.9400073874434196,1.8842969,-0.05571049336993328,0.05571049336993328
2YSF.pdb,Y28Q,27,1.1039732941905782,1.1154742,0.011500929899997958,0.011500929899997958
2YSF.pdb,Y28E,27,1.1584714351831025,1.2736021,0.11513069284576716,0.11513069284576716
2YSF.pdb,Y28N,27,0.994926910387189,1.0349398,0.040012855542986836,0.040012855542986836
2YSF.pdb,Y28H,27,0.6684104823474659,0.76605016,0.09763967758371694,0.09763967758371694
2YSF.pdb,Y28D,27,1.187514214468419,1.1696764,-0.01783779139560404,0.01783779139560404
2YSF.pdb,Y28R,27,0.9150093535900734,1.241004,0.32599463658326644,0.32599463658326644
2YSF.pdb,Y28K,27,1.4196422274419165,1.1772411,-0.24240114048207761,0.24240114048207761
2YSF.pdb,Y28T,27,0.8031839744399606,0.8776205,0.07443654376758946,0.07443654376758946
2YSF.pdb,Y28S,27,0.9634693772096692,1.0220544,0.05858505661296265,0.05858505661296265
2YSF.pdb,Y28A,27,1.190455811349982,1.1230942,-0.06736161026203025,0.06736161026203025
2YSF.pdb,Y28G,27,1.5654838863535487,1.1537133,-0.4117705408258998,0.4117705408258998
2YSF.pdb,Y28M,27,0.4005261632583288,0.7217785,0.3212523487427088,0.3212523487427088
2YSF.pdb,Y28L,27,0.4038597332127314,0.9235891,0.5197293771617193,0.5197293771617193
2YSF.pdb,Y28V,27,1.1398011448315248,1.1251694,-0.014631748431073177,0.014631748431073177
2YSF.pdb,Y28I,27,1.2548555535503838,1.1133327,-0.14152280513729787,0.14152280513729787
2YSF.pdb,Y28W,27,-0.1822197060264359,0.086024165,0.2682438711799393,0.2682438711799393
2YSF.pdb,Y28F,27,-0.2135240544342718,-0.02441287,0.1891111840271673,0.1891111840271673
2YSF.pdb,Y28P,27,1.2431696682032205,1.5827312,0.3395615787450217,0.3395615787450217
2YSF.pdb,I29Q,28,0.3758647241298753,0.5415547,0.16568996527747332,0.16568996527747332
2YSF.pdb,I29E,28,0.4584212360402278,0.67895603,0.22053479575908863,0.22053479575908863
2YSF.pdb,I29N,28,0.7616390087208704,0.7676282,0.005989184180740903,0.005989184180740903
2YSF.pdb,I29H,28,0.5763417616554587,0.6400775,0.06373571007763457,0.06373571007763457
2YSF.pdb,I29D,28,0.6184575590502894,0.8717152,0.2532576289761388,0.2532576289761388
2YSF.pdb,I29R,28,0.4739650359923202,0.74886686,0.27490182010585484,0.27490182010585484
2YSF.pdb,I29K,28,0.592471485841108,0.7240135,0.13154202152507244,0.13154202152507244
2YSF.pdb,I29T,28,0.5385389732135277,0.6112698,0.07273079883923717,0.07273079883923717
2YSF.pdb,I29S,28,1.0398237506434769,0.88691914,-0.152904609827742,0.152904609827742
2YSF.pdb,I29A,28,1.0001269116737803,0.7483941,-0.25173283961796367,0.25173283961796367
2YSF.pdb,I29G,28,1.6031908218621629,1.3676468,-0.23554400846952372,0.23554400846952372
2YSF.pdb,I29M,28,0.7224533663115658,0.45859128,-0.26386208394385946,0.26386208394385946
2YSF.pdb,I29L,28,0.494678428407217,0.39160624,-0.10307218694260212,0.10307218694260212
2YSF.pdb,I29V,28,0.5907131689940004,0.21843234,-0.37228083194833084,0.37228083194833084
2YSF.pdb,I29W,28,0.533260075268303,0.50384116,-0.029418913540397718,0.029418913540397718
2YSF.pdb,I29Y,28,0.8219797506569526,0.4849239,-0.33705585148321604,0.33705585148321604
2YSF.pdb,I29F,28,0.6660713030157679,0.48239636,-0.18367493880373176,0.18367493880373176
2YSF.pdb,I29P,28,2.5855246656537414,2.1285946,-0.45693002873662714,0.45693002873662714
2YSF.pdb,D30E,29,1.9794827267911748,1.8193061,-0.16017659161356246,0.16017659161356246
2YSF.pdb,D30H,29,1.5578199024083312,1.1694946,-0.38832527350208124,0.38832527350208124
2YSF.pdb,D30R,29,2.671564768889189,1.8501612,-0.8214035740878582,0.8214035740878582
2YSF.pdb,D30A,29,2.69357095165285,1.3386409,-1.3549300233844175,1.3549300233844175
2YSF.pdb,D30W,29,2.4426933056591844,1.1648697,-1.277823639559636,1.277823639559636
2YSF.pdb,D30Y,29,2.646208025652273,1.0648253,-1.5813827292502953,1.5813827292502953
2YSF.pdb,D30P,29,1.505355889166745,2.2358792,0.7305232936488069,0.7305232936488069
2YSF.pdb,P31Q,30,1.7090131492406848,2.3276863,0.6186731605737683,0.6186731605737683
2YSF.pdb,P31E,30,2.0562433366308466,2.4348018,0.37855848030946104,0.37855848030946104
2YSF.pdb,P31N,30,2.643108134736406,2.2673116,-0.37579656170784137,0.37579656170784137
2YSF.pdb,P31H,30,1.946395530717761,2.3356385,0.3892429923840457,0.3892429923840457
2YSF.pdb,P31T,30,2.521967919883396,2.763173,0.24120518344912334,0.24120518344912334
2YSF.pdb,P31M,30,2.3642632105655723,1.987487,-0.37677625206184917,0.37677625206184917
2YSF.pdb,P31V,30,2.4579793797928096,2.0642273,-0.39375203718721874,0.39375203718721874
2YSF.pdb,P31I,30,2.2969286610619544,2.052577,-0.2443516423241614,0.2443516423241614
2YSF.pdb,P31Y,30,2.051419016325608,1.9655951,-0.0858238901735695,0.0858238901735695
2YSF.pdb,P31F,30,2.1272385709040056,1.6943592,-0.4328793875925432,0.4328793875925432
2YSF.pdb,R32Q,31,2.22831826136599,1.2008204,-1.0274978153515857,1.0274978153515857
2YSF.pdb,R32E,31,1.703008778641883,1.5260515,-0.17695725734061352,0.17695725734061352
2YSF.pdb,R32N,31,1.7150564034308324,0.57043,-1.1446264226759801,1.1446264226759801
2YSF.pdb,R32H,31,1.853648214431438,1.1851523,-0.668495922179851,0.668495922179851
2YSF.pdb,R32D,31,1.996575387874936,1.7185851,-0.27799025432238467,0.27799025432238467
2YSF.pdb,R32K,31,2.0155005664773964,0.62383145,-1.391669115538218,1.391669115538218
2YSF.pdb,R32T,31,1.7458520011029404,0.8839872,-0.861864812763707,0.861864812763707
2YSF.pdb,R32S,31,1.4669207992805404,0.9601564,-0.5067644181503219,0.5067644181503219
2YSF.pdb,R32A,31,1.531919360328352,1.4355352,-0.09638416783872805,0.09638416783872805
2YSF.pdb,R32G,31,2.003525181339797,1.8550582,-0.14846698813301007,0.14846698813301007
2YSF.pdb,R32M,31,1.9204221531699637,1.006526,-0.9138961598227957,0.9138961598227957
2YSF.pdb,R32L,31,1.860602019315957,0.869315,-0.9912869911253441,0.9912869911253441
2YSF.pdb,R32V,31,1.477043971688477,1.1997347,-0.2773092838833011,0.2773092838833011
2YSF.pdb,R32I,31,1.5898370379477686,1.0947654,-0.4950716132193751,0.4950716132193751
2YSF.pdb,R32W,31,1.2800328666725118,1.319796,0.03976309947586465,0.03976309947586465
2YSF.pdb,R32Y,31,1.620035103048754,1.3652146,-0.2548205167908195,0.2548205167908195
2YSF.pdb,R32F,31,1.5004556463301455,1.4289097,-0.07154598694446435,0.07154598694446435
2YSF.pdb,R32P,31,1.543506256827879,2.2092566,0.665750392189455,0.665750392189455
2YSF.pdb,T33Q,32,0.4392958656924226,0.25295484,-0.1863410250323274,0.1863410250323274
2YSF.pdb,T33E,32,0.4148189435131071,0.32407928,-0.09073966838188152,0.09073966838188152
2YSF.pdb,T33N,32,0.4024970489874644,0.22392854,-0.1785685080424113,0.1785685080424113
2YSF.pdb,T33H,32,0.612535601056533,0.36924115,-0.24329445282311934,0.24329445282311934
2YSF.pdb,T33D,32,0.4353253721411372,0.15085383,-0.28447154454542645,0.28447154454542645
2YSF.pdb,T33R,32,1.1392563709383758,0.45638674,-0.6828696259623321,0.6828696259623321
2YSF.pdb,T33K,32,0.726783224532725,0.30864283,-0.4181403901077525,0.4181403901077525
2YSF.pdb,T33S,32,0.468086542347049,-0.06479317,-0.5328797118454927,0.5328797118454927
2YSF.pdb,T33A,32,0.4409314373339865,0.0567784,-0.38415303619758817,0.38415303619758817
2YSF.pdb,T33G,32,0.4671147014301839,0.37996784,-0.08714686290441181,0.08714686290441181
2YSF.pdb,T33M,32,0.4446353419996263,0.27570683,-0.16892851435909284,0.16892851435909284
2YSF.pdb,T33L,32,0.2152418101109854,0.29997438,0.08473257181269014,0.08473257181269014
2YSF.pdb,T33V,32,0.4477311058840869,0.5304458,0.08271470824860355,0.08271470824860355
2YSF.pdb,T33I,32,0.251101733251525,0.53843963,0.28733789821057215,0.28733789821057215
2YSF.pdb,T33W,32,0.4055157985785758,0.42262805,0.017112246503516504,0.017112246503516504
2YSF.pdb,T33Y,32,0.6993633390458982,0.43087208,-0.2684912563356321,0.2684912563356321
2YSF.pdb,T33F,32,0.6314769148466761,0.5262171,-0.10525981184222055,0.10525981184222055
2YSF.pdb,T33P,32,0.5601727913784798,1.1564562,0.5962834406924431,0.5962834406924431
2YSF.pdb,G34Q,33,0.1417016430878668,0.026974268,-0.11472737483024886,0.11472737483024886
2YSF.pdb,G34E,33,0.3809591999198436,0.02101744,-0.35994176025643343,0.35994176025643343
2YSF.pdb,G34N,33,0.3049113800977348,-0.07874851,-0.38365988938556894,0.38365988938556894
2YSF.pdb,G34H,33,0.2459650944295859,-0.11704673,-0.36301182315978764,0.36301182315978764
2YSF.pdb,G34D,33,0.1375023895773823,0.079280026,-0.058222363320344195,0.058222363320344195
2YSF.pdb,G34R,33,0.9195540517813354,0.04991033,-0.8696437224990516,0.8696437224990516
2YSF.pdb,G34K,33,0.7015289204993289,-0.03141733,-0.7329462493636649,0.7329462493636649
2YSF.pdb,G34T,33,0.3442022751634792,0.055009536,-0.28919273871833834,0.28919273871833834
2YSF.pdb,G34S,33,0.2398210808207226,0.044953592,-0.1948674886991215,0.1948674886991215
2YSF.pdb,G34A,33,0.2130816662340771,-0.06692146,-0.2800031238823544,0.2800031238823544
2YSF.pdb,G34M,33,0.0858683388217429,-0.056969345,-0.14283768343767916,0.14283768343767916
2YSF.pdb,G34L,33,-0.0601844021703839,-0.1612767,-0.1010922959421039,0.1010922959421039
2YSF.pdb,G34V,33,0.2406663277952763,-0.044272747,-0.2849390746860596,0.2849390746860596
2YSF.pdb,G34I,33,0.1036975272245919,-0.061542477,-0.16524000468330735,0.16524000468330735
2YSF.pdb,G34W,33,0.0450871385512645,-0.107291974,-0.15237911267855714,0.15237911267855714
2YSF.pdb,G34Y,33,0.2885977567896516,-0.10007647,-0.38867422358843395,0.38867422358843395
2YSF.pdb,G34F,33,0.0088074526877643,-0.016844604,-0.025652056852126254,0.025652056852126254
2YSF.pdb,G34P,33,0.2834064918389103,0.49255693,0.20915043774940756,0.20915043774940756
3ZGK.pdb,G1Q,0,0.0810195565784646,0.12867513,0.04765557641141882,0.04765557641141882
3ZGK.pdb,G1E,0,0.2072455046021657,0.16221191,-0.04503359471199084,0.04503359471199084
3ZGK.pdb,G1N,0,0.0148501435156465,0.048445225,0.03359508124631639,0.03359508124631639
3ZGK.pdb,G1H,0,0.1014369312407397,0.07529127,-0.026145662713231918,0.026145662713231918
3ZGK.pdb,G1D,0,0.1794031401272593,0.15481085,-0.02459229427536111,0.02459229427536111
3ZGK.pdb,G1R,0,0.4217658349118927,0.1647701,-0.25699573837144163,0.25699573837144163
3ZGK.pdb,G1K,0,0.247015379744278,0.043600366,-0.2034150142247544,0.2034150142247544
3ZGK.pdb,G1T,0,-0.0975588954419186,0.24437621,0.3419351078003933,0.3419351078003933
3ZGK.pdb,G1S,0,0.1571943292566806,0.11065111,-0.046543216163781265,0.046543216163781265
3ZGK.pdb,G1A,0,0.1093526487735658,0.016101472,-0.09325117669381193,0.09325117669381193
3ZGK.pdb,G1M,0,0.3305225770925566,0.109724104,-0.22079847268810715,0.22079847268810715
3ZGK.pdb,G1L,0,0.2428933730380125,0.1057297,-0.13716367390318585,0.13716367390318585
3ZGK.pdb,G1V,0,0.0369609529566439,0.2023629,0.16540194205525796,0.16540194205525796
3ZGK.pdb,G1I,0,0.2759992249344116,0.2182515,-0.05774772838099057,0.05774772838099057
3ZGK.pdb,G1W,0,0.3674064946878372,0.05339881,-0.31400768436078413,0.31400768436078413
3ZGK.pdb,G1Y,0,0.2231426661986604,0.13144876,-0.09169390556996015,0.09169390556996015
3ZGK.pdb,G1F,0,0.27542234595996,0.18413515,-0.09128719207030395,0.09128719207030395
3ZGK.pdb,G1P,0,0.0727008027199618,0.09239759,0.019696790241826384,0.019696790241826384
3ZGK.pdb,G1C,0,-0.3053382943670835,-0.12713893,0.1781993667881574,0.1781993667881574
3ZGK.pdb,P2Q,1,-0.0055400298754677,0.5235333,0.5290733145396218,0.5290733145396218
3ZGK.pdb,P2E,1,0.1045475121657073,0.5312005,0.42665301597912914,0.42665301597912914
3ZGK.pdb,P2N,1,0.0432132503747335,0.47108337,0.4278701224566111,0.4278701224566111
3ZGK.pdb,P2H,1,0.0992067448979563,0.463837,0.36463025284946493,0.36463025284946493
3ZGK.pdb,P2D,1,0.192963407357336,0.6051223,0.41215892044722946,0.41215892044722946
3ZGK.pdb,P2T,1,0.2134372649913913,0.562405,0.34896772520483677,0.34896772520483677
3ZGK.pdb,P2S,1,0.0031689012318674,0.42660114,0.42343224045934047,0.42343224045934047
3ZGK.pdb,P2A,1,0.1846135975014275,0.32829207,0.14367847431787792,0.14367847431787792
3ZGK.pdb,P2G,1,0.0962530216280672,0.5492879,0.45303489360173016,0.45303489360173016
3ZGK.pdb,P2M,1,0.2779132688358614,0.35169902,0.0737857556029966,0.0737857556029966
3ZGK.pdb,P2L,1,0.1994149304754739,0.3442132,0.14479825721907566,0.14479825721907566
3ZGK.pdb,P2V,1,0.2005599400353976,0.3926878,0.19212785751098913,0.19212785751098913
3ZGK.pdb,P2I,1,0.2248240193444513,0.3860182,0.16119416746318116,0.16119416746318116
3ZGK.pdb,P2C,1,-0.5279926213560371,0.18030158,0.7082941982088355,0.7082941982088355
3ZGK.pdb,G3Q,2,-0.0187595749443252,0.14103134,0.15979091470892023,0.15979091470892023
3ZGK.pdb,G3E,2,-0.0471770043249692,0.17023739,0.21741439651208772,0.21741439651208772
3ZGK.pdb,G3N,2,0.0495828814156995,-0.012550212,-0.062133093858574406,0.062133093858574406
3ZGK.pdb,G3H,2,-0.0973741144900257,0.079270706,0.17664482007073706,0.17664482007073706
3ZGK.pdb,G3D,2,-0.0071643095817663,0.15190563,0.1590699356403448,0.1590699356403448
3ZGK.pdb,G3R,2,0.34855111941022,0.094791636,-0.25375948353928646,0.25375948353928646
3ZGK.pdb,G3K,2,0.3160349190819378,-0.021055594,-0.33709051316858485,0.33709051316858485
3ZGK.pdb,G3T,2,-0.0095395049818867,0.0670108,0.0765503025421017,0.0765503025421017
3ZGK.pdb,G3S,2,-0.0252617002908612,-0.07550365,-0.050241947036561894,0.050241947036561894
3ZGK.pdb,G3A,2,0.0759182192009646,-0.040561676,-0.11647989522635523,0.11647989522635523
3ZGK.pdb,G3M,2,0.2051089446221832,0.14089818,-0.0642107616340164,0.0642107616340164
3ZGK.pdb,G3L,2,0.0757457210395715,0.100775436,0.02502971452733066,0.02502971452733066
3ZGK.pdb,G3V,2,0.0964346272512566,0.1828166,0.08638196758783948,0.08638196758783948
3ZGK.pdb,G3I,2,0.0134180138164023,0.23096819,0.2175501784033319,0.2175501784033319
3ZGK.pdb,G3W,2,0.7513794275797494,0.10215675,-0.6492226767219194,0.6492226767219194
3ZGK.pdb,G3Y,2,0.7551782686106434,0.1717952,-0.5833830643288365,0.5833830643288365
3ZGK.pdb,G3F,2,0.5806895097040101,0.24041362,-0.3402758886360093,0.3402758886360093
3ZGK.pdb,G3P,2,0.119296996867527,-0.1480453,-0.2673422983049049,0.2673422983049049
3ZGK.pdb,G3C,2,-0.3892570848303394,-0.12530679,0.26395029972368045,0.26395029972368045
3ZGK.pdb,L4Q,3,0.0914189329364809,0.20799989,0.11658095214576397,0.11658095214576397
3ZGK.pdb,L4E,3,0.0657325552631218,0.23176402,0.1660314632724922,0.1660314632724922
3ZGK.pdb,L4N,3,0.3603303065427576,0.18743366,-0.17289664651239262,0.17289664651239262
3ZGK.pdb,L4H,3,0.1023209245336964,0.18285125,0.08053033040633656,0.08053033040633656
3ZGK.pdb,L4D,3,-0.0015719417582267,0.28539473,0.28696666994197306,0.28696666994197306
3ZGK.pdb,L4R,3,0.3020520516046594,0.15395296,-0.14809909540501343,0.14809909540501343
3ZGK.pdb,L4K,3,0.0947092761159318,0.07788046,-0.016828819072284035,0.016828819072284035
3ZGK.pdb,L4T,3,0.0206224569583852,0.22770987,0.2070874175523799,0.2070874175523799
3ZGK.pdb,L4S,3,0.1177485244812173,0.11330387,-0.004444654518525035,0.004444654518525035
3ZGK.pdb,L4A,3,0.011764093752582,-0.027433544,-0.039197638149936126,0.039197638149936126
3ZGK.pdb,L4G,3,0.150972424488923,0.20058876,0.049616338271239346,0.049616338271239346
3ZGK.pdb,L4M,3,0.0051194344453016,0.097746775,0.09262734010895102,0.09262734010895102
3ZGK.pdb,L4V,3,-0.0722269246818885,0.112575814,0.18480273880981057,0.18480273880981057
3ZGK.pdb,L4I,3,-0.0982961806533113,0.085363954,0.1836601349589601,0.1836601349589601
3ZGK.pdb,L4W,3,0.1195236468130893,0.0025011003,-0.11702254651134675,0.11702254651134675
3ZGK.pdb,L4Y,3,0.3382745352285599,0.11711245,-0.2211620849269127,0.2211620849269127
3ZGK.pdb,L4F,3,0.0885620247077394,0.16075982,0.0721977968264174,0.0721977968264174
3ZGK.pdb,L4P,3,0.0880781059999034,-0.17288035,-0.2609584575433299,0.2609584575433299
3ZGK.pdb,L4C,3,-0.2481995908686145,-0.062387794,0.18581179661240418,0.18581179661240418
3ZGK.pdb,T5Q,4,0.0990913249390974,0.07860019,-0.0204911343592062,0.0204911343592062
3ZGK.pdb,T5E,4,-0.0232866659868666,0.07792844,0.10121510476955856,0.10121510476955856
3ZGK.pdb,T5N,4,0.0644552303140932,-0.00018465705,-0.06463988736625251,0.06463988736625251
3ZGK.pdb,T5H,4,0.1870626569292479,0.02411523,-0.16294742604111961,0.16294742604111961
3ZGK.pdb,T5D,4,-0.0274979903820757,0.077492215,0.10499020512139837,0.10499020512139837
3ZGK.pdb,T5R,4,0.0552696436490016,0.05294489,-0.00232475249423552,0.00232475249423552
3ZGK.pdb,T5K,4,-0.0756969752120051,-0.034353785,0.041343189995196775,0.041343189995196775
3ZGK.pdb,T5S,4,0.1953265050653856,-0.087554626,-0.28288113123220615,0.28288113123220615
3ZGK.pdb,T5A,4,0.1638245106045115,-0.19723713,-0.3610616445843089,0.3610616445843089
3ZGK.pdb,T5G,4,0.0351595877047459,0.07295438,0.03779479131737553,0.03779479131737553
3ZGK.pdb,T5M,4,0.3644898874926716,-0.002210401,-0.36670028849126396,0.36670028849126396
3ZGK.pdb,T5L,4,0.1071649151332554,-0.06744425,-0.17460916512085764,0.17460916512085764
3ZGK.pdb,T5V,4,0.1649794531342641,0.02837728,-0.13660217349502002,0.13660217349502002
3ZGK.pdb,T5I,4,0.0902214393485536,0.008727219,-0.08149422039279837,0.08149422039279837
3ZGK.pdb,T5W,4,1.0708240431465796,-0.1499019,-1.2207259398617438,1.2207259398617438
3ZGK.pdb,T5Y,4,0.7138761773718616,-0.012779504,-0.7266556814326068,0.7266556814326068
3ZGK.pdb,T5F,4,0.890176145732557,0.034093108,-0.8560830377043835,0.8560830377043835
3ZGK.pdb,T5P,4,0.292426430203426,0.15435866,-0.13806777498911632,0.13806777498911632
3ZGK.pdb,T5C,4,-0.3845392817202424,-0.20994005,0.17459923564823615,0.17459923564823615
3ZGK.pdb,D6Q,5,0.419039706196564,-0.060827687,-0.47986739357926206,0.47986739357926206
3ZGK.pdb,D6E,5,0.2486014275232735,-0.069057494,-0.3176589219252053,0.3176589219252053
3ZGK.pdb,D6N,5,0.44520253756543,0.21332708,-0.2318754575540622,0.2318754575540622
3ZGK.pdb,D6H,5,0.4721606306360506,0.13479298,-0.3373676471040987,0.3373676471040987
3ZGK.pdb,D6R,5,0.940114692351206,0.19292337,-0.747191325327738,0.747191325327738
3ZGK.pdb,D6K,5,0.4573326504941124,0.039160796,-0.4181718549842972,0.4181718549842972
3ZGK.pdb,D6T,5,0.6255318889282164,0.03583043,-0.5897014582417426,0.5897014582417426
3ZGK.pdb,D6S,5,0.511064560588169,0.06849291,-0.4425716488321303,0.4425716488321303
3ZGK.pdb,D6A,5,0.4428435599476747,-0.16122787,-0.6040714269549303,0.6040714269549303
3ZGK.pdb,D6G,5,0.6344329279920471,0.31511867,-0.3193142575284851,0.3193142575284851
3ZGK.pdb,D6M,5,0.8116198259677754,0.01715643,-0.7944633963789807,0.7944633963789807
3ZGK.pdb,D6L,5,0.6701439165853289,0.0591333,-0.6110106178902415,0.6110106178902415
3ZGK.pdb,D6V,5,0.5703746704182087,0.06333225,-0.5070424182137905,0.5070424182137905
3ZGK.pdb,D6I,5,0.4508759141880478,0.041948956,-0.40892695868196144,0.40892695868196144
3ZGK.pdb,D6W,5,1.2884461128572169,0.018589526,-1.2698565864423457,1.2698565864423457
3ZGK.pdb,D6Y,5,1.2732162062637524,0.114166334,-1.1590498719923215,1.1590498719923215
3ZGK.pdb,D6F,5,1.1783932673715078,0.12241696,-1.0559763091586554,1.0559763091586554
3ZGK.pdb,D6P,5,0.1726939929267574,0.8828986,0.710204635784943,0.710204635784943
3ZGK.pdb,D6C,5,-0.2514074057065842,-0.1361282,0.11527920362585758,0.11527920362585758
3ZGK.pdb,L7Q,6,-0.1871697515345047,0.39191118,0.5790809303617905,0.5790809303617905
3ZGK.pdb,L7E,6,-0.0261270072243027,0.58874786,0.6148748662254624,0.6148748662254624
3ZGK.pdb,L7N,6,-0.1519682739188299,0.54988754,0.7018558118750677,0.7018558118750677
3ZGK.pdb,L7H,6,-0.1427822763068804,0.32814,0.4709222668750414,0.4709222668750414
3ZGK.pdb,L7D,6,-0.2024974329113744,0.8078988,1.0103962523579382,1.0103962523579382
3ZGK.pdb,L7R,6,0.0787631274277864,0.27988145,0.20111832012584824,0.20111832012584824
3ZGK.pdb,L7K,6,0.1063128364716323,0.30592978,0.19961694353477638,0.19961694353477638
3ZGK.pdb,L7T,6,-0.0445317252014487,0.44632554,0.49085726574405125,0.49085726574405125
3ZGK.pdb,L7S,6,-0.1841734354962874,0.5137883,0.6979617183675337,0.6979617183675337
3ZGK.pdb,L7A,6,-0.1289018568415225,0.29450354,0.4234053966421664,0.4234053966421664
3ZGK.pdb,L7G,6,0.1398729377629655,0.6789761,0.5391031808016402,0.5391031808016402
3ZGK.pdb,L7M,6,0.1401828821036685,0.1901151,0.04993221208120699,0.04993221208120699
3ZGK.pdb,L7V,6,0.2041467563255974,0.13970813,-0.06443862477385484,0.06443862477385484
3ZGK.pdb,L7I,6,0.150381404221517,-0.03800729,-0.18838869339273587,0.18838869339273587
3ZGK.pdb,L7W,6,-0.2812561505563851,0.13904127,0.42029742534238057,0.42029742534238057
3ZGK.pdb,L7Y,6,-0.0332944740568184,0.14237389,0.17566836374149553,0.17566836374149553
3ZGK.pdb,L7F,6,0.1296346831676631,0.22668153,0.09704684730795335,0.09704684730795335
3ZGK.pdb,L7P,6,0.0984215324474666,0.95859206,0.8601705247806217,0.8601705247806217
3ZGK.pdb,L7C,6,-0.3819268078430595,0.08767781,0.46960461445888896,0.46960461445888896
3ZGK.pdb,F8Q,7,0.3393734452619141,0.6523116,0.31293817783455197,0.31293817783455197
3ZGK.pdb,F8E,7,0.3839074048271946,0.7814656,0.397558185172958,0.397558185172958
3ZGK.pdb,F8N,7,0.4805091632814564,0.95354795,0.4730387912778698,0.4730387912778698
3ZGK.pdb,F8H,7,0.2298217619174209,0.55266875,0.3228469883686814,0.3228469883686814
3ZGK.pdb,F8D,7,0.4128298876666183,1.1298496,0.717019665441597,0.717019665441597
3ZGK.pdb,F8R,7,0.2268733718154036,0.39349556,0.16662218787697922,0.16662218787697922
3ZGK.pdb,F8K,7,0.4098630512649879,0.51315165,0.10328859439541249,0.10328859439541249
3ZGK.pdb,F8T,7,0.4880481044671723,0.65573454,0.16768643456481014,0.16768643456481014
3ZGK.pdb,F8S,7,0.5446777017594373,0.738582,0.19390431327809932,0.19390431327809932
3ZGK.pdb,F8A,7,0.3121923207230268,0.41434866,0.10215634117653988,0.10215634117653988
3ZGK.pdb,F8G,7,0.4534791309794546,0.9937239,0.5402447979489207,0.5402447979489207
3ZGK.pdb,F8M,7,0.1964966500854941,0.20971146,0.013214812173798496,0.013214812173798496
3ZGK.pdb,F8L,7,0.2197886689255641,0.18564638,-0.034142283971111576,0.034142283971111576
3ZGK.pdb,F8V,7,0.3599936536480892,0.37709808,0.017104429848004532,0.017104429848004532
3ZGK.pdb,F8I,7,0.2736154940505257,0.11694965,-0.1566658463855019,0.1566658463855019
3ZGK.pdb,F8W,7,-0.0927473512084109,-0.02524519,0.06750216154166286,0.06750216154166286
3ZGK.pdb,F8Y,7,-0.2091132809778755,-0.0039370656,0.2051762153765266,0.2051762153765266
3ZGK.pdb,F8P,7,0.6939970713529284,1.4710488,0.7770517605867688,0.7770517605867688
3ZGK.pdb,F8C,7,-0.0093720358844366,0.20759329,0.21696532788234615,0.21696532788234615
3ZGK.pdb,K9Q,8,0.3610716397602114,0.14572845,-0.2153431857664141,0.2153431857664141
3ZGK.pdb,K9E,8,0.1126406634969305,0.23091672,0.11827606011204014,0.11827606011204014
3ZGK.pdb,K9N,8,0.1630090767486374,0.22933525,0.06632617172166899,0.06632617172166899
3ZGK.pdb,K9H,8,0.4358978577666161,0.19190842,-0.24398943863438344,0.24398943863438344
3ZGK.pdb,K9D,8,0.1579436414312747,0.4024198,0.2444761640954587,0.2444761640954587
3ZGK.pdb,K9R,8,0.2913049141460417,0.026936397,-0.2643685171895979,0.2643685171895979
3ZGK.pdb,K9T,8,0.8070438092146204,0.32031104,-0.4867327695284174,0.4867327695284174
3ZGK.pdb,K9S,8,0.7063265222114934,0.2944731,-0.4118534105820073,0.4118534105820073
3ZGK.pdb,K9A,8,0.2136354299589147,-0.013617888,-0.2272533180519094,0.2272533180519094
3ZGK.pdb,K9G,8,0.5007961748952203,0.47508204,-0.025714135062151477,0.025714135062151477
3ZGK.pdb,K9M,8,0.798456199239689,0.042082965,-0.7563732338656961,0.7563732338656961
3ZGK.pdb,K9L,8,0.4980808609442393,0.0021337718,-0.4959470891670863,0.4959470891670863
3ZGK.pdb,K9V,8,0.6021828235622366,0.25319844,-0.3489843787189444,0.3489843787189444
3ZGK.pdb,K9I,8,0.7439410016002559,0.1423898,-0.6015511974754237,0.6015511974754237
3ZGK.pdb,K9W,8,0.2962376438454734,0.14590472,-0.15033292401591408,0.15033292401591408
3ZGK.pdb,K9Y,8,0.3664369441994819,0.19692552,-0.1695114233025703,0.1695114233025703
3ZGK.pdb,K9F,8,0.6216622915303964,0.25370517,-0.3679571177995462,0.3679571177995462
3ZGK.pdb,K9P,8,0.6572019180690933,1.3068043,0.6496023812854599,0.6496023812854599
3ZGK.pdb,K9C,8,-0.046072710911762,-0.023646161,0.022426549951564553,0.022426549951564553
3ZGK.pdb,T10Q,9,-0.0924277211127515,-0.036781125,0.05564659634211018,0.05564659634211018
3ZGK.pdb,T10E,9,0.0339500836309056,0.17130633,0.1373562433544536,0.1373562433544536
3ZGK.pdb,T10N,9,0.2980923853808801,0.19854707,-0.099545320122854,0.099545320122854
3ZGK.pdb,T10H,9,0.1717960701396133,0.04790985,-0.12388622174760355,0.12388622174760355
3ZGK.pdb,T10D,9,0.2370858558020923,0.39352903,0.1564431718983319,0.1564431718983319
3ZGK.pdb,T10R,9,0.0196340488059423,-0.20014913,-0.21978318260740257,0.21978318260740257
3ZGK.pdb,T10K,9,-0.3508843681596181,-0.20136942,0.14951494846567126,0.14951494846567126
3ZGK.pdb,T10S,9,0.1317552735678164,0.06321475,-0.06854052446999231,0.06854052446999231
3ZGK.pdb,T10A,9,-0.027273004935143,-0.22338903,-0.19611602456772564,0.19611602456772564
3ZGK.pdb,T10G,9,0.4162468465777476,0.28285837,-0.13338847484312844,0.13338847484312844
3ZGK.pdb,T10M,9,0.2521621055904095,-0.2555944,-0.5077565081420605,0.5077565081420605
3ZGK.pdb,T10L,9,0.2023331846397114,-0.22187477,-0.42420795814206125,0.42420795814206125
3ZGK.pdb,T10V,9,0.18190361746682,-0.100889616,-0.28279323318137,0.28279323318137
3ZGK.pdb,T10I,9,-0.1460241014149645,-0.2653923,-0.11936820205183238,0.11936820205183238
3ZGK.pdb,T10W,9,0.2716540719589178,-0.193371,-0.465025069864649,0.465025069864649
3ZGK.pdb,T10Y,9,0.2871382733749641,-0.15424436,-0.441382636682917,0.441382636682917
3ZGK.pdb,T10F,9,0.3734135672549357,-0.15146905,-0.5248826190928568,0.5248826190928568
3ZGK.pdb,T10P,9,0.7732616446819325,1.0951532,0.32189156786536977,0.32189156786536977
3ZGK.pdb,T10C,9,-0.2441249392787954,-0.30125374,-0.05712879674033913,0.05712879674033913
3ZGK.pdb,E11Q,10,0.4629767107053668,0.007964119,-0.4550125913902194,0.4550125913902194
3ZGK.pdb,E11N,10,0.9376269758941702,0.2927281,-0.6448988796474509,0.6448988796474509
3ZGK.pdb,E11H,10,0.8533584191945152,0.03709478,-0.8162636398819045,0.8162636398819045
3ZGK.pdb,E11D,10,0.9711458427583236,0.40772867,-0.5634171707307357,0.5634171707307357
3ZGK.pdb,E11R,10,0.7323644303770376,0.07174277,-0.6606216573210073,0.6606216573210073
3ZGK.pdb,E11K,10,1.1885444694242366,0.23131984,-0.9572246247014888,0.9572246247014888
3ZGK.pdb,E11T,10,0.5105980428375028,0.5381641,0.027566036351797774,0.027566036351797774
3ZGK.pdb,E11S,10,1.1692119438334705,0.37533116,-0.7938807804270984,0.7938807804270984
3ZGK.pdb,E11A,10,0.7031182682669064,-0.013526395,-0.7166446632301708,0.7166446632301708
3ZGK.pdb,E11G,10,1.4368027074080314,0.83397424,-0.6028284651976432,0.6028284651976432
3ZGK.pdb,E11M,10,0.8067065511488387,-0.2413704,-1.048076945974774,1.048076945974774
3ZGK.pdb,E11L,10,0.9726877474506032,-0.12091197,-1.0935997181851995,1.0935997181851995
3ZGK.pdb,E11V,10,0.7155219319206125,0.12488108,-0.59064085063752,0.59064085063752
3ZGK.pdb,E11I,10,0.7788307784453075,-0.031436637,-0.8102674154892604,0.8102674154892604
3ZGK.pdb,E11W,10,1.0431291887836944,-0.15682079,-1.1999499777632248,1.1999499777632248
3ZGK.pdb,E11Y,10,1.409963034467287,-0.21874847,-1.6287114996476841,1.6287114996476841
3ZGK.pdb,E11F,10,1.321735165892894,-0.08677401,-1.408509172378833,1.408509172378833
3ZGK.pdb,E11P,10,1.5455229027037634,2.073624,0.5281009929413782,0.5281009929413782
3ZGK.pdb,E11C,10,0.7284940056765139,-0.25089538,-0.9793893866503298,0.9793893866503298
3ZGK.pdb,K12Q,11,-0.2755942855325708,0.27635792,0.5519522045103082,0.5519522045103082
3ZGK.pdb,K12E,11,0.6881713278100241,0.7843387,0.09616738488223664,0.09616738488223664
3ZGK.pdb,K12N,11,1.261466197578165,1.3331082,0.07164198914363684,0.07164198914363684
3ZGK.pdb,K12H,11,0.9427261743261104,1.1233447,0.18061848547918746,0.18061848547918746
3ZGK.pdb,K12D,11,1.566016218561382,1.6562693,0.09025309334352527,0.09025309334352527
3ZGK.pdb,K12R,11,0.0066958037028603,-0.004025221,-0.01072102457383198,0.01072102457383198
3ZGK.pdb,K12T,11,0.5485498744077364,0.5315871,-0.016962750536886784,0.016962750536886784
3ZGK.pdb,K12S,11,0.073670187028791,0.3877643,0.3140941178475365,0.3140941178475365
3ZGK.pdb,K12A,11,-0.1171064776593904,0.056538403,0.17364488069360062,0.17364488069360062
3ZGK.pdb,K12G,11,0.6042561883877395,1.062484,0.45822783756746066,0.45822783756746066
3ZGK.pdb,K12M,11,-0.0607801714795206,0.3596077,0.4203878680127237,0.4203878680127237
3ZGK.pdb,K12L,11,0.902609851844137,0.59560144,-0.3070084123681238,0.3070084123681238
3ZGK.pdb,K12V,11,0.760497379290725,0.62742585,-0.1330715298530114,0.1330715298530114
3ZGK.pdb,K12I,11,0.8141633104253536,0.52490985,-0.2892534564901119,0.2892534564901119
3ZGK.pdb,K12W,11,1.1304558442380357,1.0861559,-0.04429995281957866,0.04429995281957866
3ZGK.pdb,K12Y,11,1.1649726052853708,0.90205085,-0.2629217525097971,0.2629217525097971
3ZGK.pdb,K12F,11,1.429530075884676,0.9895667,-0.43996339211545,0.43996339211545
3ZGK.pdb,K12P,11,1.644691379126873,2.17388,0.5291887211233712,0.5291887211233712
3ZGK.pdb,K12C,11,0.3742560126731185,0.55392736,0.17967134929206097,0.17967134929206097
3ZGK.pdb,A13Q,12,0.2993161406639615,0.20393118,-0.09538495804105196,0.09538495804105196
3ZGK.pdb,A13E,12,0.3527628228607766,0.2800241,-0.07273871158987205,0.07273871158987205
3ZGK.pdb,A13N,12,0.6136727056781046,0.51545227,-0.0982204399386637,0.0982204399386637
3ZGK.pdb,A13H,12,0.1876646528681425,0.47634906,0.28868440289891684,0.28868440289891684
3ZGK.pdb,A13D,12,0.5694140634470264,0.4828426,-0.08657146906187929,0.08657146906187929
3ZGK.pdb,A13R,12,-0.1063876181012597,0.2288575,0.33524512044253013,0.33524512044253013
3ZGK.pdb,A13K,12,-0.2176535951945748,0.1745433,0.39219690142607355,0.39219690142607355
3ZGK.pdb,A13T,12,0.6124550520073462,0.48867947,-0.1237755833756018,0.1237755833756018
3ZGK.pdb,A13S,12,0.4555776221770515,0.3824853,-0.073092321874546,0.073092321874546
3ZGK.pdb,A13G,12,1.0683951280320323,0.6712218,-0.3971733353341258,0.3971733353341258
3ZGK.pdb,A13M,12,0.3008056660347695,0.18813017,-0.11267549592788167,0.11267549592788167
3ZGK.pdb,A13L,12,0.4444179860737023,0.22725609,-0.21716189662477348,0.21716189662477348
3ZGK.pdb,A13V,12,0.6420930733485077,0.5092675,-0.13282556436489568,0.13282556436489568
3ZGK.pdb,A13I,12,0.4045090022737536,0.30639073,-0.09811826974697441,0.09811826974697441
3ZGK.pdb,A13W,12,0.444454172214193,0.36487174,-0.07958243187300645,0.07958243187300645
3ZGK.pdb,A13Y,12,0.4482157102887196,0.44682637,-0.0013893417183918344,0.0013893417183918344
3ZGK.pdb,A13F,12,0.7870786480196177,0.4529423,-0.33413633625585426,0.33413633625585426
3ZGK.pdb,A13P,12,1.971874283994853,1.6924021,-0.27947215958994587,0.27947215958994587
3ZGK.pdb,A13C,12,0.0135109461800486,0.20022285,0.18671190366583762,0.18671190366583762
3ZGK.pdb,A14Q,13,0.0609830658180152,0.080191016,0.01920795037918939,0.01920795037918939
3ZGK.pdb,A14E,13,-0.0023731560022532,-0.05095172,-0.04857856328180442,0.04857856328180442
3ZGK.pdb,A14N,13,0.258823794057422,0.38563436,0.1268105686401793,0.1268105686401793
3ZGK.pdb,A14H,13,0.3609258902153454,0.2539607,-0.10696519137234306,0.10696519137234306
3ZGK.pdb,A14D,13,0.6606861374044724,0.19237415,-0.468311982479126,0.468311982479126
3ZGK.pdb,A14R,13,0.1053982271014066,0.2429356,0.1375373707951693,0.1375373707951693
3ZGK.pdb,A14K,13,0.0629013441163426,0.27166873,0.20876738804994768,0.20876738804994768
3ZGK.pdb,A14T,13,0.373487186899621,0.27529633,-0.09819085644765568,0.09819085644765568
3ZGK.pdb,A14S,13,0.4654641680162399,0.32987255,-0.13559161943607023,0.13559161943607023
3ZGK.pdb,A14G,13,0.8947884365502139,0.9013079,0.0065194443282345915,0.0065194443282345915
3ZGK.pdb,A14M,13,-0.1037490713365114,-0.035882622,0.0678664493329561,0.0678664493329561
3ZGK.pdb,A14L,13,-0.0055328184420986,-0.021562159,-0.016029340619333286,0.016029340619333286
3ZGK.pdb,A14V,13,0.3578116056285259,0.14621645,-0.21159515350679126,0.21159515350679126
3ZGK.pdb,A14I,13,0.1661084020173877,-0.050077617,-0.2161860191858142,0.2161860191858142
3ZGK.pdb,A14W,13,-0.0582325908917651,-0.13492644,-0.0766938474398389,0.0766938474398389
3ZGK.pdb,A14Y,13,0.1843554231039994,-0.0044237524,-0.18877917553110055,0.18877917553110055
3ZGK.pdb,A14F,13,0.4140789565953233,0.04758349,-0.3664954659852006,0.3664954659852006
3ZGK.pdb,A14P,13,2.308649516845951,2.0645535,-0.24409601762414912,0.24409601762414912
3ZGK.pdb,A14C,13,-0.3429578202957595,-0.035774827,0.3071829932922805,0.3071829932922805
3ZGK.pdb,V15Q,14,3.1200799464479125,2.429732,-0.6903478621736205,0.6903478621736205
3ZGK.pdb,V15E,14,2.6676269476668004,2.5617802,-0.10584673335710804,0.10584673335710804
3ZGK.pdb,V15N,14,2.25728834974912,2.6554484,0.3981600869879407,0.3981600869879407
3ZGK.pdb,V15H,14,2.823940069591861,2.3445728,-0.47936728707538157,0.47936728707538157
3ZGK.pdb,V15D,14,3.413504160231036,2.8305683,-0.5829358466324033,0.5829358466324033
3ZGK.pdb,V15R,14,3.2284502599889886,2.5827923,-0.6456579778844964,0.6456579778844964
3ZGK.pdb,V15K,14,3.118053998592845,2.7099051,-0.4081488510403548,0.4081488510403548
3ZGK.pdb,V15T,14,1.6363496579462709,1.9438846,0.3075349531834899,0.3075349531834899
3ZGK.pdb,V15S,14,2.7082183766164025,2.204137,-0.5040812897481164,0.5040812897481164
3ZGK.pdb,V15A,14,1.0903977041053698,1.1291044,0.03870667173386355,0.03870667173386355
3ZGK.pdb,V15G,14,3.1801993923556835,2.3762255,-0.8039739208591015,0.8039739208591015
3ZGK.pdb,V15M,14,1.419166271387572,1.033345,-0.38582128733300647,0.38582128733300647
3ZGK.pdb,V15L,14,1.5518007107164222,0.72443616,-0.8273645468141395,0.8273645468141395
3ZGK.pdb,V15I,14,0.6917298109704841,-0.038316727,-0.7300465376550545,0.7300465376550545
3ZGK.pdb,V15W,14,2.3872983524310816,1.7430036,-0.6442947456348169,0.6442947456348169
3ZGK.pdb,V15Y,14,2.8201664306206564,1.5578368,-1.2623296596093039,1.2623296596093039
3ZGK.pdb,V15F,14,1.7438282382735244,1.3212476,-0.42258066060628807,0.42258066060628807
3ZGK.pdb,V15P,14,3.362760758930513,3.1437843,-0.21897647433883805,0.21897647433883805
3ZGK.pdb,V15C,14,0.937450888840408,0.91399527,-0.023455622879714588,0.023455622879714588
3ZGK.pdb,K16Q,15,0.2459048064500995,0.06936222,-0.17654258330175354,0.17654258330175354
3ZGK.pdb,K16E,15,0.6423407877448115,0.91165185,0.2693110620018926,0.2693110620018926
3ZGK.pdb,K16N,15,1.251376312909655,1.5882838,0.3369074643272836,0.3369074643272836
3ZGK.pdb,K16H,15,0.9532292865765236,1.1872898,0.23406054744599836,0.23406054744599836
3ZGK.pdb,K16D,15,2.0130652450238378,1.8731396,-0.13992562519656726,0.13992562519656726
3ZGK.pdb,K16R,15,-0.1823553422362716,0.24046665,0.4228219965369613,0.4228219965369613
3ZGK.pdb,K16T,15,0.6423283199379393,0.9811215,0.33879316052699604,0.33879316052699604
3ZGK.pdb,K16S,15,1.3531615160043882,1.1493343,-0.20382720451909764,0.20382720451909764
3ZGK.pdb,K16A,15,1.1320527950073949,0.81903327,-0.3130195298935643,0.3130195298935643
3ZGK.pdb,K16G,15,1.8523113607475197,1.6578412,-0.19447015515059585,0.19447015515059585
3ZGK.pdb,K16M,15,0.338097823852046,0.47021133,0.13211350322391224,0.13211350322391224
3ZGK.pdb,K16L,15,-0.0131978346631833,0.24822539,0.2614232255742856,0.2614232255742856
3ZGK.pdb,K16V,15,-0.015170897929571,0.36562788,0.3807987827943781,0.3807987827943781
3ZGK.pdb,K16I,15,-0.2665776317657884,0.19389313,0.46047076635975204,0.46047076635975204
3ZGK.pdb,K16W,15,1.289986661459687,1.349185,0.05919832846951212,0.05919832846951212
3ZGK.pdb,K16Y,15,1.2237058228322997,1.2175792,-0.006126577264977895,0.006126577264977895
3ZGK.pdb,K16F,15,1.0783184569701325,1.220242,0.14192356649788507,0.14192356649788507
3ZGK.pdb,K16P,15,2.905601629003435,2.2296548,-0.6759468400324877,0.6759468400324877
3ZGK.pdb,K16C,15,0.6939532786526357,0.74487895,0.05092566908219709,0.05092566908219709
3ZGK.pdb,K17Q,16,0.4034232307486833,0.09274545,-0.31067777762940535,0.31067777762940535
3ZGK.pdb,K17E,16,0.485806373394281,0.20089561,-0.28491076592281495,0.28491076592281495
3ZGK.pdb,K17N,16,0.5663017075073564,0.53047526,-0.03582644868014695,0.03582644868014695
3ZGK.pdb,K17H,16,0.6005544403785046,0.37962884,-0.22092560326989252,0.22092560326989252
3ZGK.pdb,K17D,16,0.8781092835388797,0.50547546,-0.37263382205587803,0.37263382205587803
3ZGK.pdb,K17R,16,0.0609261802537255,0.11260161,0.051675427784223106,0.051675427784223106
3ZGK.pdb,K17T,16,0.5851700251813963,0.32486144,-0.2603085880991056,0.2603085880991056
3ZGK.pdb,K17S,16,0.3743856866508022,0.34225515,-0.032130541339446594,0.032130541339446594
3ZGK.pdb,K17A,16,0.0665070077316953,-0.13858604,-0.20509305204321873,0.20509305204321873
3ZGK.pdb,K17G,16,0.546269829837418,0.54371065,-0.0025591808238987213,0.0025591808238987213
3ZGK.pdb,K17M,16,0.3125622444864597,0.034762472,-0.2777997725721683,0.2777997725721683
3ZGK.pdb,K17L,16,0.2035257557805514,0.08702561,-0.11650014318785426,0.11650014318785426
3ZGK.pdb,K17V,16,0.6345141428472765,0.33935997,-0.29515417394659593,0.29515417394659593
3ZGK.pdb,K17I,16,0.4531272394289303,0.21485028,-0.2382769627203274,0.2382769627203274
3ZGK.pdb,K17W,16,0.4666753733131754,0.16478698,-0.3018883937570917,0.3018883937570917
3ZGK.pdb,K17Y,16,0.5074906083239057,0.24047945,-0.2670111539257505,0.2670111539257505
3ZGK.pdb,K17F,16,0.4215486046766004,0.2333265,-0.18822210998284428,0.18822210998284428
3ZGK.pdb,K17P,16,2.9124866394603126,1.752767,-1.1597196726405494,1.1597196726405494
3ZGK.pdb,K17C,16,0.0894110116803803,0.015439004,-0.07397200797440191,0.07397200797440191
3ZGK.pdb,M18Q,17,-0.0775402773937004,0.7242093,0.801749586017968,0.801749586017968
3ZGK.pdb,M18E,17,0.0061414366713483,0.37089828,0.3647568398961108,0.3647568398961108
3ZGK.pdb,M18N,17,0.8612357401869084,0.9656713,0.10443556070115312,0.10443556070115312
3ZGK.pdb,M18H,17,0.8960481456646794,1.0836622,0.18761400662566485,0.18761400662566485
3ZGK.pdb,M18D,17,-0.0913224193434629,0.056066394,0.1473888131956968,0.1473888131956968
3ZGK.pdb,M18R,17,1.8625458688760868,1.1444454,-0.7181004495645633,0.7181004495645633
3ZGK.pdb,M18K,17,1.669336540814024,1.1706693,-0.49866722356854054,0.49866722356854054
3ZGK.pdb,M18T,17,1.4685480735190497,0.9415329,-0.527015163648902,0.527015163648902
3ZGK.pdb,M18S,17,0.6351207278830375,0.6944584,0.0593376971619759,0.0593376971619759
3ZGK.pdb,M18A,17,0.0465949767241413,0.52582145,0.4792264706482952,0.4792264706482952
3ZGK.pdb,M18G,17,0.7947898825259347,0.9134503,0.11866041816757722,0.11866041816757722
3ZGK.pdb,M18L,17,0.5551338853239045,-0.088187635,-0.6433215202688203,0.6433215202688203
3ZGK.pdb,M18V,17,1.7288657622986645,1.1189955,-0.6098702150040478,0.6098702150040478
3ZGK.pdb,M18I,17,1.64708434787317,0.58562577,-1.0614585801653453,1.0614585801653453
3ZGK.pdb,M18W,17,0.6126995755855305,0.41594747,-0.1967521084968311,0.1967521084968311
3ZGK.pdb,M18Y,17,0.6566666336320321,0.5166702,-0.1399964065812509,0.1399964065812509
3ZGK.pdb,M18F,17,1.0725752102175283,0.5028484,-0.569726823453002,0.569726823453002
3ZGK.pdb,M18P,17,4.328190231955108,1.890213,-2.4379772192597953,2.4379772192597953
3ZGK.pdb,M18C,17,0.2347780112375721,0.483437,0.24865899046759757,0.24865899046759757
3ZGK.pdb,A19Q,18,2.704392600898669,2.2260742,-0.47831838214866895,0.47831838214866895
3ZGK.pdb,A19E,18,3.560979662546281,2.5958395,-0.965140162119035,0.965140162119035
3ZGK.pdb,A19N,18,3.071718616368237,2.5706427,-0.5010759066361814,0.5010759066361814
3ZGK.pdb,A19H,18,2.958281400285512,2.2795305,-0.6787508750779923,0.6787508750779923
3ZGK.pdb,A19D,18,3.371069928558297,2.9361694,-0.4349005426482626,0.4349005426482626
3ZGK.pdb,A19R,18,2.826772232712798,2.175721,-0.6510513026133107,0.6510513026133107
3ZGK.pdb,A19K,18,3.383983834613327,2.2743802,-1.1096036275515595,1.1096036275515595
3ZGK.pdb,A19T,18,1.972739645772683,1.8970888,-0.07565087967466044,0.07565087967466044
3ZGK.pdb,A19S,18,1.7117156587418083,1.4952569,-0.2164587579544548,0.2164587579544548
3ZGK.pdb,A19G,18,2.2015790157470554,1.7708489,-0.4307301454696506,0.4307301454696506
3ZGK.pdb,A19M,18,1.8570733247173965,1.3289427,-0.5281306682003677,0.5281306682003677
3ZGK.pdb,A19L,18,2.2275589205632773,1.34436,-0.883198926628646,0.883198926628646
3ZGK.pdb,A19V,18,1.2675789899748673,1.3094828,0.04190382290660244,0.04190382290660244
3ZGK.pdb,A19I,18,1.79296421289588,1.3404357,-0.45252846956397086,0.45252846956397086
3ZGK.pdb,A19W,18,2.27689106579997,1.3697314,-0.9071596395609562,0.9071596395609562
3ZGK.pdb,A19Y,18,2.291437505530284,1.5208106,-0.770626901434825,0.770626901434825
3ZGK.pdb,A19F,18,2.041926070838043,1.4561193,-0.5858067719031066,0.5858067719031066
3ZGK.pdb,A19P,18,3.1146059336542327,2.730012,-0.38459399365179125,0.38459399365179125
3ZGK.pdb,A19C,18,1.4341518984408004,0.88642013,-0.5477317677111251,0.5477317677111251
3ZGK.pdb,K20Q,19,0.1597358770660224,0.064709365,-0.095026511698133,0.095026511698133
3ZGK.pdb,K20E,19,0.2705717925468445,0.11770779,-0.1528640036026001,0.1528640036026001
3ZGK.pdb,K20N,19,0.1506365634291566,0.36306125,0.21242468582697743,0.21242468582697743
3ZGK.pdb,K20H,19,0.3258473022375279,0.40818328,0.0823359744157619,0.0823359744157619
3ZGK.pdb,K20D,19,0.2306508725590643,0.18863185,-0.042019025058263215,0.042019025058263215
3ZGK.pdb,K20R,19,-0.0705007508131183,0.014873922,0.0853746726843036,0.0853746726843036
3ZGK.pdb,K20T,19,0.7840542273062718,0.40488315,-0.3791710810202611,0.3791710810202611
3ZGK.pdb,K20S,19,0.4775790521000442,0.2214592,-0.25611985708222956,0.25611985708222956
3ZGK.pdb,K20A,19,0.2803337215835193,-0.1951294,-0.4754631161147693,0.4754631161147693
3ZGK.pdb,K20G,19,0.7625661649834434,0.56346357,-0.19910259629600446,0.19910259629600446
3ZGK.pdb,K20M,19,0.2221676501483407,0.006954998,-0.21521265237040185,0.21521265237040185
3ZGK.pdb,K20L,19,0.1899277938974677,0.076508164,-0.11341962949164494,0.11341962949164494
3ZGK.pdb,K20V,19,0.7948580373595391,0.55836904,-0.2364889968703423,0.2364889968703423
3ZGK.pdb,K20I,19,0.5106681648933913,0.34899727,-0.16167089979291216,0.16167089979291216
3ZGK.pdb,K20W,19,0.4870562689236193,0.23597635,-0.25107991563592247,0.25107991563592247
3ZGK.pdb,K20Y,19,0.7059225742115824,0.31731078,-0.3886117939247935,0.3886117939247935
3ZGK.pdb,K20F,19,0.7789259314682715,0.37651783,-0.40240809918906617,0.40240809918906617
3ZGK.pdb,K20P,19,3.381715356075445,1.8172863,-1.564429103099981,1.564429103099981
3ZGK.pdb,K20C,19,0.5349952606425377,0.058250755,-0.47674450557089765,0.47674450557089765
3ZGK.pdb,A21Q,20,0.2307100341036068,-0.020267516,-0.2509775504781948,0.2509775504781948
3ZGK.pdb,A21E,20,-0.1486377818087869,0.06960875,0.21824652976792386,0.21824652976792386
3ZGK.pdb,A21N,20,0.8969467276754735,0.7403329,-0.15661382619765973,0.15661382619765973
3ZGK.pdb,A21H,20,0.8270127011565673,0.52037835,-0.3066343499450195,0.3066343499450195
3ZGK.pdb,A21D,20,0.5032332026227655,0.46626517,-0.03696803085648437,0.03696803085648437
3ZGK.pdb,A21R,20,0.5652661855604952,0.38661742,-0.1786487634566134,0.1786487634566134
3ZGK.pdb,A21K,20,0.5877980859369956,0.2244879,-0.3633101852030478,0.3633101852030478
3ZGK.pdb,A21T,20,0.2998010353015714,0.36674565,0.06694461546670866,0.06694461546670866
3ZGK.pdb,A21S,20,0.2693263697102366,0.3647339,0.09540753488990683,0.09540753488990683
3ZGK.pdb,A21G,20,0.9356746698053198,0.7677123,-0.16796237474993037,0.16796237474993037
3ZGK.pdb,A21M,20,0.0462751029402315,-0.033633262,-0.07990836485925311,0.07990836485925311
3ZGK.pdb,A21L,20,0.0130217777010126,0.023465872,0.010444094109900486,0.010444094109900486
3ZGK.pdb,A21V,20,0.3661355872166538,0.4238226,0.057687024353704486,0.057687024353704486
3ZGK.pdb,A21I,20,0.0803550256412339,0.20506544,0.12471041847059014,0.12471041847059014
3ZGK.pdb,A21W,20,0.4991698910605993,0.3103901,-0.18877977627635856,0.18877977627635856
3ZGK.pdb,A21Y,20,0.4012773822370676,0.38729256,-0.013984818321814918,0.013984818321814918
3ZGK.pdb,A21F,20,0.6266433551495854,0.3683262,-0.2583171680157963,0.2583171680157963
3ZGK.pdb,A21P,20,2.997674426666232,1.998545,-0.9991293760451994,0.9991293760451994
3ZGK.pdb,A21C,20,0.1184630411625597,0.076898485,-0.04156455574042531,0.04156455574042531
3ZGK.pdb,I22Q,21,3.1846528732099824,2.233922,-0.9507308685102753,0.9507308685102753
3ZGK.pdb,I22E,21,3.423559044933268,2.2708201,-1.1527389040946447,1.1527389040946447
3ZGK.pdb,I22N,21,3.816862144166233,2.3586938,-1.4581683060467263,1.4581683060467263
3ZGK.pdb,I22H,21,3.5112763082587133,2.1121511,-1.3991251623236547,1.3991251623236547
3ZGK.pdb,I22D,21,3.2555996545534063,2.5182955,-0.7373041280488897,0.7373041280488897
3ZGK.pdb,I22R,21,3.716880171872075,2.4540105,-1.2628696852692918,1.2628696852692918
3ZGK.pdb,I22K,21,3.110252100470249,2.5439415,-0.5663106026675147,0.5663106026675147
3ZGK.pdb,I22T,21,1.754426764761723,2.046418,0.2919911868221392,0.2919911868221392
3ZGK.pdb,I22S,21,2.067561339296948,2.3252935,0.257732201657642,0.257732201657642
3ZGK.pdb,I22A,21,0.6230588634339758,1.7125523,1.0894934456022791,1.0894934456022791
3ZGK.pdb,I22G,21,2.7074269460597886,2.4969678,-0.2104591535488023,0.2104591535488023
3ZGK.pdb,I22M,21,0.8143620251641668,1.2060971,0.3917351008429133,0.3917351008429133
3ZGK.pdb,I22L,21,0.4441637369150975,0.8322344,0.38807064571429706,0.38807064571429706
3ZGK.pdb,I22V,21,0.1293943523530822,0.40778303,0.2783886791105409,0.2783886791105409
3ZGK.pdb,I22W,21,2.9593569185483783,1.5981815,-1.3611754324186176,1.3611754324186176
3ZGK.pdb,I22Y,21,3.066695540492803,1.5665963,-1.5000992708852592,1.5000992708852592
3ZGK.pdb,I22F,21,2.775105998355267,1.3325214,-1.442584559756634,1.442584559756634
3ZGK.pdb,I22P,21,3.3550907696094234,2.604868,-0.7502228344287594,0.7502228344287594
3ZGK.pdb,I22C,21,0.9244898475818086,1.2381274,0.3136375032253813,0.3136375032253813
3ZGK.pdb,M23Q,22,1.0326781434085426,0.4550164,-0.5776617390182075,0.5776617390182075
3ZGK.pdb,M23E,22,1.5656845241702464,0.6812671,-0.8844174414790538,0.8844174414790538
3ZGK.pdb,M23N,22,1.2761488798361245,1.139452,-0.13669689924530415,0.13669689924530415
3ZGK.pdb,M23H,22,1.411342756959452,0.86145973,-0.549883024903788,0.549883024903788
3ZGK.pdb,M23D,22,1.9797473953658704,1.1709535,-0.808793883174098,0.808793883174098
3ZGK.pdb,M23R,22,1.5647376893285487,0.64644676,-0.918290924859402,0.918290924859402
3ZGK.pdb,M23K,22,1.42833137745475,0.63902086,-0.78931051725959,0.78931051725959
3ZGK.pdb,M23T,22,1.6241103649164916,0.71074706,-0.913363301756549,0.913363301756549
3ZGK.pdb,M23S,22,1.6344184831608577,0.9235387,-0.710879798315887,0.710879798315887
3ZGK.pdb,M23A,22,1.5184240971715923,0.6808337,-0.8375903998525616,0.8375903998525616
3ZGK.pdb,M23G,22,2.1084338940200604,1.3882093,-0.7202245510635175,0.7202245510635175
3ZGK.pdb,M23L,22,-0.0885017259562244,-0.22656983,-0.13806810541508296,0.13806810541508296
3ZGK.pdb,M23V,22,0.8911646610330308,0.45779827,-0.4333663886617387,0.4333663886617387
3ZGK.pdb,M23I,22,0.2203888323874006,0.05453533,-0.16585350304551216,0.16585350304551216
3ZGK.pdb,M23W,22,1.558084403166642,0.53967154,-1.0184128629063272,1.0184128629063272
3ZGK.pdb,M23Y,22,1.370601431425372,0.5898567,-0.7807447472174558,0.7807447472174558
3ZGK.pdb,M23F,22,1.0747250539762625,0.5742494,-0.500475667188848,0.500475667188848
3ZGK.pdb,M23P,22,3.350983728296245,2.109192,-1.241791833764995,1.241791833764995
3ZGK.pdb,M23C,22,0.8592336835569756,0.26766938,-0.5915643038458245,0.5915643038458245
3ZGK.pdb,A24Q,23,0.1895108480929792,0.14394417,-0.0455666740416944,0.0455666740416944
3ZGK.pdb,A24E,23,0.403193224617663,0.2687012,-0.13449202890080508,0.13449202890080508
3ZGK.pdb,A24N,23,0.1518926412394599,0.3332785,0.18138586575478755,0.18138586575478755
3ZGK.pdb,A24H,23,0.4416667844376443,0.3675463,-0.07412049427841882,0.07412049427841882
3ZGK.pdb,A24D,23,0.1288020491130757,0.35247493,0.223672878789146,0.223672878789146
3ZGK.pdb,A24R,23,-0.0364443045266811,0.13357899,0.17002329045617023,0.17002329045617023
3ZGK.pdb,A24K,23,0.0964955057546372,0.085305065,-0.011190440838026477,0.011190440838026477
3ZGK.pdb,A24T,23,0.4305824152863877,0.4719381,0.04135568815103602,0.04135568815103602
3ZGK.pdb,A24S,23,0.1885687475097177,0.34305423,0.15448548747181917,0.15448548747181917
3ZGK.pdb,A24G,23,0.6964132000976222,0.5862959,-0.11011729736858777,0.11011729736858777
3ZGK.pdb,A24M,23,0.1829463791385031,0.110483736,-0.07246264333871366,0.07246264333871366
3ZGK.pdb,A24L,23,0.1580263809951563,0.13983144,-0.01819494233453467,0.01819494233453467
3ZGK.pdb,A24V,23,0.3517900725882787,0.4897403,0.13795023951117807,0.13795023951117807
3ZGK.pdb,A24I,23,0.2136435098266842,0.25277102,0.03912751010892371,0.03912751010892371
3ZGK.pdb,A24W,23,0.8676856434599602,0.2902264,-0.5774592435614312,0.5774592435614312
3ZGK.pdb,A24Y,23,0.4259140368769714,0.3665033,-0.05941073859434809,0.05941073859434809
3ZGK.pdb,A24F,23,0.4219582697129338,0.379732,-0.04222625696421556,0.04222625696421556
3ZGK.pdb,A24P,23,3.141899224597319,1.5024059,-1.639493342715605,1.639493342715605
3ZGK.pdb,A24C,23,-0.0468234891054599,0.11497167,0.16179515663361238,0.16179515663361238
3ZGK.pdb,D25Q,24,1.0877325042717034,1.1243113,0.03657882366256171,0.03657882366256171
3ZGK.pdb,D25E,24,0.7821540206131474,0.8958228,0.11366880243449051,0.11366880243449051
3ZGK.pdb,D25N,24,0.3492412029424137,0.63654506,0.28730385912271084,0.28730385912271084
3ZGK.pdb,D25H,24,0.8678697567037683,1.2577178,0.38984809112032837,0.38984809112032837
3ZGK.pdb,D25R,24,1.5084114240060744,1.4737854,-0.03462602361544942,0.03462602361544942
3ZGK.pdb,D25K,24,1.42290058977601,1.3923345,-0.03056612856385188,0.03056612856385188
3ZGK.pdb,D25T,24,1.330751629315425,1.100498,-0.23025366827111338,0.23025366827111338
3ZGK.pdb,D25S,24,1.1531759459929596,0.9429472,-0.2102287371115814,0.2102287371115814
3ZGK.pdb,D25A,24,1.4026004517743602,0.9140533,-0.4885471308896556,0.4885471308896556
3ZGK.pdb,D25G,24,1.991190151329352,1.3507925,-0.6403976241305604,0.6403976241305604
3ZGK.pdb,D25M,24,1.163049556950388,1.2094644,0.046414873858632966,0.046414873858632966
3ZGK.pdb,D25L,24,1.6446060830095,1.2591782,-0.3854279213884062,0.3854279213884062
3ZGK.pdb,D25V,24,1.4646087050821084,1.4715862,0.006977522334883801,0.006977522334883801
3ZGK.pdb,D25I,24,1.5683123591171884,1.4304852,-0.13782711055151453,0.13782711055151453
3ZGK.pdb,D25W,24,1.3840123169781855,1.3471913,-0.036820983207433544,0.036820983207433544
3ZGK.pdb,D25Y,24,1.2241932823249717,1.4248075,0.2006142661979775,0.2006142661979775
3ZGK.pdb,D25F,24,1.0476095771278136,1.3618255,0.3142158890281923,0.3142158890281923
3ZGK.pdb,D25P,24,3.330754950886893,2.1195486,-1.2112063916980502,1.2112063916980502
3ZGK.pdb,D25C,24,0.1705381725883983,0.81774545,0.6472072745704152,0.6472072745704152
3ZGK.pdb,P26Q,25,0.5697598836849553,0.72443604,0.15467616100803783,0.15467616100803783
3ZGK.pdb,P26E,25,0.6830617832835335,0.61690474,-0.06615704771834796,0.06615704771834796
3ZGK.pdb,P26N,25,0.8218880253601006,0.71986216,-0.10202586229323662,0.10202586229323662
3ZGK.pdb,P26H,25,0.8348827566814858,0.6642471,-0.17063566109661643,0.17063566109661643
3ZGK.pdb,P26D,25,0.8995962878365877,0.7799741,-0.11962218486264975,0.11962218486264975
3ZGK.pdb,P26R,25,1.0418226317584742,0.8068093,-0.23501332561375987,0.23501332561375987
3ZGK.pdb,P26K,25,0.9399598094368238,0.7358283,-0.2041315289879102,0.2041315289879102
3ZGK.pdb,P26T,25,1.039532654995309,0.77489597,-0.26463668894229997,0.26463668894229997
3ZGK.pdb,P26S,25,0.5659704731810415,0.5588443,-0.007126145254405802,0.007126145254405802
3ZGK.pdb,P26A,25,0.659174630819356,0.5926565,-0.06651813763240533,0.06651813763240533
3ZGK.pdb,P26G,25,0.8215384891591881,0.70987695,-0.11166153460367667,0.11166153460367667
3ZGK.pdb,P26M,25,0.6253283399792275,0.7600978,0.1347694617061057,0.1347694617061057
3ZGK.pdb,P26L,25,0.7304660647784313,0.78117293,0.050706866415874075,0.050706866415874075
3ZGK.pdb,P26V,25,0.8558821912354477,0.7223197,-0.1335624690598496,0.1335624690598496
3ZGK.pdb,P26I,25,0.7523814830102271,0.8969286,0.14454712540728387,0.14454712540728387
3ZGK.pdb,P26W,25,-0.0682775985310235,0.57398075,0.6422583471844354,0.6422583471844354
3ZGK.pdb,P26Y,25,0.6452181144467044,0.6961965,0.05097838203995941,0.05097838203995941
3ZGK.pdb,P26F,25,0.545081244042608,0.73476917,0.1896879214732916,0.1896879214732916
3ZGK.pdb,P26C,25,0.4342914403798605,0.4578304,0.023538958894965545,0.023538958894965545
3ZGK.pdb,S27Q,26,0.519136643247629,0.49088037,-0.028256273107553298,0.028256273107553298
3ZGK.pdb,S27E,26,0.5030604353831416,0.65973264,0.1566722044064397,0.1566722044064397
3ZGK.pdb,S27N,26,0.5406847934148882,0.39091653,-0.14976826709729174,0.14976826709729174
3ZGK.pdb,S27H,26,0.7140584513714558,0.5414306,-0.17262785883452958,0.17262785883452958
3ZGK.pdb,S27D,26,0.4820588687758045,0.5918314,0.10977251731352045,0.10977251731352045
3ZGK.pdb,S27R,26,0.1984311359327581,0.3967936,0.19836246796433663,0.19836246796433663
3ZGK.pdb,S27K,26,0.2087850933759618,0.31533095,0.10654585902996777,0.10654585902996777
3ZGK.pdb,S27T,26,0.0532804999352793,0.10379097,0.05051046872126062,0.05051046872126062
3ZGK.pdb,S27A,26,0.3624318042834815,0.23821053,-0.12422127519450749,0.12422127519450749
3ZGK.pdb,S27G,26,0.4973220510152103,0.44566232,-0.05165973135502355,0.05165973135502355
3ZGK.pdb,S27M,26,0.5616966712716063,0.47251162,-0.08918505194215376,0.08918505194215376
3ZGK.pdb,S27L,26,0.476982121085407,0.4766713,-0.00031081280636952036,0.00031081280636952036
3ZGK.pdb,S27V,26,1.0763838422172505,0.64060646,-0.4357773792617756,0.4357773792617756
3ZGK.pdb,S27I,26,1.1654189322851,0.61098576,-0.5544331763646899,0.5544331763646899
3ZGK.pdb,S27W,26,0.5960302956351318,0.6891141,0.09308379814538581,0.09308379814538581
3ZGK.pdb,S27Y,26,0.7697185292353632,0.6565614,-0.11315715457105657,0.11315715457105657
3ZGK.pdb,S27F,26,0.826022838174671,0.68902904,-0.13699380022224794,0.13699380022224794
3ZGK.pdb,S27P,26,1.824316065227396,0.9433964,-0.8809196757429905,0.8809196757429905
3ZGK.pdb,S27C,26,0.0238695641765236,0.19218752,0.16831795370486982,0.16831795370486982
3ZGK.pdb,K28Q,27,0.4008816194430351,0.34688622,-0.05399540184888835,0.05399540184888835
3ZGK.pdb,K28E,27,1.0287214897028516,0.9686899,-0.06003157118478519,0.06003157118478519
3ZGK.pdb,K28N,27,0.4741438376270923,0.7457473,0.27160349017747315,0.27160349017747315
3ZGK.pdb,K28H,27,0.5178736602145442,0.5211686,0.003294929377435807,0.003294929377435807
3ZGK.pdb,K28D,27,1.5779251502300669,1.4147167,-0.16320842964901217,0.16320842964901217
3ZGK.pdb,K28R,27,0.1462247185178071,0.15926969,0.013044971995803734,0.013044971995803734
3ZGK.pdb,K28T,27,0.2638629406531758,0.6187489,0.35488596262136035,0.35488596262136035
3ZGK.pdb,K28S,27,0.5554548049091594,0.7852243,0.22976951359517406,0.22976951359517406
3ZGK.pdb,K28A,27,0.4559782424480616,0.5060645,0.0500862321346105,0.0500862321346105
3ZGK.pdb,K28G,27,0.7075504501286951,0.90465766,0.19710721178613033,0.19710721178613033
3ZGK.pdb,K28M,27,0.0520601471257373,-0.007720828,-0.059780975182072746,0.059780975182072746
3ZGK.pdb,K28L,27,-0.0042303769179783,-0.037295282,-0.033064904969076145,0.033064904969076145
3ZGK.pdb,K28V,27,-0.008140740499515,0.4300539,0.43819463025094935,0.43819463025094935
3ZGK.pdb,K28I,27,-0.1406580142900355,0.42254907,0.5632070832178004,0.5632070832178004
3ZGK.pdb,K28W,27,1.0602105090663163,0.5782031,-0.48200742698166055,0.48200742698166055
3ZGK.pdb,K28Y,27,0.6474945874601414,0.5447283,-0.1027663083463719,0.1027663083463719
3ZGK.pdb,K28F,27,0.6508955102082377,0.48033613,-0.1705593805428629,0.1705593805428629
3ZGK.pdb,K28P,27,2.8536934550778232,1.939081,-0.9146125014798008,0.9146125014798008
3ZGK.pdb,K28C,27,-0.1204458294794794,0.013501048,0.13394687756755314,0.13394687756755314
3ZGK.pdb,A29Q,28,0.8005506227864316,0.8646122,0.06406159893140284,0.06406159893140284
3ZGK.pdb,A29E,28,0.8516013904077564,0.9059371,0.0543356852071728,0.0543356852071728
3ZGK.pdb,A29N,28,1.9869218276682228,1.3948398,-0.5920820640268654,0.5920820640268654
3ZGK.pdb,A29H,28,1.5267284537514816,0.9703771,-0.556351366158403,0.556351366158403
3ZGK.pdb,A29D,28,1.9855919028231732,1.4378875,-0.5477043534228436,0.5477043534228436
3ZGK.pdb,A29R,28,0.9989283871961724,0.91854376,-0.08038463118802419,0.08038463118802419
3ZGK.pdb,A29K,28,1.112873317322248,0.91018486,-0.20268845709275585,0.20268845709275585
3ZGK.pdb,A29T,28,1.1070952944157035,0.9772502,-0.12984507602428508,0.12984507602428508
3ZGK.pdb,A29S,28,0.5128913770758112,0.7244736,0.21158221854339043,0.21158221854339043
3ZGK.pdb,A29G,28,0.818087058664696,1.0979128,0.2798257297264173,0.2798257297264173
3ZGK.pdb,A29M,28,1.1376710726320556,0.30165482,-0.8360162569582275,0.8360162569582275
3ZGK.pdb,A29L,28,2.097407728610697,0.40269473,-1.6947129966599372,1.6947129966599372
3ZGK.pdb,A29V,28,1.5475350440629023,0.7773142,-0.7702208579667109,0.7702208579667109
3ZGK.pdb,A29I,28,1.9828906515889448,0.55262655,-1.4302641013913435,1.4302641013913435
3ZGK.pdb,A29W,28,2.12816235989674,0.37612957,-1.7520327922736016,1.7520327922736016
3ZGK.pdb,A29Y,28,2.304969667176679,0.4361366,-1.8688330638212713,1.8688330638212713
3ZGK.pdb,A29F,28,2.08880456640448,0.40952224,-1.6792823310109557,1.6792823310109557
3ZGK.pdb,A29P,28,3.14615380142552,2.126158,-1.0199958023868239,1.0199958023868239
3ZGK.pdb,A29C,28,0.7485888629903021,0.32500508,-0.4235837787141028,0.4235837787141028
3ZGK.pdb,D30Q,29,0.1230215901862421,-0.024327975,-0.14734956495273493,0.14734956495273493
3ZGK.pdb,D30E,29,0.183011239530455,-0.017246997,-0.20025823651434077,0.20025823651434077
3ZGK.pdb,D30N,29,0.0017359123473443,0.04205968,0.040323766236992936,0.040323766236992936
3ZGK.pdb,D30H,29,-0.0716133723748257,0.0002800189,0.0718933912706902,0.0718933912706902
3ZGK.pdb,D30R,29,0.2025008098044316,-0.031060267,-0.23356107704424064,0.23356107704424064
3ZGK.pdb,D30K,29,0.129714366069674,-0.17007391,-0.29978827761733484,0.29978827761733484
3ZGK.pdb,D30T,29,0.2319201982248335,-0.004143968,-0.23606416644935896,0.23606416644935896
3ZGK.pdb,D30S,29,0.2758221049675944,-0.037659757,-0.31348186180686977,0.31348186180686977
3ZGK.pdb,D30A,29,0.0111124842558973,-0.2537213,-0.26483378104315924,0.26483378104315924
3ZGK.pdb,D30G,29,0.3284801489488274,0.010413185,-0.31806696418682634,0.31806696418682634
3ZGK.pdb,D30M,29,0.1559977743656362,-0.048265208,-0.2042629819245065,0.2042629819245065
3ZGK.pdb,D30L,29,0.1605818098298339,-0.12449747,-0.28507928306973257,0.28507928306973257
3ZGK.pdb,D30V,29,0.0893780798934704,-0.049008142,-0.13838622209656298,0.13838622209656298
3ZGK.pdb,D30I,29,0.1291198079753366,-0.060185205,-0.18930501316671042,0.18930501316671042
3ZGK.pdb,D30W,29,0.1424817888068985,-0.1549506,-0.2974323926496338,0.2974323926496338
3ZGK.pdb,D30Y,29,0.1692282770189197,-0.07282506,-0.24205333631362033,0.24205333631362033
3ZGK.pdb,D30F,29,0.1085718767232846,-0.045663018,-0.1542348945028733,0.1542348945028733
3ZGK.pdb,D30P,29,0.1907062894636677,0.04561911,-0.14508717795553666,0.14508717795553666
3ZGK.pdb,D30C,29,-0.3154571543547644,-0.2347168,0.08074035151929992,0.08074035151929992
3ZGK.pdb,D31Q,30,0.2314082044305498,-0.23322879,-0.4646369922103578,0.4646369922103578
3ZGK.pdb,D31E,30,-0.0450787791652516,-0.23762919,-0.19255041092206682,0.19255041092206682
3ZGK.pdb,D31N,30,0.5244402021911214,0.17158578,-0.3528544188287328,0.3528544188287328
3ZGK.pdb,D31H,30,0.1958516004331603,0.0018315911,-0.19402000930385732,0.19402000930385732
3ZGK.pdb,D31R,30,0.3174231656257693,-0.039997384,-0.3574205495779101,0.3574205495779101
3ZGK.pdb,D31K,30,0.2888291656719204,-0.1840242,-0.4728533655153271,0.4728533655153271
3ZGK.pdb,D31T,30,0.2302547419651395,-0.07385485,-0.30410959070762456,0.30410959070762456
3ZGK.pdb,D31S,30,0.1731466841147022,-0.0703609,-0.2435075830862598,0.2435075830862598
3ZGK.pdb,D31A,30,0.0350771136660004,-0.46444172,-0.4995188303369904,0.4995188303369904
3ZGK.pdb,D31G,30,0.2523838636205919,0.11160499,-0.1407788750456102,0.1407788750456102
3ZGK.pdb,D31M,30,0.152933698637804,-0.2871536,-0.4400873002842274,0.4400873002842274
3ZGK.pdb,D31L,30,0.2216691363643206,-0.2134975,-0.43516664095626245,0.43516664095626245
3ZGK.pdb,D31V,30,0.144668872934591,-0.12102763,-0.26569650648237386,0.26569650648237386
3ZGK.pdb,D31I,30,0.2181212208987699,-0.2402375,-0.4583587251426206,0.4583587251426206
3ZGK.pdb,D31W,30,0.2499875348083122,-0.22453347,-0.47452100329319075,0.47452100329319075
3ZGK.pdb,D31Y,30,0.1669615521769283,-0.122461095,-0.289422647629237,0.289422647629237
3ZGK.pdb,D31F,30,-0.173510137151553,-0.18036804,-0.006857898880170021,0.006857898880170021
3ZGK.pdb,D31P,30,0.8698613956354033,1.0628984,0.1930370018102754,0.1930370018102754
3ZGK.pdb,D31C,30,-0.2925324139645018,-0.36227602,-0.06974360370136123,0.06974360370136123
3ZGK.pdb,V32Q,31,1.4479871214118276,1.2683992,-0.17958788282540183,0.17958788282540183
3ZGK.pdb,V32E,31,2.070280419429165,1.1524798,-0.9178006516297876,0.9178006516297876
3ZGK.pdb,V32N,31,1.8173331152569956,1.7913778,-0.025955332435340317,0.025955332435340317
3ZGK.pdb,V32H,31,1.0801220767740485,1.3269811,0.24685899088342222,0.24685899088342222
3ZGK.pdb,V32D,31,2.87503716915203,1.9537194,-0.9213177916343298,0.9213177916343298
3ZGK.pdb,V32R,31,2.8636133223274363,1.5804665,-1.2831468134620798,1.2831468134620798
3ZGK.pdb,V32K,31,2.0351077280467464,1.7202435,-0.31486427406725426,0.31486427406725426
3ZGK.pdb,V32T,31,0.4462549071508044,1.2017752,0.7555202860636121,0.7555202860636121
3ZGK.pdb,V32S,31,1.5794551968111117,1.5031636,-0.07629162068501305,0.07629162068501305
3ZGK.pdb,V32A,31,0.7512181643222169,0.98075217,0.2295340057636901,0.2295340057636901
3ZGK.pdb,V32G,31,1.5137657417298191,2.146361,0.6325953708647853,0.6325953708647853
3ZGK.pdb,V32M,31,0.8140118663035283,0.34789312,-0.4661187474451909,0.4661187474451909
3ZGK.pdb,V32L,31,1.189204798200401,0.26636797,-0.9228368263032758,0.9228368263032758
3ZGK.pdb,V32I,31,-0.0328913315331327,-0.2090146,-0.17612326302176842,0.17612326302176842
3ZGK.pdb,V32W,31,2.004042203659337,0.4559173,-1.5481249048655443,1.5481249048655443
3ZGK.pdb,V32Y,31,0.7349587904782644,0.5039273,-0.2310315000386587,0.2310315000386587
3ZGK.pdb,V32F,31,1.0749176079856366,0.49590278,-0.579014831267497,0.579014831267497
3ZGK.pdb,V32P,31,3.14899759685431,2.7679179,-0.3810797253790903,0.3810797253790903
3ZGK.pdb,V32C,31,0.7158898009916412,0.34661442,-0.3692753805776703,0.3692753805776703
3ZGK.pdb,Y33Q,32,3.332234098536848,2.3841174,-0.9481167336534253,0.9481167336534253
3ZGK.pdb,Y33E,32,3.379520398045606,2.7290263,-0.6504940804491706,0.6504940804491706
3ZGK.pdb,Y33N,32,3.2723384462899454,2.2830815,-0.9892569147652872,0.9892569147652872
3ZGK.pdb,Y33H,32,2.1790358592456784,1.5842161,-0.5948197413867917,0.5948197413867917
3ZGK.pdb,Y33R,32,3.3402293990097225,2.1469774,-1.1932519743881405,1.1932519743881405
3ZGK.pdb,Y33K,32,3.16941561175507,2.6673512,-0.5020643658749431,0.5020643658749431
3ZGK.pdb,Y33T,32,3.235999393597913,2.4914541,-0.7445452691472294,0.7445452691472294
3ZGK.pdb,Y33S,32,3.110755977657526,2.3290863,-0.7816696739465887,0.7816696739465887
3ZGK.pdb,Y33A,32,3.328643514340326,2.2877874,-1.040856076901361,1.040856076901361
3ZGK.pdb,Y33G,32,3.4504108263706814,2.602657,-0.8477537466740261,0.8477537466740261
3ZGK.pdb,Y33M,32,2.808448644639177,1.7773921,-1.0310564956676194,1.0310564956676194
3ZGK.pdb,Y33L,32,2.450400640900325,1.7233444,-0.7270561956717483,0.7270561956717483
3ZGK.pdb,Y33V,32,3.677970101210215,2.2620704,-1.4158996838060403,1.4158996838060403
3ZGK.pdb,Y33I,32,2.5944165734004643,1.9135118,-0.6809048203181889,0.6809048203181889
3ZGK.pdb,Y33W,32,1.953529442882889,0.77684677,-1.1766826764110263,1.1766826764110263
3ZGK.pdb,Y33F,32,0.4510409408553233,0.59113705,0.1400961107270131,0.1400961107270131
3ZGK.pdb,Y33P,32,3.3239967734449154,3.2662785,-0.057718268119598015,0.057718268119598015
3ZGK.pdb,Y33C,32,2.988253964286063,1.470329,-1.5179249180366732,1.5179249180366732
3ZGK.pdb,Q34E,33,0.4050857689355993,0.6765153,0.27142951226480966,0.27142951226480966
3ZGK.pdb,Q34N,33,0.7967192035938457,0.7779139,-0.01880527556192435,0.01880527556192435
3ZGK.pdb,Q34H,33,0.3434938377407603,0.6472873,0.303793471429009,0.303793471429009
3ZGK.pdb,Q34D,33,1.1596604709060996,1.1704013,0.01074086385647366,0.01074086385647366
3ZGK.pdb,Q34R,33,0.0009418279741213,-0.23854792,-0.2394897491548464,0.2394897491548464
3ZGK.pdb,Q34K,33,-0.0655234312007917,-0.30048895,-0.2349655176212298,0.2349655176212298
3ZGK.pdb,Q34T,33,0.701697343607373,0.55092746,-0.15076988341373898,0.15076988341373898
3ZGK.pdb,Q34S,33,0.2001252017632908,0.48770067,0.2875754691942745,0.2875754691942745
3ZGK.pdb,Q34A,33,0.1047287093864213,0.13869205,0.03396334178583517,0.03396334178583517
3ZGK.pdb,Q34G,33,0.2830033959073077,0.72853756,0.4455341636019696,0.4455341636019696
3ZGK.pdb,Q34M,33,0.3758012287221723,0.23735473,-0.13844650312288337,0.13844650312288337
3ZGK.pdb,Q34L,33,0.8331418359162064,0.40648463,-0.42665720223204806,0.42665720223204806
3ZGK.pdb,Q34V,33,1.042825237749689,0.60701346,-0.4358117737756899,0.4358117737756899
3ZGK.pdb,Q34I,33,1.1038016178486236,0.3825858,-0.7212158241150268,0.7212158241150268
3ZGK.pdb,Q34W,33,0.9002151096672355,0.7967762,-0.1034389341682731,0.1034389341682731
3ZGK.pdb,Q34Y,33,1.1401547173847906,0.73727113,-0.4028835872997991,0.4028835872997991
3ZGK.pdb,Q34F,33,0.8240413191177485,0.6945082,-0.1295331241943476,0.1295331241943476
3ZGK.pdb,Q34P,33,1.358334326055874,1.9226569,0.5643225676742896,0.5643225676742896
3ZGK.pdb,Q34C,33,0.4412441162913354,0.35797596,-0.08326815651350339,0.08326815651350339
3ZGK.pdb,K35Q,34,-0.0535415187606385,-0.004939601,0.048601917935328746,0.048601917935328746
3ZGK.pdb,K35E,34,-0.0032320709203683,0.117097996,0.12033006709565745,0.12033006709565745
3ZGK.pdb,K35N,34,0.2717048539425573,0.49392894,0.22222408516152292,0.22222408516152292
3ZGK.pdb,K35H,34,0.2656293465556842,0.04458274,-0.221046607083295,0.221046607083295
3ZGK.pdb,K35D,34,0.185351871111715,0.613575,0.4282231105777381,0.4282231105777381
3ZGK.pdb,K35R,34,0.2612177439759797,-0.09455543,-0.35577317409024894,0.35577317409024894
3ZGK.pdb,K35T,34,0.0752965980803206,0.051700477,-0.02359612152330423,0.02359612152330423
3ZGK.pdb,K35S,34,0.1288410482011133,0.18097949,0.05213844207903806,0.05213844207903806
3ZGK.pdb,K35A,34,0.0339989000432603,-0.19929966,-0.23329856334854288,0.23329856334854288
3ZGK.pdb,K35G,34,0.4907176915431792,0.739919,0.24920131528131423,0.24920131528131423
3ZGK.pdb,K35M,34,-0.1719412506447635,-0.37745038,-0.20550912610427519,0.20550912610427519
3ZGK.pdb,K35L,34,-0.1118903261180124,-0.297322,-0.18543167891548062,0.18543167891548062
3ZGK.pdb,K35V,34,0.0032244848122129,-0.054104537,-0.05732902158398719,0.05732902158398719
3ZGK.pdb,K35I,34,-0.2488860470711755,-0.27683473,-0.027948679262442655,0.027948679262442655
3ZGK.pdb,K35W,34,0.5220804758445623,-0.5616287,-1.0837091751472356,1.0837091751472356
3ZGK.pdb,K35Y,34,-0.1300080712251343,-0.5170531,-0.38704505606368406,0.38704505606368406
3ZGK.pdb,K35F,34,0.0508311900493843,-0.41381297,-0.4646441552040321,0.4646441552040321
3ZGK.pdb,K35P,34,3.366870967616864,2.2411795,-1.1256915013693054,1.1256915013693054
3ZGK.pdb,K35C,34,-0.1020329735316685,-0.4213314,-0.3192984321079799,0.3192984321079799
3ZGK.pdb,W36Q,35,3.3682404916186823,2.2241611,-1.1440793435473933,1.1440793435473933
3ZGK.pdb,W36E,35,3.771178187846164,2.3826406,-1.388537587641696,1.388537587641696
3ZGK.pdb,W36N,35,3.2751738294772945,2.3778846,-0.8972892030887447,0.8972892030887447
3ZGK.pdb,W36H,35,3.286431518431607,2.1138988,-1.1725327643117338,1.1725327643117338
3ZGK.pdb,W36D,35,3.547878512624584,2.653305,-0.8945734589136465,0.8945734589136465
3ZGK.pdb,W36R,35,3.812385873846043,2.4789445,-1.3334413338222393,1.3334413338222393
3ZGK.pdb,W36K,35,3.991331676276906,2.43088,-1.5604516065442402,1.5604516065442402
3ZGK.pdb,W36T,35,3.655472256301339,1.9787157,-1.6767565981134727,1.6767565981134727
3ZGK.pdb,W36S,35,3.642708020659791,2.3192625,-1.3234455160821543,1.3234455160821543
3ZGK.pdb,W36A,35,3.3045554989097115,1.943867,-1.3606885307548042,1.3606885307548042
3ZGK.pdb,W36G,35,3.3990544289689044,2.805641,-0.5934134930710773,0.5934134930710773
3ZGK.pdb,W36M,35,2.277112224863464,0.750331,-1.5267812402710264,1.5267812402710264
3ZGK.pdb,W36L,35,2.36905775633322,0.62779677,-1.741260987191069,1.741260987191069
3ZGK.pdb,W36V,35,3.4274778648792754,1.380151,-2.047326831477786,2.047326831477786
3ZGK.pdb,W36I,35,3.0041730953457666,0.8542359,-2.1499372078183008,2.1499372078183008
3ZGK.pdb,W36Y,35,2.9207098187189064,0.7828491,-2.1378607453088723,2.1378607453088723
3ZGK.pdb,W36F,35,1.790973850564001,0.17329848,-1.617675372437475,1.617675372437475
3ZGK.pdb,W36P,35,3.9820982851232913,2.5594156,-1.4226827062811283,1.4226827062811283
3ZGK.pdb,W36C,35,3.0511541568085665,0.9674028,-2.08375134098978,2.08375134098978
3ZGK.pdb,A37Q,36,0.5286806836843563,-0.028342053,-0.5570227369785381,0.5570227369785381
3ZGK.pdb,A37E,36,0.7019024457279186,0.23680013,-0.4651023115459423,0.4651023115459423
3ZGK.pdb,A37N,36,0.4452801985121581,0.3281262,-0.1171540064192626,0.1171540064192626
3ZGK.pdb,A37H,36,-0.1555204822421094,0.14362378,0.2991442664265653,0.2991442664265653
3ZGK.pdb,A37D,36,0.7555932750065466,0.5224388,-0.23315445082975828,0.23315445082975828
3ZGK.pdb,A37R,36,0.367967729695291,-0.09341963,-0.4613873560504622,0.4613873560504622
3ZGK.pdb,A37K,36,0.4618364388064711,-0.03465666,-0.49649309757512494,0.49649309757512494
3ZGK.pdb,A37T,36,0.3830417326320421,0.119285405,-0.2637563279498827,0.2637563279498827
3ZGK.pdb,A37S,36,0.1491856946911594,0.23539889,0.08621319389679227,0.08621319389679227
3ZGK.pdb,A37G,36,1.2309839196425614,0.69651437,-0.5344695515853104,0.5344695515853104
3ZGK.pdb,A37M,36,-0.3679143884622946,-0.24474435,0.12317004291652583,0.12317004291652583
3ZGK.pdb,A37L,36,-0.2105360438272963,-0.29183418,-0.08129813175940415,0.08129813175940415
3ZGK.pdb,A37V,36,-0.0293609562664292,-0.20041774,-0.17105678586671136,0.17105678586671136
3ZGK.pdb,A37I,36,0.1051867383442046,-0.42836732,-0.5335540550670744,0.5335540550670744
3ZGK.pdb,A37W,36,-0.2840008508734994,-0.029564619,0.25443623180916836,0.25443623180916836
3ZGK.pdb,A37Y,36,-0.0461185796070138,-0.057724684,-0.011606104869838617,0.011606104869838617
3ZGK.pdb,A37F,36,-0.1360762401227147,0.00083197653,0.13690821665565078,0.13690821665565078
3ZGK.pdb,A37P,36,3.6988827416850287,1.7678345,-1.931048197503205,1.931048197503205
3ZGK.pdb,A37C,36,-0.0317041018218433,-0.2108811,-0.179176997283038,0.179176997283038
3ZGK.pdb,D38Q,37,0.0247836256814744,0.071371704,0.04658807865850668,0.04658807865850668
3ZGK.pdb,D38E,37,0.0238586502319657,0.080500275,0.056641624664656005,0.056641624664656005
3ZGK.pdb,D38N,37,0.1661150802920765,0.29894194,0.1328268597771221,0.1328268597771221
3ZGK.pdb,D38H,37,0.4014832915178177,0.36125207,-0.040231222044551096,0.040231222044551096
3ZGK.pdb,D38R,37,0.3504929930611462,0.23143989,-0.11905310458382073,0.11905310458382073
3ZGK.pdb,D38K,37,0.3280500732100933,0.16574164,-0.16230843586096455,0.16230843586096455
3ZGK.pdb,D38T,37,0.3209868919906693,0.33832014,0.017333244079582144,0.017333244079582144
3ZGK.pdb,D38S,37,0.1611079545722762,0.28979,0.12868204991952983,0.12868204991952983
3ZGK.pdb,D38A,37,0.0470176626644911,0.06023267,0.013215006450575426,0.013215006450575426
3ZGK.pdb,D38G,37,0.5628446003779963,0.6315754,0.06873080521969044,0.06873080521969044
3ZGK.pdb,D38M,37,0.1078532573963202,0.058098674,-0.0497545835758246,0.0497545835758246
3ZGK.pdb,D38L,37,0.2728441488526396,0.16214836,-0.11069579241495647,0.11069579241495647
3ZGK.pdb,D38V,37,0.3630572957236238,0.51385885,0.15080155904703663,0.15080155904703663
3ZGK.pdb,D38I,37,0.3317702379597014,0.28252116,-0.04924907950289903,0.04924907950289903
3ZGK.pdb,D38W,37,0.6376300539917898,0.2555902,-0.3820398535675955,0.3820398535675955
3ZGK.pdb,D38Y,37,0.5208545000372116,0.3417427,-0.1791118056593124,0.1791118056593124
3ZGK.pdb,D38F,37,0.4056450159177012,0.34846956,-0.057175460539740985,0.057175460539740985
3ZGK.pdb,D38P,37,3.08615503688667,1.8633201,-1.2228349246582764,1.2228349246582764
3ZGK.pdb,D38C,37,-0.0240493375055805,0.039671242,0.06372057974267156,0.06372057974267156
3ZGK.pdb,K39Q,38,0.4417802811301894,0.12880175,-0.31297853297364187,0.31297853297364187
3ZGK.pdb,K39E,38,0.5820881405737452,0.3352291,-0.24685904177690077,0.24685904177690077
3ZGK.pdb,K39N,38,0.484068716796258,0.27499023,-0.2090784859975367,0.2090784859975367
3ZGK.pdb,K39H,38,0.4541442395649686,0.19411762,-0.26002661897761964,0.26002661897761964
3ZGK.pdb,K39D,38,0.9314031314121404,0.4947538,-0.43664932362901354,0.43664932362901354
3ZGK.pdb,K39R,38,0.2211954382151209,-0.08677092,-0.3079663601606928,0.3079663601606928
3ZGK.pdb,K39T,38,0.6375716133097882,0.49143395,-0.14613766503136105,0.14613766503136105
3ZGK.pdb,K39S,38,0.4141275710489154,0.29142815,-0.12269942230242492,0.12269942230242492
3ZGK.pdb,K39A,38,0.0259666901700112,-0.16229999,-0.18826668082400289,0.18826668082400289
3ZGK.pdb,K39G,38,1.5161861985636116,0.71650577,-0.7996804326486946,0.7996804326486946
3ZGK.pdb,K39M,38,0.0619099580171376,-0.32403985,-0.3859498046758443,0.3859498046758443
3ZGK.pdb,K39L,38,0.2013578453252473,-0.23952347,-0.4408813157270112,0.4408813157270112
3ZGK.pdb,K39V,38,0.6806743755188283,0.3784073,-0.30226707600024305,0.30226707600024305
3ZGK.pdb,K39I,38,0.3457769835406594,0.102409616,-0.24336736742795034,0.24336736742795034
3ZGK.pdb,K39W,38,0.312655359739626,-0.12512973,-0.43778508924897963,0.43778508924897963
3ZGK.pdb,K39Y,38,0.3616738438403075,-0.045222178,-0.4068960219418471,0.4068960219418471
3ZGK.pdb,K39F,38,0.5402989025342042,-0.026597828,-0.5668967302071626,0.5668967302071626
3ZGK.pdb,K39P,38,3.0332500373446534,2.134374,-0.8988761340701172,0.8988761340701172
3ZGK.pdb,K39C,38,0.1500295278901244,-0.22707081,-0.3771003363007689,0.3771003363007689
3ZGK.pdb,G40Q,39,0.8209264722018204,0.6020373,-0.2188891616015396,0.2188891616015396
3ZGK.pdb,G40E,39,1.0751105648264874,1.0265163,-0.04859424650525934,0.04859424650525934
3ZGK.pdb,G40N,39,0.6393947802270756,0.5416459,-0.09774889571322065,0.09774889571322065
3ZGK.pdb,G40H,39,0.9476151834417564,0.66505444,-0.2825607429434044,0.2825607429434044
3ZGK.pdb,G40D,39,1.1455433458214634,1.0503466,-0.09519673289116559,0.09519673289116559
3ZGK.pdb,G40R,39,1.000690634694012,0.7300499,-0.27064072653284876,0.27064072653284876
3ZGK.pdb,G40K,39,1.0379917714377649,0.62207127,-0.4159205052634485,0.4159205052634485
3ZGK.pdb,G40T,39,1.937563871836976,1.383877,-0.5536868328812876,0.5536868328812876
3ZGK.pdb,G40S,39,1.1817555656125016,0.86899424,-0.31276132962006997,0.31276132962006997
3ZGK.pdb,G40A,39,1.0891108932117493,0.81423223,-0.27487866302528685,0.27487866302528685
3ZGK.pdb,G40M,39,1.0423220288532424,0.8545363,-0.18778573391610864,0.18778573391610864
3ZGK.pdb,G40L,39,1.318726410194957,0.91807336,-0.40065305404337614,0.40065305404337614
3ZGK.pdb,G40V,39,2.519939485425557,1.4271456,-1.0927938851066483,1.0927938851066483
3ZGK.pdb,G40I,39,2.6350133017528314,1.5250866,-1.109926660441186,1.109926660441186
3ZGK.pdb,G40W,39,1.9168871277856627,1.1015328,-0.8153543108987609,0.8153543108987609
3ZGK.pdb,G40Y,39,1.813148684707852,1.0837984,-0.7293502761995512,0.7293502761995512
3ZGK.pdb,G40F,39,1.518495621151594,0.98247844,-0.5360171813437022,0.5360171813437022
3ZGK.pdb,G40P,39,0.8135339563109443,2.0116053,1.1980713064454034,1.1980713064454034
3ZGK.pdb,G40C,39,0.6454730031415812,0.31210887,-0.3333641288205973,0.3333641288205973
3ZGK.pdb,Y41Q,40,3.238398408168609,1.8206991,-1.4176993124425956,1.4176993124425956
3ZGK.pdb,Y41E,40,4.07678851230374,2.16196,-1.914828625752837,1.914828625752837
3ZGK.pdb,Y41N,40,3.438323267522271,2.0331504,-1.4051728330282525,1.4051728330282525
3ZGK.pdb,Y41H,40,1.96604140936691,1.2871038,-0.678937637203519,0.678937637203519
3ZGK.pdb,Y41D,40,3.5516730167325026,2.2537408,-1.297932229226399,1.297932229226399
3ZGK.pdb,Y41R,40,2.5987735773537946,1.4670618,-1.1317118193124127,1.1317118193124127
3ZGK.pdb,Y41K,40,2.988273353573881,1.687556,-1.300717325207792,1.300717325207792
3ZGK.pdb,Y41T,40,1.9966690476679696,1.43313,-0.5635390218043221,0.5635390218043221
3ZGK.pdb,Y41S,40,2.770755278118997,1.8570238,-0.9137314429368071,0.9137314429368071
3ZGK.pdb,Y41A,40,3.3580216283084288,1.447731,-1.9102906102420225,1.9102906102420225
3ZGK.pdb,Y41G,40,3.048594252788064,2.363488,-0.6851062938799828,0.6851062938799828
3ZGK.pdb,Y41M,40,0.3803890118979116,0.7000418,0.319652759037147,0.319652759037147
3ZGK.pdb,Y41L,40,0.2620464113544223,0.31063223,0.048585817496896055,0.048585817496896055
3ZGK.pdb,Y41V,40,0.7367693683653522,0.7770401,0.04027075557416193,0.04027075557416193
3ZGK.pdb,Y41I,40,0.2268547768333495,0.25611293,0.029258156325525003,0.029258156325525003
3ZGK.pdb,Y41W,40,1.1105266310229998,0.2874936,-0.8230330444827776,0.8230330444827776
3ZGK.pdb,Y41F,40,0.6893993709030544,0.31124312,-0.378156254047433,0.378156254047433
3ZGK.pdb,Y41P,40,3.475690656945729,2.5989676,-0.8767231047606705,0.8767231047606705
3ZGK.pdb,Y41C,40,2.0781559009622352,0.82608753,-1.2520683665345924,1.2520683665345924
3ZGK.pdb,T42Q,41,1.6565865882009083,1.2260855,-0.430501044568401,0.430501044568401
3ZGK.pdb,T42E,41,1.4077939144098162,1.2000623,-0.20773163947695483,0.20773163947695483
3ZGK.pdb,T42N,41,0.8563527536681557,0.8468034,-0.009549326925601953,0.009549326925601953
3ZGK.pdb,T42H,41,1.7065516463157877,1.307017,-0.3995346775886759,0.3995346775886759
3ZGK.pdb,T42D,41,0.9098697546731964,0.7056936,-0.20417615211124573,0.20417615211124573
3ZGK.pdb,T42R,41,1.8869056178706969,1.3237419,-0.5631637050289,0.5631637050289
3ZGK.pdb,T42K,41,1.2783619858146116,1.2992194,0.020857384073694085,0.020857384073694085
3ZGK.pdb,T42S,41,0.3026285028755846,0.23382801,-0.06880049470068839,0.06880049470068839
3ZGK.pdb,T42A,41,1.4122169693214175,1.0918076,-0.3204093654853579,0.3204093654853579
3ZGK.pdb,T42G,41,1.1096715305088347,1.0864336,-0.023237881445724362,0.023237881445724362
3ZGK.pdb,T42M,41,1.8709913517887429,1.3782429,-0.49274850148509297,0.49274850148509297
3ZGK.pdb,T42L,41,1.749951689692817,1.3716948,-0.37825688645490185,0.37825688645490185
3ZGK.pdb,T42V,41,1.947826789697016,1.2886561,-0.6591706741650947,0.6591706741650947
3ZGK.pdb,T42I,41,1.8338049847659592,1.4860468,-0.34775819368929906,0.34775819368929906
3ZGK.pdb,T42W,41,2.4069611641702293,1.4904405,-0.916520676308596,0.916520676308596
3ZGK.pdb,T42Y,41,2.1288641663127037,1.3584185,-0.7704457016520592,0.7704457016520592
3ZGK.pdb,T42F,41,2.139167330147732,1.484837,-0.654330274941433,0.654330274941433
3ZGK.pdb,T42P,41,2.096829106931233,1.4071375,-0.6896915937705272,0.6896915937705272
3ZGK.pdb,T42C,41,1.357872258949989,0.8231018,-0.534770440388435,0.534770440388435
3ZGK.pdb,L43Q,42,1.1859288871239966,0.41861242,-0.7673164665650671,0.7673164665650671
3ZGK.pdb,L43E,42,0.7865157901707054,0.3529529,-0.43356289262202985,0.43356289262202985
3ZGK.pdb,L43N,42,1.105992113577284,0.65722317,-0.4487689485420363,0.4487689485420363
3ZGK.pdb,L43H,42,1.0089309199935603,0.45696527,-0.5519656523353267,0.5519656523353267
3ZGK.pdb,L43D,42,0.9065992464977954,0.47004598,-0.4365532627064441,0.4365532627064441
3ZGK.pdb,L43R,42,1.3439777268127076,0.61803305,-0.7259446753219239,0.7259446753219239
3ZGK.pdb,L43K,42,1.1923292958300165,0.48370996,-0.7086193346540979,0.7086193346540979
3ZGK.pdb,L43T,42,0.7792449489677127,0.41950244,-0.3597425118529971,0.3597425118529971
3ZGK.pdb,L43S,42,0.7221725840613145,0.46299857,-0.2591740150496262,0.2591740150496262
3ZGK.pdb,L43A,42,0.6541635017796463,0.0940862,-0.5600773017807907,0.5600773017807907
3ZGK.pdb,L43G,42,0.5555463200775925,0.5733686,0.017822288873976078,0.017822288873976078
3ZGK.pdb,L43M,42,0.3256951435707362,0.23938078,-0.08631436668856457,0.08631436668856457
3ZGK.pdb,L43V,42,0.5735825897225748,0.18443432,-0.38914826521962986,0.38914826521962986
3ZGK.pdb,L43I,42,0.7085232979886604,0.13909163,-0.5694316721789909,0.5694316721789909
3ZGK.pdb,L43W,42,1.2831788121978502,0.028676897,-1.2545019149104815,1.2545019149104815
3ZGK.pdb,L43Y,42,0.7928286563946276,0.17039427,-0.6224343847824603,0.6224343847824603
3ZGK.pdb,L43F,42,0.6302567130172334,0.19686905,-0.43338766752124647,0.43338766752124647
3ZGK.pdb,L43C,42,0.3197282499015705,0.081646115,-0.2380821353137867,0.2380821353137867
3ZGK.pdb,T44Q,43,0.0112807180259828,-0.13534364,-0.14662435906869214,0.14662435906869214
3ZGK.pdb,T44E,43,0.1036907820090609,0.037921492,-0.0657692899987059,0.0657692899987059
3ZGK.pdb,T44N,43,0.0820694399101795,0.19552174,0.11345230219530451,0.11345230219530451
3ZGK.pdb,T44H,43,0.1048247082329423,0.12526932,0.020444615354475296,0.020444615354475296
3ZGK.pdb,T44D,43,0.0862460607808524,0.31226546,0.22601939494195644,0.22601939494195644
3ZGK.pdb,T44R,43,-0.0453208677140004,-0.07850661,-0.03318574357359344,0.03318574357359344
3ZGK.pdb,T44K,43,0.0022610946995502,-0.26872832,-0.2709894105297809,0.2709894105297809
3ZGK.pdb,T44S,43,0.08374248671754,-0.026644334,-0.11038682091458438,0.11038682091458438
3ZGK.pdb,T44A,43,-0.0363129022692243,-0.34524673,-0.30893382996573054,0.30893382996573054
3ZGK.pdb,T44G,43,0.3258899473214076,0.045444045,-0.2804459021055625,0.2804459021055625
3ZGK.pdb,T44M,43,-0.0122732859908052,-0.0044510216,0.007822264438719324,0.007822264438719324
3ZGK.pdb,T44L,43,0.0788183388894085,-0.02330076,-0.10211909838371316,0.10211909838371316
3ZGK.pdb,T44V,43,0.1415296789775997,0.04796089,-0.09356879038321073,0.09356879038321073
3ZGK.pdb,T44I,43,0.1267935674666942,0.11171753,-0.015076037871795983,0.015076037871795983
3ZGK.pdb,T44W,43,0.3312251750861685,0.050911635,-0.28031353992572233,0.28031353992572233
3ZGK.pdb,T44Y,43,0.2939870994053879,0.15606385,-0.13792324471102146,0.13792324471102146
3ZGK.pdb,T44F,43,0.3224374682345936,0.19579476,-0.12664270705371594,0.12664270705371594
3ZGK.pdb,T44P,43,0.3558974143807578,0.5331251,0.17722768813923123,0.17722768813923123
3ZGK.pdb,T44C,43,-0.2144350307836036,-0.19405878,0.020376254881809164,0.020376254881809164
3ZGK.pdb,Q45E,44,0.5904308741199049,0.63887346,0.04844258378872546,0.04844258378872546
3ZGK.pdb,Q45N,44,0.6231801971978714,1.5580453,0.9348650708609054,0.9348650708609054
3ZGK.pdb,Q45H,44,0.5663583764068507,1.2097478,0.6433894148834325,0.6433894148834325
3ZGK.pdb,Q45D,44,0.3864007750409595,1.5965965,1.210195704374934,1.210195704374934
3ZGK.pdb,Q45R,44,0.6702926216361034,0.7852988,0.11500620267419936,0.11500620267419936
3ZGK.pdb,Q45K,44,0.5931001865132415,0.5118011,-0.08129906289416189,0.08129906289416189
3ZGK.pdb,Q45T,44,0.8064517796928494,1.2264948,0.42004300943068573,0.42004300943068573
3ZGK.pdb,Q45S,44,1.026922144398125,1.2201233,0.1932011466175001,0.1932011466175001
3ZGK.pdb,Q45A,44,0.6274296974071474,0.7608362,0.1334064866176634,0.1334064866176634
3ZGK.pdb,Q45G,44,1.58498892223763,1.6577654,0.07277646625113943,0.07277646625113943
3ZGK.pdb,Q45M,44,0.1133247777715937,0.48796833,0.37464354784333553,0.37464354784333553
3ZGK.pdb,Q45L,44,0.4681395679568307,0.8964018,0.4282622546101554,0.4282622546101554
3ZGK.pdb,Q45V,44,0.5635892569989647,1.0224186,0.4588293612032448,0.4588293612032448
3ZGK.pdb,Q45I,44,0.3678349273414203,0.8537573,0.4859223944931439,0.4859223944931439
3ZGK.pdb,Q45W,44,1.544569175733772,1.4184566,-0.12611262132093026,0.12611262132093026
3ZGK.pdb,Q45Y,44,1.5467248944811125,1.3158529,-0.23087201400320723,0.23087201400320723
3ZGK.pdb,Q45F,44,1.3690899931429694,1.2327093,-0.13638070454586249,0.13638070454586249
3ZGK.pdb,Q45P,44,3.2766806809110727,2.8611627,-0.41551801840496916,0.41551801840496916
3ZGK.pdb,Q45C,44,0.8239593974728496,0.76275647,-0.06120293060731008,0.06120293060731008
3ZGK.pdb,L46Q,45,3.4411248529592013,2.613181,-0.827943738762424,0.827943738762424
3ZGK.pdb,L46E,45,3.4078103950306198,2.7963932,-0.611417238978984,0.611417238978984
3ZGK.pdb,L46H,45,3.69762008594985,2.4202635,-1.2773565571259975,1.2773565571259975
3ZGK.pdb,L46R,45,3.7686371058613934,2.536566,-1.232071086803166,1.232071086803166
3ZGK.pdb,L46K,45,3.873754380088754,2.6702478,-1.2035065868911223,1.2035065868911223
3ZGK.pdb,L46T,45,2.4881797553210445,2.4249074,-0.06327230941345174,0.06327230941345174
3ZGK.pdb,L46S,45,2.890649934408699,2.657479,-0.23317088663343055,0.23317088663343055
3ZGK.pdb,L46A,45,2.388256476768368,1.9701433,-0.4181131585920985,0.4181131585920985
3ZGK.pdb,L46G,45,3.315264992087344,2.686687,-0.6285779994420801,0.6285779994420801
3ZGK.pdb,L46M,45,0.2633964735120395,0.57229006,0.3088935893923184,0.3088935893923184
3ZGK.pdb,L46V,45,0.5736493885122314,1.1345603,0.5609109580911622,0.5609109580911622
3ZGK.pdb,L46I,45,0.2063054484332358,0.4891889,0.2828834610974038,0.2828834610974038
3ZGK.pdb,L46W,45,2.747835039936909,1.7077625,-1.0400725601548046,1.0400725601548046
3ZGK.pdb,L46Y,45,2.971169640527932,1.7126385,-1.258531143175332,1.258531143175332
3ZGK.pdb,L46F,45,2.1559894948616534,1.2952316,-0.8607579141274004,0.8607579141274004
3ZGK.pdb,L46P,45,2.939466647726312,3.1037052,0.1642385200440737,0.1642385200440737
3ZGK.pdb,L46C,45,2.344003398078253,1.2235634,-1.1204399653847714,1.1204399653847714
3ZGK.pdb,S47Q,46,0.0793464538290473,-0.19542836,-0.2747748103573295,0.2747748103573295
3ZGK.pdb,S47E,46,0.4641674115058478,0.23565842,-0.22850898939338288,0.22850898939338288
3ZGK.pdb,S47N,46,0.2208560838309794,0.36764666,0.14679058055004782,0.14679058055004782
3ZGK.pdb,S47H,46,0.0222546209617124,-0.020751994,-0.04300661506490568,0.04300661506490568
3ZGK.pdb,S47D,46,0.7378129218742542,0.7785508,0.040737881787092256,0.040737881787092256
3ZGK.pdb,S47R,46,-0.2481562716410716,-0.48612645,-0.23797018104333087,0.23797018104333087
3ZGK.pdb,S47K,46,-0.2714996369848692,-0.33241168,-0.060912039660409756,0.060912039660409756
3ZGK.pdb,S47T,46,0.2073708785680565,0.16155802,-0.045812861433390056,0.045812861433390056
3ZGK.pdb,S47A,46,-0.0200395668919637,-0.33130047,-0.31126090036076765,0.31126090036076765
3ZGK.pdb,S47G,46,0.3435466920742298,0.37193033,0.02838363891751522,0.02838363891751522
3ZGK.pdb,S47M,46,0.122560001520275,-0.51118,-0.6337399851361503,0.6337399851361503
3ZGK.pdb,S47L,46,0.6071047417828352,-0.28585643,-0.8929611675450118,0.8929611675450118
3ZGK.pdb,S47V,46,0.3989883267827925,0.031751182,-0.36723714485248893,0.36723714485248893
3ZGK.pdb,S47I,46,0.4775975672830594,-0.20824312,-0.6858406840194715,0.6858406840194715
3ZGK.pdb,S47W,46,0.0720319203620754,-0.24844031,-0.32047223072107656,0.32047223072107656
3ZGK.pdb,S47Y,46,0.1026236222821346,-0.3142313,-0.416854928596603,0.416854928596603
3ZGK.pdb,S47F,46,0.2741753179967707,-0.27243787,-0.5466131884992427,0.5466131884992427
3ZGK.pdb,S47P,46,2.615455784887321,2.0200934,-0.5953623438777993,0.5953623438777993
3ZGK.pdb,S47C,46,0.0599799532232965,-0.4311189,-0.49109885876757753,0.49109885876757753
3ZGK.pdb,D48Q,47,-0.1787037305610015,-0.36585343,-0.1871496982796357,0.1871496982796357
3ZGK.pdb,D48E,47,-0.1498017043852266,-0.2232778,-0.07347610285049117,0.07347610285049117
3ZGK.pdb,D48N,47,-0.0204085320320781,-0.07791971,-0.057511174670154264,0.057511174670154264
3ZGK.pdb,D48H,47,-0.0888326822734555,-0.17592692,-0.08709424147837555,0.08709424147837555
3ZGK.pdb,D48R,47,-0.5836737090644508,-0.40163743,0.1820362741050392,0.1820362741050392
3ZGK.pdb,D48K,47,-0.3321219605885597,-0.33281577,-0.0006938057459739966,0.0006938057459739966
3ZGK.pdb,D48T,47,-0.1089382892141443,-0.054348618,0.05458967142201478,0.05458967142201478
3ZGK.pdb,D48S,47,-0.1915514917216394,-0.08163957,0.10991191874361969,0.10991191874361969
3ZGK.pdb,D48A,47,-0.2246462652337091,-0.3503884,-0.12574214247350526,0.12574214247350526
3ZGK.pdb,D48G,47,-0.0103220228864926,0.41567183,0.42599384829542813,0.42599384829542813
3ZGK.pdb,D48M,47,-0.401051701237761,-0.5268692,-0.12581747658053732,0.12581747658053732
3ZGK.pdb,D48L,47,-0.1753143433303194,-0.36402756,-0.18871321642691327,0.18871321642691327
3ZGK.pdb,D48V,47,-0.3893985319429642,-0.09137597,0.2980225625926262,0.2980225625926262
3ZGK.pdb,D48I,47,-0.3363466725885806,-0.3524643,-0.016117615884548686,0.016117615884548686
3ZGK.pdb,D48W,47,-0.2338031129279869,-0.33268017,-0.09887705283968279,0.09887705283968279
3ZGK.pdb,D48Y,47,-0.1237931871721214,-0.30986664,-0.18607344981937946,0.18607344981937946
3ZGK.pdb,D48F,47,-0.1837183110070537,-0.30729538,-0.12357707101580398,0.12357707101580398
3ZGK.pdb,D48P,47,1.7952091409035846,2.0171099,0.2219007300070599,0.2219007300070599
3ZGK.pdb,D48C,47,-0.3942395438463975,-0.48400968,-0.08977013928577415,0.08977013928577415
3ZGK.pdb,F49Q,48,2.489414078487973,1.7569814,-0.7324327056547211,0.7324327056547211
3ZGK.pdb,F49E,48,2.8012630586796456,2.0572,-0.7440631036930734,0.7440631036930734
3ZGK.pdb,F49N,48,2.5436446520478904,1.79374,-0.7499046179444968,0.7499046179444968
3ZGK.pdb,F49H,48,2.078247314239769,1.1583683,-0.9198789651644517,0.9198789651644517
3ZGK.pdb,F49D,48,2.9256538121888367,1.8271792,-1.0984746186921326,1.0984746186921326
3ZGK.pdb,F49R,48,2.1608678252768394,1.4501334,-0.7107343823981163,0.7107343823981163
3ZGK.pdb,F49K,48,2.4833367534150232,2.0227065,-0.46063024477854864,0.46063024477854864
3ZGK.pdb,F49T,48,2.0814224435832043,1.785153,-0.29626941223402214,0.29626941223402214
3ZGK.pdb,F49S,48,1.9820336374482543,1.4590497,-0.5229839357575805,0.5229839357575805
3ZGK.pdb,F49A,48,1.0640103357189623,1.3040258,0.2400154335147413,0.2400154335147413
3ZGK.pdb,F49G,48,2.4053848382161966,1.6726301,-0.732754766576182,0.732754766576182
3ZGK.pdb,F49M,48,0.3572566754736312,0.9120502,0.5547935121141068,0.5547935121141068
3ZGK.pdb,F49L,48,0.4270643788155017,0.91258216,0.4855177802268567,0.4855177802268567
3ZGK.pdb,F49V,48,1.256649418758311,1.686561,0.42991156966789745,0.42991156966789745
3ZGK.pdb,F49I,48,0.6758090337714693,1.1594018,0.4835927406349638,0.4835927406349638
3ZGK.pdb,F49W,48,0.0805996845839751,0.23295528,0.15235559238211988,0.15235559238211988
3ZGK.pdb,F49Y,48,0.6455663008227548,-0.3137256,-0.9592918915286264,0.9592918915286264
3ZGK.pdb,F49P,48,3.2348358978778937,2.572423,-0.6624129166156867,0.6624129166156867
3ZGK.pdb,F49C,48,1.0716802311521283,0.80696815,-0.2647120786290875,0.2647120786290875
3ZGK.pdb,L50Q,49,3.3850253914517787,2.19306,-1.1919654701871303,1.1919654701871303
3ZGK.pdb,L50E,49,3.189489460943086,2.2999096,-0.8895798692682813,0.8895798692682813
3ZGK.pdb,L50N,49,3.359037477026702,2.4725394,-0.8864980521304617,0.8864980521304617
3ZGK.pdb,L50H,49,3.4314819551445237,2.1963065,-1.2351754880882493,1.2351754880882493
3ZGK.pdb,L50D,49,3.2906409772896006,2.628945,-0.661695865061207,0.661695865061207
3ZGK.pdb,L50R,49,2.8337097263134754,2.4114003,-0.42230940816772344,0.42230940816772344
3ZGK.pdb,L50K,49,2.845888138276233,2.2641537,-0.5817344193278688,0.5817344193278688
3ZGK.pdb,L50T,49,2.318403155783944,1.8342929,-0.48411026714258654,0.48411026714258654
3ZGK.pdb,L50S,49,3.3415050923344354,2.2257335,-1.1157715737339715,1.1157715737339715
3ZGK.pdb,L50A,49,2.8396901868470685,1.9689686,-0.8707215570100324,0.8707215570100324
3ZGK.pdb,L50G,49,2.6170225033901136,2.3521876,-0.26483486987570926,0.26483486987570926
3ZGK.pdb,L50M,49,1.690177417354034,0.5349668,-1.1552105909151302,1.1552105909151302
3ZGK.pdb,L50V,49,2.164480499648821,1.3383769,-0.8261036199567435,0.8261036199567435
3ZGK.pdb,L50I,49,1.5109397823028194,1.0279977,-0.48294205014034386,0.48294205014034386
3ZGK.pdb,L50W,49,2.1676006404163903,1.350683,-0.816917666554696,0.816917666554696
3ZGK.pdb,L50Y,49,3.03285851510212,1.4868987,-1.54595985444233,1.54595985444233
3ZGK.pdb,L50F,49,1.0578169399872142,1.2395216,0.18170468267056172,0.18170468267056172
3ZGK.pdb,L50P,49,3.099196076401229,2.644176,-0.4550200700840903,0.4550200700840903
3ZGK.pdb,L50C,49,2.4292509573929326,1.0993018,-1.3299491423599736,1.3299491423599736
3ZGK.pdb,K51Q,50,0.2948811386209593,0.16704029,-0.1278408501726256,0.1278408501726256
3ZGK.pdb,K51E,50,0.2692501393043685,0.47052324,0.2012730988776994,0.2012730988776994
3ZGK.pdb,K51N,50,0.3254828702991519,0.4535546,0.12807173017806672,0.12807173017806672
3ZGK.pdb,K51H,50,0.4217147380388066,0.40730765,-0.014407083419589684,0.014407083419589684
3ZGK.pdb,K51D,50,0.3195125971979067,0.7566369,0.43712432039318827,0.43712432039318827
3ZGK.pdb,K51R,50,0.2031781136182702,-0.032060206,-0.2352383195547021,0.2352383195547021
3ZGK.pdb,K51T,50,0.2284880581940793,0.52742696,0.29893889989002714,0.29893889989002714
3ZGK.pdb,K51S,50,0.1612477874092377,0.4328597,0.27161190158803095,0.27161190158803095
3ZGK.pdb,K51A,50,0.3762660612632054,0.30400604,-0.07226002116692243,0.07226002116692243
3ZGK.pdb,K51G,50,0.0317253951758935,0.74936295,0.7176375503807472,0.7176375503807472
3ZGK.pdb,K51M,50,0.2704818031281073,0.29642785,0.025946042826787696,0.025946042826787696
3ZGK.pdb,K51L,50,0.3861411640098433,0.35445026,-0.03169090837744276,0.03169090837744276
3ZGK.pdb,K51V,50,0.3538125659367823,0.5831309,0.2293183301546789,0.2293183301546789
3ZGK.pdb,K51I,50,0.4165928165674386,0.47201556,0.05542274310587075,0.05542274310587075
3ZGK.pdb,K51W,50,0.370939021874201,0.526245,0.15530597610400942,0.15530597610400942
3ZGK.pdb,K51Y,50,0.4632516495658354,0.5164366,0.0531849272774263,0.0531849272774263
3ZGK.pdb,K51F,50,0.4823188242495151,0.5946484,0.11232959656118435,0.11232959656118435
3ZGK.pdb,K51P,50,1.3791328525102116,1.6704609,0.2913280868971371,0.2913280868971371
3ZGK.pdb,K51C,50,-0.2060431225889805,0.2787494,0.48479252892671854,0.48479252892671854
3ZGK.pdb,S52Q,51,0.938080616561802,1.0160317,0.0779511255341453,0.0779511255341453
3ZGK.pdb,S52E,51,0.7403609376576981,0.84187233,0.10151139682258759,0.10151139682258759
3ZGK.pdb,S52N,51,0.857288772109988,0.5973525,-0.2599362673797634,0.2599362673797634
3ZGK.pdb,S52H,51,0.4789594375563566,1.1513729,0.6724134719895418,0.6724134719895418
3ZGK.pdb,S52D,51,0.0949125544855884,0.17905003,0.0841374738385388,0.0841374738385388
3ZGK.pdb,S52R,51,1.0969747146467523,1.4415346,0.34455992375809386,0.34455992375809386
3ZGK.pdb,S52K,51,1.181270175960706,1.4749641,0.2936939658849971,0.2936939658849971
3ZGK.pdb,S52T,51,0.2748790890528143,0.57470596,0.29982686931357977,0.29982686931357977
3ZGK.pdb,S52A,51,0.8966745648883911,0.40859395,-0.4880806122325989,0.4880806122325989
3ZGK.pdb,S52G,51,0.3701642108965814,0.6722766,0.30211240519991517,0.30211240519991517
3ZGK.pdb,S52M,51,0.988704158311806,1.3666213,0.37791709756282776,0.37791709756282776
3ZGK.pdb,S52L,51,1.2848748478847902,1.456288,0.17141313219486065,0.17141313219486065
3ZGK.pdb,S52V,51,0.5093792391784224,1.5325385,1.023159294032332,1.023159294032332
3ZGK.pdb,S52I,51,0.3425736421691754,1.7142329,1.3716592794311664,1.3716592794311664
3ZGK.pdb,S52W,51,1.052534010148217,1.3968836,0.34434959676248855,0.34434959676248855
3ZGK.pdb,S52Y,51,0.887104405047833,1.3945413,0.5074368585324893,0.5074368585324893
3ZGK.pdb,S52F,51,0.789273344167233,1.5422057,0.7529323471703524,0.7529323471703524
3ZGK.pdb,S52P,51,0.829876491637001,1.7555089,0.9256324080517198,0.9256324080517198
3ZGK.pdb,S52C,51,0.2846812454021714,0.66417783,0.379496589585469,0.379496589585469
3ZGK.pdb,K53Q,52,0.4848697341525163,0.17836249,-0.3065072454058732,0.3065072454058732
3ZGK.pdb,K53E,52,0.2448609423568455,0.19822775,-0.046633194082042334,0.046633194082042334
3ZGK.pdb,K53N,52,0.150515624524794,0.1216179,-0.02889772617980041,0.02889772617980041
3ZGK.pdb,K53H,52,0.3838500309847763,0.20591608,-0.1779339540862015,0.1779339540862015
3ZGK.pdb,K53D,52,0.1177843873270507,0.17674474,0.0589603568545823,0.0589603568545823
3ZGK.pdb,K53R,52,0.2814731852899541,0.103902616,-0.17757056968316925,0.17757056968316925
3ZGK.pdb,K53T,52,0.3229061751151061,0.21298014,-0.10992603883981467,0.10992603883981467
3ZGK.pdb,K53S,52,0.2272587630928613,0.106984735,-0.12027402855764402,0.12027402855764402
3ZGK.pdb,K53A,52,0.3510950515104354,0.011771575,-0.3393234768940032,0.3393234768940032
3ZGK.pdb,K53G,52,0.0921591922647766,0.23778377,0.1456245824687668,0.1456245824687668
3ZGK.pdb,K53M,52,0.7381449889998772,0.2438827,-0.49426228819898155,0.49426228819898155
3ZGK.pdb,K53L,52,1.051722991539754,0.15927802,-0.8924449712770357,0.8924449712770357
3ZGK.pdb,K53V,52,0.8633895866922185,0.28660175,-0.5767878346494482,0.5767878346494482
3ZGK.pdb,K53I,52,1.3089725969038382,0.2926482,-1.0163244006834402,1.0163244006834402
3ZGK.pdb,K53W,52,0.9124830761174084,0.19981517,-0.7126679071406247,0.7126679071406247
3ZGK.pdb,K53Y,52,0.7125745434833304,0.2789616,-0.43361294461019195,0.43361294461019195
3ZGK.pdb,K53F,52,0.7744014659320158,0.3507246,-0.4236768582259458,0.4236768582259458
3ZGK.pdb,K53P,52,0.5561214496095976,0.1835295,-0.3725919534166655,0.3725919534166655
3ZGK.pdb,K53C,52,0.4771520403240412,0.054610297,-0.4225417432401865,0.4225417432401865
3ZGK.pdb,T54Q,53,0.4351422213432867,0.03339316,-0.40174906183458153,0.40174906183458153
3ZGK.pdb,T54E,53,0.2202217459100723,0.19944151,-0.020780238451385463,0.020780238451385463
3ZGK.pdb,T54N,53,0.3699944262681205,0.19101563,-0.17897879530765604,0.17897879530765604
3ZGK.pdb,T54H,53,0.0065453920693494,0.14801583,0.1414704348711871,0.1414704348711871
3ZGK.pdb,T54D,53,0.1696542386541364,0.3098647,0.14021046118640926,0.14021046118640926
3ZGK.pdb,T54R,53,0.1475125969521542,0.102155104,-0.045357492672636085,0.045357492672636085
3ZGK.pdb,T54K,53,0.0861613372863674,0.04510352,-0.041057817131414404,0.041057817131414404
3ZGK.pdb,T54S,53,0.3162922257555225,0.16115203,-0.15514019075758245,0.15514019075758245
3ZGK.pdb,T54A,53,0.651214278749892,0.12672812,-0.5244861612839191,0.5244861612839191
3ZGK.pdb,T54G,53,0.5570971193623038,0.51404524,-0.043051880867430725,0.043051880867430725
3ZGK.pdb,T54M,53,0.7255345038342682,0.099738516,-0.6257959879207817,0.6257959879207817
3ZGK.pdb,T54L,53,0.6056638717605911,0.10184614,-0.5038177281572662,0.5038177281572662
3ZGK.pdb,T54V,53,0.1145888453007732,-0.039020747,-0.15360959224710805,0.15360959224710805
3ZGK.pdb,T54I,53,0.0831568902465225,-0.080777794,-0.16393468436921843,0.16393468436921843
3ZGK.pdb,T54W,53,0.5004555203280816,0.10318936,-0.3972661637030015,0.3972661637030015
3ZGK.pdb,T54Y,53,0.4249977719610043,0.11516732,-0.3098304521863766,0.3098304521863766
3ZGK.pdb,T54F,53,0.4599693816713657,0.15784924,-0.3021201443485584,0.3021201443485584
3ZGK.pdb,T54P,53,-0.251507091805049,0.9174758,1.1689829113927566,1.1689829113927566
3ZGK.pdb,T54C,53,0.1568294479054426,-0.058324933,-0.21515438095750558,0.21515438095750558
3ZGK.pdb,R55Q,54,-0.0120239686255692,0.2245242,0.23654816858818517,0.23654816858818517
3ZGK.pdb,R55E,54,-0.0309207737117027,0.33821785,0.3691386282115196,0.3691386282115196
3ZGK.pdb,R55N,54,0.1515184628365649,0.26319528,0.11167681342381108,0.11167681342381108
3ZGK.pdb,R55H,54,0.131692812500022,0.25480264,0.12310983175275511,0.12310983175275511
3ZGK.pdb,R55D,54,0.2369193020108206,0.47818717,0.24126787159414462,0.24126787159414462
3ZGK.pdb,R55K,54,-0.0067689149511447,-0.040214688,-0.03344577263468599,0.03344577263468599
3ZGK.pdb,R55T,54,0.0604375403534795,0.2853003,0.2248627740729426,0.2248627740729426
3ZGK.pdb,R55S,54,0.1645160204297591,0.15735227,-0.007163751733927803,0.007163751733927803
3ZGK.pdb,R55A,54,0.079176273259212,0.049447745,-0.02972852817444943,0.02972852817444943
3ZGK.pdb,R55G,54,0.2974320956098015,0.29437482,-0.0030572720395500297,0.0030572720395500297
3ZGK.pdb,R55M,54,0.2431528471915314,0.22931336,-0.013839488527018773,0.013839488527018773
3ZGK.pdb,R55L,54,0.009166438053878,0.13422643,0.1250599884283226,0.1250599884283226
3ZGK.pdb,R55V,54,-0.0486296192482917,0.2222107,0.27084032452859563,0.27084032452859563
3ZGK.pdb,R55I,54,-0.0092650197646619,0.21159929,0.22086431013560306,0.22086431013560306
3ZGK.pdb,R55W,54,0.4389540853521501,0.18583122,-0.2531228663942491,0.2531228663942491
3ZGK.pdb,R55Y,54,0.2062829993471018,0.25053692,0.04425391929303493,0.04425391929303493
3ZGK.pdb,R55F,54,0.3465264534572503,0.30922166,-0.03730479832686395,0.03730479832686395
3ZGK.pdb,R55P,54,-0.2400869528198148,-0.0793407,0.16074625648497592,0.16074625648497592
3ZGK.pdb,R55C,54,-0.0147957195297481,0.08136098,0.09615670039808764,0.09615670039808764
3ZGK.pdb,G56Q,55,0.9448131597154164,0.84123546,-0.10357770086455576,0.10357770086455576
3ZGK.pdb,G56E,55,0.9927946280475166,1.0200181,0.027223472691008777,0.027223472691008777
3ZGK.pdb,G56N,55,0.4233788949422683,0.5216715,0.09829257903768163,0.09829257903768163
3ZGK.pdb,G56H,55,0.4065396155468188,0.7753501,0.36881047829473396,0.36881047829473396
3ZGK.pdb,G56D,55,0.4950123320064157,0.76133794,0.26632560391811433,0.26632560391811433
3ZGK.pdb,G56R,55,0.7800778467580352,1.02017,0.24009212661537793,0.24009212661537793
3ZGK.pdb,G56K,55,0.9619122922008324,0.9315609,-0.03035141821554188,0.03035141821554188
3ZGK.pdb,G56T,55,0.7714886681988373,1.3226138,0.5511251671359405,0.5511251671359405
3ZGK.pdb,G56S,55,0.7336387508338049,0.89232254,0.1586837894493982,0.1586837894493982
3ZGK.pdb,G56A,55,0.9268505144245438,1.0363619,0.1095114183299728,0.1095114183299728
3ZGK.pdb,G56M,55,1.131179248958833,1.0164864,-0.1146928426325391,0.1146928426325391
3ZGK.pdb,G56L,55,1.0830723391515105,1.0350586,-0.048013721559652556,0.048013721559652556
3ZGK.pdb,G56V,55,1.2434720350476525,1.5538272,0.31035513150965954,0.31035513150965954
3ZGK.pdb,G56I,55,0.9059353791751112,1.570215,0.6642796076260362,0.6642796076260362
3ZGK.pdb,G56W,55,0.8295603950830657,1.0006711,0.17111075321710523,0.17111075321710523
3ZGK.pdb,G56Y,55,0.7900741108268505,0.9459764,0.15590226570665777,0.15590226570665777
3ZGK.pdb,G56F,55,0.6286803688980673,0.84924316,0.22056279516443267,0.22056279516443267
3ZGK.pdb,G56P,55,1.3097845366048229,1.7632263,0.4534417340708363,0.4534417340708363
3ZGK.pdb,G56C,55,0.3376783887129111,0.4120711,0.07439272010514308,0.07439272010514308
3ZGK.pdb,K57Q,56,0.4433772735303734,0.05949548,-0.3838817946618889,0.3838817946618889
3ZGK.pdb,K57E,56,0.3652623043637835,0.44483274,0.0795704378504194,0.0795704378504194
3ZGK.pdb,K57N,56,1.0076318021841502,1.1728776,0.1652457479409719,0.1652457479409719
3ZGK.pdb,K57H,56,0.6998782218292119,0.7455021,0.045623892466747584,0.045623892466747584
3ZGK.pdb,K57D,56,1.0890391051610877,1.4246169,0.3355778277078698,0.3355778277078698
3ZGK.pdb,K57R,56,0.6015152674063389,0.25067854,-0.3508367281302158,0.3508367281302158
3ZGK.pdb,K57T,56,0.9538180992017472,0.5924187,-0.36139942854745033,0.36139942854745033
3ZGK.pdb,K57S,56,1.1914255194360552,0.77442825,-0.4169972710305987,0.4169972710305987
3ZGK.pdb,K57A,56,0.72588353542878,0.13835219,-0.5875313499410328,0.5875313499410328
3ZGK.pdb,K57G,56,1.0540789052869712,1.0693159,0.015237005052384234,0.015237005052384234
3ZGK.pdb,K57M,56,0.4507513591050993,0.04205942,-0.40869193756579264,0.40869193756579264
3ZGK.pdb,K57L,56,0.364573658614014,0.03741181,-0.32716184964642364,0.32716184964642364
3ZGK.pdb,K57V,56,0.6677096389580726,0.39293617,-0.2747734688569068,0.2747734688569068
3ZGK.pdb,K57I,56,0.656777388988826,0.35648584,-0.3002915453303787,0.3002915453303787
3ZGK.pdb,K57W,56,0.8438018425440221,0.6089566,-0.23484526715034537,0.23484526715034537
3ZGK.pdb,K57Y,56,0.2511847228173129,0.55498993,0.3038052111502774,0.3038052111502774
3ZGK.pdb,K57F,56,0.3077323040140514,0.53218347,0.224451164327776,0.224451164327776
3ZGK.pdb,K57P,56,1.1944886782668034,1.9853864,0.7908976933457454,0.7908976933457454
3ZGK.pdb,K57C,56,1.0848570441469634,0.14968196,-0.9351750885710204,0.9351750885710204
3ZGK.pdb,Y58Q,57,2.9935200188490527,2.6582518,-0.335268256458916,0.335268256458916
3ZGK.pdb,Y58E,57,3.110048406709006,2.513444,-0.596604459870627,0.596604459870627
3ZGK.pdb,Y58N,57,2.65514138978373,2.5443974,-0.11074403565775359,0.11074403565775359
3ZGK.pdb,Y58H,57,1.9745357954448877,1.822315,-0.15222081779901364,0.15222081779901364
3ZGK.pdb,Y58D,57,2.938725889509961,2.3036723,-0.6350535758197755,0.6350535758197755
3ZGK.pdb,Y58R,57,2.643072175687966,2.5311255,-0.11194663018625706,0.11194663018625706
3ZGK.pdb,Y58K,57,3.201637888421051,3.011985,-0.18965282486819435,0.18965282486819435
3ZGK.pdb,Y58T,57,3.022617772933498,2.6842957,-0.338322118636623,0.338322118636623
3ZGK.pdb,Y58S,57,2.7743320215373046,2.6070557,-0.16727635747480463,0.16727635747480463
3ZGK.pdb,Y58A,57,2.831996101262779,2.6755612,-0.15643491161128953,0.15643491161128953
3ZGK.pdb,Y58G,57,3.025170806189,2.7117724,-0.31339836432498647,0.31339836432498647
3ZGK.pdb,Y58M,57,1.7909963621909235,2.4201005,0.6291040883248236,0.6291040883248236
3ZGK.pdb,Y58L,57,1.85551961138853,2.3609824,0.5054628066717728,0.5054628066717728
3ZGK.pdb,Y58V,57,2.471810460732065,2.5953808,0.12357032234898968,0.12357032234898968
3ZGK.pdb,Y58I,57,2.3266036373228784,2.5368223,0.21021868170788327,0.21021868170788327
3ZGK.pdb,Y58W,57,0.4200939638200602,0.7013273,0.281233360093514,0.281233360093514
3ZGK.pdb,Y58F,57,0.5919479123290268,0.83660173,0.24465382183235018,0.24465382183235018
3ZGK.pdb,Y58P,57,3.0119516266462774,2.795517,-0.21643465887283986,0.21643465887283986
3ZGK.pdb,Y58C,57,2.188575753158805,1.9619654,-0.22661031145500843,0.22661031145500843
3ZGK.pdb,D59Q,58,0.1443635442199733,-0.11680186,-0.26116540216827655,0.26116540216827655
3ZGK.pdb,D59E,58,0.1653442289326205,0.0052257776,-0.1601184513065829,0.1601184513065829
3ZGK.pdb,D59N,58,0.5274296139099843,0.23390363,-0.2935259823420293,0.2935259823420293
3ZGK.pdb,D59H,58,0.6079375093804327,0.32795614,-0.27998136933908135,0.27998136933908135
3ZGK.pdb,D59R,58,0.0882078198057474,-0.002461493,-0.09066931282103671,0.09066931282103671
3ZGK.pdb,D59K,58,0.3928955170945016,-0.06317419,-0.45606970523155604,0.45606970523155604
3ZGK.pdb,D59T,58,0.3921874218978654,0.26125857,-0.13092884955785378,0.13092884955785378
3ZGK.pdb,D59S,58,0.2482817546560718,0.105670676,-0.14261107902073397,0.14261107902073397
3ZGK.pdb,D59A,58,0.166265610279253,-0.21085098,-0.37711659413736154,0.37711659413736154
3ZGK.pdb,D59G,58,0.7915800251948943,0.52282536,-0.2687546648967376,0.2687546648967376
3ZGK.pdb,D59M,58,0.4513654544859524,0.017483354,-0.43388210087114526,0.43388210087114526
3ZGK.pdb,D59L,58,0.0563414035156086,0.13722563,0.08088422438356133,0.08088422438356133
3ZGK.pdb,D59V,58,0.464615633379581,0.49909136,0.03447572361314055,0.03447572361314055
3ZGK.pdb,D59I,58,0.3463461718496523,0.33667555,-0.009670617335720999,0.009670617335720999
3ZGK.pdb,D59W,58,-0.0124758765663925,0.32762137,0.3400972471203628,0.3400972471203628
3ZGK.pdb,D59Y,58,0.3445735193110275,0.37986332,0.03528980247013097,0.03528980247013097
3ZGK.pdb,D59F,58,0.4413319682882317,0.40261865,-0.03871332166652758,0.03871332166652758
3ZGK.pdb,D59P,58,2.2468497257991604,1.8335909,-0.41325886066396755,0.41325886066396755
3ZGK.pdb,D59C,58,0.1563731190406452,-0.0101697445,-0.16654286353222233,0.16654286353222233
3ZGK.pdb,R60Q,59,-0.0133470894591294,0.23575355,0.24910064058465584,0.24910064058465584
3ZGK.pdb,R60E,59,0.0648678096447916,0.35671255,0.29184474028005886,0.29184474028005886
3ZGK.pdb,R60N,59,0.1582753255731517,0.45436758,0.29609225245648085,0.29609225245648085
3ZGK.pdb,R60H,59,0.1475605713090613,0.26538387,0.11782329810049985,0.11782329810049985
3ZGK.pdb,R60D,59,0.0892165378687792,0.66602707,0.5768105312230176,0.5768105312230176
3ZGK.pdb,R60K,59,-0.0231842043875785,0.02710554,0.05028974442473365,0.05028974442473365
3ZGK.pdb,R60T,59,0.0561430999065581,0.114132084,0.05798898404586881,0.05798898404586881
3ZGK.pdb,R60S,59,-0.1155220718390683,0.19745633,0.3129784019000272,0.3129784019000272
3ZGK.pdb,R60A,59,-0.0982221756821881,-0.0968833,0.001338878715635372,0.001338878715635372
3ZGK.pdb,R60G,59,0.1081260596059809,0.46367878,0.3555527176118841,0.3555527176118841
3ZGK.pdb,R60M,59,0.0571746813898412,0.01830478,-0.03886990126422322,0.03886990126422322
3ZGK.pdb,R60L,59,0.0466231331711002,-0.075514704,-0.12213783716012913,0.12213783716012913
3ZGK.pdb,R60V,59,-0.0181087843100433,-0.0013793036,0.016729480675876582,0.016729480675876582
3ZGK.pdb,R60I,59,0.0323753455262343,-0.09666304,-0.12903838842918078,0.12903838842918078
3ZGK.pdb,R60W,59,0.0959519973579139,-0.26040342,-0.356355421859333,0.356355421859333
3ZGK.pdb,R60Y,59,0.1522304465265591,-0.0803972,-0.23262765009120295,0.23262765009120295
3ZGK.pdb,R60F,59,0.0216848134175791,-0.08272825,-0.10441306523242133,0.10441306523242133
3ZGK.pdb,R60P,59,0.3862828158602243,0.70707595,0.32079313762335726,0.32079313762335726
3ZGK.pdb,R60C,59,-0.0319927095536396,-0.11217305,-0.08018034108837395,0.08018034108837395
3ZGK.pdb,V61Q,60,2.2997714366737947,1.686402,-0.6133694734398469,0.6133694734398469
3ZGK.pdb,V61E,60,2.805835383229192,1.5644801,-1.2413553169297535,1.2413553169297535
3ZGK.pdb,V61N,60,3.1078698670978584,1.7686434,-1.3392264878864326,1.3392264878864326
3ZGK.pdb,V61H,60,3.042331250893209,1.4345218,-1.6078094565740564,1.6078094565740564
3ZGK.pdb,V61D,60,2.976436864606792,1.5800655,-1.3963713757914844,1.3963713757914844
3ZGK.pdb,V61R,60,3.547853511282163,1.9321325,-1.6157210287534767,1.6157210287534767
3ZGK.pdb,V61K,60,3.1527338898554844,1.8746455,-1.2780884182826084,1.2780884182826084
3ZGK.pdb,V61T,60,2.4550388622649497,1.3463105,-1.1087283659346885,1.1087283659346885
3ZGK.pdb,V61S,60,3.1536635984979173,1.8424253,-1.3112382521234056,1.3112382521234056
3ZGK.pdb,V61A,60,1.26232791809649,1.1771786,-0.08514929680437566,0.08514929680437566
3ZGK.pdb,V61G,60,3.245451897418703,1.7016922,-1.5437596738698138,1.5437596738698138
3ZGK.pdb,V61M,60,1.91331638022188,0.71888846,-1.1944279186320668,1.1944279186320668
3ZGK.pdb,V61L,60,1.4939283716117655,0.66025007,-0.833678303900889,0.833678303900889
3ZGK.pdb,V61I,60,0.1543509711060746,-0.07904744,-0.23339841258861854,0.23339841258861854
3ZGK.pdb,V61W,60,2.465835502336324,0.4925869,-1.973248591611684,1.973248591611684
3ZGK.pdb,V61Y,60,2.283764529954585,0.51210207,-1.7716624624840343,1.7716624624840343
3ZGK.pdb,V61F,60,2.1466584203274284,0.08742863,-2.0592297909290824,2.0592297909290824
3ZGK.pdb,V61P,60,2.478485446431601,1.5793984,-0.8990870528006196,0.8990870528006196
3ZGK.pdb,V61C,60,2.006289256833027,0.44036287,-1.5659263861398203,1.5659263861398203
3ZGK.pdb,Y62Q,61,0.9119255978555943,1.5755595,0.6636338990239833,0.6636338990239833
3ZGK.pdb,Y62E,61,1.3381337686802235,2.1655293,0.8273954824184093,0.8273954824184093
3ZGK.pdb,Y62N,61,1.7566389583556548,2.2005682,0.4439292408020601,0.4439292408020601
3ZGK.pdb,Y62H,61,1.356892178701094,1.3286064,-0.028285811589887855,0.028285811589887855
3ZGK.pdb,Y62D,61,3.4850353969323327,2.5303395,-0.9546959174859215,0.9546959174859215
3ZGK.pdb,Y62R,61,0.6718036765469044,1.336787,0.6649833088504344,0.6649833088504344
3ZGK.pdb,Y62K,61,0.0247702649562526,1.3941157,1.3693454214603733,1.3693454214603733
3ZGK.pdb,Y62T,61,0.320218220510748,1.5436263,1.2234080879304141,1.2234080879304141
3ZGK.pdb,Y62S,61,1.6392735443968485,1.9210455,0.2817719973664572,0.2817719973664572
3ZGK.pdb,Y62A,61,1.0394404349793032,1.4400468,0.40060635228265973,0.40060635228265973
3ZGK.pdb,Y62G,61,2.342970542823457,2.248219,-0.09475152960934574,0.09475152960934574
3ZGK.pdb,Y62M,61,-0.2199795987072463,0.48701835,0.7069979454937453,0.7069979454937453
3ZGK.pdb,Y62L,61,-0.3622997795642244,0.12833822,0.4906379972995149,0.4906379972995149
3ZGK.pdb,Y62V,61,-0.1870978912205174,1.0077118,1.194809659370847,1.194809659370847
3ZGK.pdb,Y62I,61,-0.3718378769674038,0.4148004,0.7866382824697231,0.7866382824697231
3ZGK.pdb,Y62W,61,0.4076154012320483,0.32802922,-0.07958618589620237,0.07958618589620237
3ZGK.pdb,Y62F,61,-0.1662933027717787,0.13055778,0.2968510782692152,0.2968510782692152
3ZGK.pdb,Y62P,61,3.455562542086684,2.5174599,-0.9381026727019184,0.9381026727019184
3ZGK.pdb,Y62C,61,0.4138968735393082,0.76636255,0.3524656743351425,0.3524656743351425
3ZGK.pdb,N63Q,62,0.1771263771354636,-0.08857164,-0.2656980150043448,0.2656980150043448
3ZGK.pdb,N63E,62,-0.0538571878712366,0.16904815,0.22290533328463535,0.22290533328463535
3ZGK.pdb,N63H,62,0.1016783087369401,-0.022810012,-0.12448832083906718,0.12448832083906718
3ZGK.pdb,N63D,62,0.2102839923050625,0.39939743,0.18911344049904516,0.18911344049904516
3ZGK.pdb,N63R,62,-0.0498526433372923,-0.083125085,-0.03327244130130328,0.03327244130130328
3ZGK.pdb,N63K,62,-0.1154249674549565,-0.03295262,0.08247234587578628,0.08247234587578628
3ZGK.pdb,N63T,62,0.2683055891682864,0.27454224,0.006236653120303082,0.006236653120303082
3ZGK.pdb,N63S,62,0.2412523078358006,0.21065061,-0.030601699892265743,0.030601699892265743
3ZGK.pdb,N63A,62,0.0043286262817385,0.066429436,0.062100809925079124,0.062100809925079124
3ZGK.pdb,N63G,62,0.7600145923153314,0.5913335,-0.1686810838238153,0.1686810838238153
3ZGK.pdb,N63M,62,0.0374411567353272,-0.16600299,-0.2034441455506348,0.2034441455506348
3ZGK.pdb,N63L,62,-0.064612009753401,0.032347992,0.09696000181596967,0.09696000181596967
3ZGK.pdb,N63V,62,0.0344140039375862,0.22579959,0.19138558641161119,0.19138558641161119
3ZGK.pdb,N63I,62,-0.0594965161417495,0.077521905,0.1370184214447509,0.1370184214447509
3ZGK.pdb,N63W,62,-0.2635361155532409,0.0765633,0.3400994142554809,0.3400994142554809
3ZGK.pdb,N63Y,62,-0.1621527099073114,0.08229403,0.2444467418849649,0.2444467418849649
3ZGK.pdb,N63F,62,-0.2411305741807674,0.050864644,0.29199521852938876,0.29199521852938876
3ZGK.pdb,N63P,62,2.2956602891709643,2.0640361,-0.23162415826581295,0.23162415826581295
3ZGK.pdb,N63C,62,-0.3182971328860144,-0.31988063,-0.001583501660265496,0.001583501660265496
3ZGK.pdb,G64Q,63,1.582212189019735,0.095258206,-1.4869539828906608,1.4869539828906608
3ZGK.pdb,G64E,63,0.9073265879456254,0.28741643,-0.619910159618065,0.619910159618065
3ZGK.pdb,G64N,63,1.3173906303956064,0.30073023,-1.0166604019715342,1.0166604019715342
3ZGK.pdb,G64H,63,1.8054766536044056,0.2758336,-1.5296430468844349,1.5296430468844349
3ZGK.pdb,G64D,63,0.8976746345326729,0.28694642,-0.6107282186314889,0.6107282186314889
3ZGK.pdb,G64R,63,1.8851020814360695,-0.091591194,-1.9766932757081108,1.9766932757081108
3ZGK.pdb,G64K,63,2.0706858560340846,0.108543396,-1.9621424600379909,1.9621424600379909
3ZGK.pdb,G64T,63,2.5086569827506118,0.23366314,-2.2749938410231643,2.2749938410231643
3ZGK.pdb,G64S,63,1.559563666399708,-0.00041605532,-1.5599797217214013,1.5599797217214013
3ZGK.pdb,G64A,63,1.0543908906249904,-0.20367315,-1.2580640447406672,1.2580640447406672
3ZGK.pdb,G64M,63,1.5498848676858756,-0.36898398,-1.918868851679406,1.918868851679406
3ZGK.pdb,G64L,63,1.886089022238033,-0.116648346,-2.002737368423717,2.002737368423717
3ZGK.pdb,G64V,63,2.190625222720226,0.4938445,-1.6967807135954702,1.6967807135954702
3ZGK.pdb,G64I,63,2.4281130159570044,0.15469739,-2.273415627546436,2.273415627546436
3ZGK.pdb,G64W,63,1.4884852956023362,-0.079409584,-1.5678948800053742,1.5678948800053742
3ZGK.pdb,G64Y,63,2.0127587126225763,-0.1475913,-2.1603500054807,2.1603500054807
3ZGK.pdb,G64F,63,2.0904478837475926,-0.10744172,-2.197889607094303,2.197889607094303
3ZGK.pdb,G64P,63,3.033378548890561,2.182125,-0.8512534573378265,0.8512534573378265
3ZGK.pdb,G64C,63,1.3232612858998762,-0.29431725,-1.6175785313832747,1.6175785313832747
3ZGK.pdb,Y65Q,64,3.3908864964472496,3.0121322,-0.3787543286310875,0.3787543286310875
3ZGK.pdb,Y65E,64,2.679816613260177,2.9902163,0.3103996419278112,0.3103996419278112
3ZGK.pdb,Y65N,64,3.7573591311356216,3.2962224,-0.46113668278662256,0.46113668278662256
3ZGK.pdb,Y65H,64,3.3440046724695445,2.3025696,-1.0414350447077036,1.0414350447077036
3ZGK.pdb,Y65D,64,3.0841189291975324,3.1027608,0.018641862581032065,0.018641862581032065
3ZGK.pdb,Y65R,64,4.006319569714133,2.7646873,-1.2416322699857396,1.2416322699857396
3ZGK.pdb,Y65K,64,3.732821390481812,3.2983499,-0.4344715331514899,0.4344715331514899
3ZGK.pdb,Y65T,64,3.8790880216462895,3.1584961,-0.7205918802125737,0.7205918802125737
3ZGK.pdb,Y65S,64,3.749484261173003,3.1904469,-0.5590374075353077,0.5590374075353077
3ZGK.pdb,Y65A,64,3.056865887583611,2.8431072,-0.21375866407286903,0.21375866407286903
3ZGK.pdb,Y65G,64,3.370994450982482,3.1381094,-0.23288500541058266,0.23288500541058266
3ZGK.pdb,Y65M,64,2.271823816565965,2.3484793,0.0766554543690936,0.0766554543690936
3ZGK.pdb,Y65L,64,3.122109258400915,2.1977642,-0.9243451001520135,0.9243451001520135
3ZGK.pdb,Y65V,64,3.970945934058406,2.5195282,-1.4514177834999344,1.4514177834999344
3ZGK.pdb,Y65I,64,2.9855043337586293,2.447173,-0.5383312151673207,0.5383312151673207
3ZGK.pdb,Y65W,64,1.5721618914783104,0.8484194,-0.7237424636066063,0.7237424636066063
3ZGK.pdb,Y65F,64,0.6593575619878487,0.79387593,0.13451837070563277,0.13451837070563277
3ZGK.pdb,Y65C,64,2.8401911684222365,2.1589231,-0.6812680193133498,0.6812680193133498
3ZGK.pdb,M66Q,65,0.0262378756634165,0.3947124,0.3684745128520559,0.3684745128520559
3ZGK.pdb,M66E,65,0.1739025262048024,0.7295115,0.5556089732001048,0.5556089732001048
3ZGK.pdb,M66N,65,0.6455494582136332,0.840958,0.19540854101579797,0.19540854101579797
3ZGK.pdb,M66H,65,0.522462603409922,0.641907,0.11944437328990709,0.11944437328990709
3ZGK.pdb,M66D,65,0.6311279646704602,1.2055769,0.5744489319970203,0.5744489319970203
3ZGK.pdb,M66R,65,0.0799559280728132,0.23774092,0.15778499092113668,0.15778499092113668
3ZGK.pdb,M66K,65,-0.0658757719362537,0.3072766,0.37315237849600713,0.37315237849600713
3ZGK.pdb,M66T,65,0.8382433830127667,0.45559067,-0.3826527176723431,0.3826527176723431
3ZGK.pdb,M66S,65,0.5152034470671758,0.65802944,0.1428259899979487,0.1428259899979487
3ZGK.pdb,M66A,65,-0.0550532051055308,0.40385005,0.4589032538859721,0.4589032538859721
3ZGK.pdb,M66G,65,0.9569303549865112,0.9723469,0.015416546907104478,0.015416546907104478
3ZGK.pdb,M66L,65,0.0140134980169817,-0.112547845,-0.1265613426653429,0.1265613426653429
3ZGK.pdb,M66V,65,-0.0520375496728795,0.20386621,0.25590376323298386,0.25590376323298386
3ZGK.pdb,M66I,65,0.0154280472206975,0.0037121177,-0.011715929548730948,0.011715929548730948
3ZGK.pdb,M66W,65,0.4907754063403899,0.36997145,-0.12080395219686574,0.12080395219686574
3ZGK.pdb,M66Y,65,0.5491443290310443,0.37399268,-0.17515164752774837,0.17515164752774837
3ZGK.pdb,M66F,65,0.476370002334801,0.40942168,-0.0669483199770129,0.0669483199770129
3ZGK.pdb,M66P,65,2.5835522402896203,1.5903447,-0.9932075728549279,0.9932075728549279
3ZGK.pdb,M66C,65,0.1664833569013515,0.08196366,-0.08451969856852679,0.08451969856852679
3ZGK.pdb,T67Q,66,-0.2070545513996897,-0.1355991,0.07145544484947303,0.07145544484947303
3ZGK.pdb,T67E,66,-0.1174551831100245,0.054359287,0.17181447013356882,0.17181447013356882
3ZGK.pdb,T67N,66,-0.0860335370802589,0.05006261,0.1360961487793632,0.1360961487793632
3ZGK.pdb,T67H,66,-0.1206982513502756,-0.0061537623,0.11454448900972995,0.11454448900972995
3ZGK.pdb,T67D,66,0.1038388308901234,0.18470222,0.08086338668876454,0.08086338668876454
3ZGK.pdb,T67R,66,-0.231850742178417,-0.15848827,0.07336246855781153,0.07336246855781153
3ZGK.pdb,T67K,66,-0.2376726877099937,-0.21058312,0.02708956712550578,0.02708956712550578
3ZGK.pdb,T67S,66,0.04545354793136,-0.000904765,-0.04635831291143774,0.04635831291143774
3ZGK.pdb,T67A,66,-0.1392238800116634,-0.23373744,-0.09451355890549665,0.09451355890549665
3ZGK.pdb,T67G,66,0.5691872354364578,0.27276656,-0.29642067512037196,0.29642067512037196
3ZGK.pdb,T67M,66,-0.1651470054357537,-0.23900136,-0.07385435808010019,0.07385435808010019
3ZGK.pdb,T67L,66,-0.1048116104267613,-0.19309768,-0.08828607038035234,0.08828607038035234
3ZGK.pdb,T67V,66,-0.0137058551960076,0.07645653,0.09016238707829367,0.09016238707829367
3ZGK.pdb,T67I,66,-0.1601154160502202,-0.08323172,0.07688369870212144,0.07688369870212144
3ZGK.pdb,T67W,66,-0.0810180278553724,-0.08336187,-0.002343843685174013,0.002343843685174013
3ZGK.pdb,T67Y,66,-0.0442161526980626,-0.036223866,0.007992286652587596,0.007992286652587596
3ZGK.pdb,T67F,66,0.1118065142460107,-0.010694139,-0.12250065295174113,0.12250065295174113
3ZGK.pdb,T67P,66,2.0010894167345983,1.4494519,-0.551637493364237,0.551637493364237
3ZGK.pdb,T67C,66,-0.2445060317875405,-0.30772352,-0.06321749039873881,0.06321749039873881
3ZGK.pdb,Y68Q,67,2.575386210700484,1.6043593,-0.9710269415583332,0.9710269415583332
3ZGK.pdb,Y68E,67,2.776102034894061,1.767247,-1.008855073300433,1.008855073300433
3ZGK.pdb,Y68N,67,2.110412037237089,1.7014349,-0.4089771865443401,0.4089771865443401
3ZGK.pdb,Y68H,67,0.805426646315992,0.9850991,0.1796724309087394,0.1796724309087394
3ZGK.pdb,Y68D,67,2.7926797339258504,1.879386,-0.9132937857446981,0.9132937857446981
3ZGK.pdb,Y68R,67,2.0361846614414034,1.272129,-0.7640556026035128,0.7640556026035128
3ZGK.pdb,Y68K,67,2.258547672196922,1.5767224,-0.6818252886977767,0.6818252886977767
3ZGK.pdb,Y68T,67,1.8218196767401853,1.4744503,-0.34736932693244604,0.34736932693244604
3ZGK.pdb,Y68S,67,1.785763313667829,1.3840792,-0.40168409575706243,0.40168409575706243
3ZGK.pdb,Y68A,67,1.915280352962318,1.3057811,-0.609499226939979,0.609499226939979
3ZGK.pdb,Y68G,67,2.6237171550011844,1.9742749,-0.6494422812676639,0.6494422812676639
3ZGK.pdb,Y68M,67,1.7183473133775,1.0897543,-0.6285929703446631,0.6285929703446631
3ZGK.pdb,Y68L,67,2.107200174440792,1.1261958,-0.9810043860573083,0.9810043860573083
3ZGK.pdb,Y68V,67,2.233875330766724,1.432987,-0.8008883560505375,0.8008883560505375
3ZGK.pdb,Y68I,67,2.2519965945871565,1.1494925,-1.102504092374632,1.102504092374632
3ZGK.pdb,Y68W,67,-0.2194909692752236,0.1432401,0.3627310634600991,0.3627310634600991
3ZGK.pdb,Y68F,67,0.1827653204783379,0.33983803,0.15707270747576366,0.15707270747576366
3ZGK.pdb,Y68P,67,3.081471634725021,2.513108,-0.5683636196645963,0.5683636196645963
3ZGK.pdb,Y68C,67,1.7339534652080792,0.87832725,-0.8556262147274274,0.8556262147274274
3ZGK.pdb,R69Q,68,0.109513957987291,0.71226424,0.6027502818007644,0.6027502818007644
3ZGK.pdb,R69E,68,1.3859975504268114,1.246275,-0.1397226023066942,0.1397226023066942
3ZGK.pdb,R69N,68,0.7758176922741202,0.9766942,0.20087653399083338,0.20087653399083338
3ZGK.pdb,R69H,68,0.7358663450174818,0.84544134,0.10957499638266466,0.10957499638266466
3ZGK.pdb,R69D,68,1.5087862760051085,1.8247585,0.31597225365797743,0.31597225365797743
3ZGK.pdb,R69K,68,0.0980576978809466,0.40542263,0.3073649300449262,0.3073649300449262
3ZGK.pdb,R69T,68,0.1717413416269959,0.5559226,0.38418128582203975,0.38418128582203975
3ZGK.pdb,R69S,68,0.5847696153234474,0.6833449,0.09857528528461534,0.09857528528461534
3ZGK.pdb,R69A,68,0.6125212248484444,0.6740079,0.06148666776019818,0.06148666776019818
3ZGK.pdb,R69G,68,1.332234548385562,1.3912548,0.05902023429113479,0.05902023429113479
3ZGK.pdb,R69M,68,-0.1975059903026275,0.2577752,0.4552811777949981,0.4552811777949981
3ZGK.pdb,R69L,68,-0.3386187140260981,0.33093575,0.6695544604574488,0.6695544604574488
3ZGK.pdb,R69V,68,-0.1018698719941815,0.47702867,0.5788985399209698,0.5788985399209698
3ZGK.pdb,R69I,68,-0.118970564612705,0.3018924,0.42086296440060783,0.42086296440060783
3ZGK.pdb,R69W,68,0.2757381924538311,0.8331714,0.5574332347960773,0.5574332347960773
3ZGK.pdb,R69Y,68,0.3956407982273222,0.6905852,0.2949443977908968,0.2949443977908968
3ZGK.pdb,R69F,68,0.4238727948260186,0.81585896,0.3919861653256538,0.3919861653256538
3ZGK.pdb,R69P,68,2.030453939842089,2.6290765,0.5986225410233894,0.5986225410233894
3ZGK.pdb,R69C,68,-0.1437524284942131,0.33935267,0.48310509582590866,0.48310509582590866
5LXJ.pdb,S1Q,0,0.0297533355837944,0.3028335,0.2730801619404671,0.2730801619404671
5LXJ.pdb,S1E,0,-0.0568739311146395,0.29745242,0.3543263511109011,0.3543263511109011
5LXJ.pdb,S1N,0,0.0146971364552093,0.1278871,0.11318996352609868,0.11318996352609868
5LXJ.pdb,S1H,0,-0.2346392970955482,0.24578327,0.4804225665009132,0.4804225665009132
5LXJ.pdb,S1D,0,-0.0698427176377021,0.19643891,0.26628162621466744,0.26628162621466744
5LXJ.pdb,S1R,0,-0.2098449654956797,0.30581716,0.5156621225257852,0.5156621225257852
5LXJ.pdb,S1K,0,-0.0747966791109848,0.18072513,0.2555218065695572,0.2555218065695572
5LXJ.pdb,S1T,0,-0.0505941730765395,0.09212682,0.1427209895876937,0.1427209895876937
5LXJ.pdb,S1A,0,-0.2855641658456869,0.09061062,0.37617478920536707,0.37617478920536707
5LXJ.pdb,S1G,0,0.2470213776340788,0.24324946,-0.0037719165792768627,0.0037719165792768627
5LXJ.pdb,S1M,0,-0.2970578387207268,0.26016477,0.5572226062244652,0.5572226062244652
5LXJ.pdb,S1V,0,-0.0794507262980617,0.2691645,0.34861522891875873,0.34861522891875873
5LXJ.pdb,S1I,0,-0.5645049329416865,0.3147115,0.8792164440767878,0.8792164440767878
5LXJ.pdb,S1W,0,-1.0477724213242436,0.17339732,1.2211697388529683,1.2211697388529683
5LXJ.pdb,S1Y,0,-0.9733744874432272,0.27807036,1.2514448478653617,1.2514448478653617
5LXJ.pdb,S1F,0,-0.9088056674335232,0.31365415,1.2224598219726315,1.2224598219726315
5LXJ.pdb,S1P,0,-0.0715084685473783,0.17431341,0.24582187966397834,0.24582187966397834
5LXJ.pdb,S1C,0,-0.1580861746355326,-0.01444599,0.1436401843115122,0.1436401843115122
5LXJ.pdb,R2Q,1,0.5729093891543542,0.5183385,-0.05457088770095453,0.05457088770095453
5LXJ.pdb,R2E,1,0.5626602798527363,0.89859533,0.335935053246629,0.335935053246629
5LXJ.pdb,R2N,1,0.6449208985678463,0.8471246,0.20220367800075723,0.20220367800075723
5LXJ.pdb,R2H,1,0.1192462150200692,0.7126763,0.5934300716773185,0.5934300716773185
5LXJ.pdb,R2D,1,0.5241904232101029,1.2537174,0.7295269992752487,0.7295269992752487
5LXJ.pdb,R2K,1,-0.1757137615065587,0.023265779,0.1989795405249608,0.1989795405249608
5LXJ.pdb,R2T,1,0.5112551602961513,0.63388216,0.1226270046589879,0.1226270046589879
5LXJ.pdb,R2S,1,0.7912820852754714,0.5529266,-0.23835548529607076,0.23835548529607076
5LXJ.pdb,R2A,1,0.0907498324344291,0.20011702,0.10936718936465842,0.10936718936465842
5LXJ.pdb,R2G,1,0.9240471678250884,0.89852726,-0.025519903230056706,0.025519903230056706
5LXJ.pdb,R2M,1,-0.0884371748307555,0.4230227,0.5114598622659057,0.5114598622659057
5LXJ.pdb,R2L,1,-0.6785221596102367,0.3515669,1.03008907035395,1.03008907035395
5LXJ.pdb,R2V,1,0.1547552004021413,0.47846395,0.32370874737083843,0.32370874737083843
5LXJ.pdb,R2I,1,-0.1674466470798448,0.2579762,0.4254228512367204,0.4254228512367204
5LXJ.pdb,R2W,1,-0.2532240097187328,0.35163316,0.604857171025114,0.604857171025114
5LXJ.pdb,R2Y,1,-0.1608716445580529,0.4358124,0.5966840582505273,0.5966840582505273
5LXJ.pdb,R2F,1,-0.4572517269419829,0.39335445,0.85060617263786,0.85060617263786
5LXJ.pdb,R2P,1,0.8815644495396535,0.67480826,-0.206756185760967,0.206756185760967
5LXJ.pdb,R2C,1,0.8663450631961997,0.43545607,-0.43088899587251506,0.43088899587251506
5LXJ.pdb,S3Q,2,-0.1847802845568966,0.03957723,0.22435751536801568,0.22435751536801568
5LXJ.pdb,S3E,2,-0.190275033581234,0.066120364,0.2563953973531494,0.2563953973531494
5LXJ.pdb,S3N,2,-0.4009229874784044,0.106315315,0.5072383022481493,0.5072383022481493
5LXJ.pdb,S3H,2,0.1001249765030438,0.11434913,0.014224150312752093,0.014224150312752093
5LXJ.pdb,S3D,2,-0.1980368530685159,0.14154819,0.33958503960911957,0.33958503960911957
5LXJ.pdb,S3R,2,0.2075258472123917,0.06587088,-0.14165496613176426,0.14165496613176426
5LXJ.pdb,S3K,2,-0.2547121423551197,-0.029290393,0.225421749360239,0.225421749360239
5LXJ.pdb,S3T,2,0.099914024661746,0.16104633,0.06113230149868491,0.06113230149868491
5LXJ.pdb,S3A,2,-0.2010201939543505,-0.18197566,0.01904453124606803,0.01904453124606803
5LXJ.pdb,S3G,2,0.0068152504001717,0.17258485,0.16576959621561962,0.16576959621561962
5LXJ.pdb,S3M,2,-0.5004622561591026,0.0641243,0.5645865572350379,0.5645865572350379
5LXJ.pdb,S3L,2,-0.2293273759953407,0.040828653,0.2701560286752609,0.2701560286752609
5LXJ.pdb,S3V,2,0.1062560176939619,0.1829719,0.07671587704709645,0.07671587704709645
5LXJ.pdb,S3I,2,0.2611990537619353,0.13266043,-0.12853862011191852,0.12853862011191852
5LXJ.pdb,S3W,2,-0.0208152910346042,0.08290952,0.10372480802478898,0.10372480802478898
5LXJ.pdb,S3Y,2,0.1808283256350447,0.18124314,0.0004148108901094183,0.0004148108901094183
5LXJ.pdb,S3F,2,0.0321794274436491,0.2359553,0.20377587050328083,0.20377587050328083
5LXJ.pdb,S3P,2,0.6027386208698102,0.48060656,-0.12213206493108952,0.12213206493108952
5LXJ.pdb,S3C,2,0.081071671695605,-0.09035081,-0.17142247840870925,0.17142247840870925
5LXJ.pdb,V4Q,3,-0.1387732340894816,0.18950027,0.32827350636349895,0.32827350636349895
5LXJ.pdb,V4E,3,-0.0365963710913161,0.29311776,0.32971413270325456,0.32971413270325456
5LXJ.pdb,V4N,3,0.1769670103480098,0.43587914,0.25891213074429065,0.25891213074429065
5LXJ.pdb,V4H,3,-0.0475762131997785,0.17785427,0.2254304829427442,0.2254304829427442
5LXJ.pdb,V4D,3,0.196458900700041,0.5117246,0.31526569055514697,0.31526569055514697
5LXJ.pdb,V4R,3,-0.3240783114402901,0.31663,0.6407083172767769,0.6407083172767769
5LXJ.pdb,V4K,3,-0.0881382698531143,0.25393865,0.3420769149775497,0.3420769149775497
5LXJ.pdb,V4T,3,0.1754393472608924,0.27081865,0.09537930346161128,0.09537930346161128
5LXJ.pdb,V4S,3,0.014078000132621,0.38983524,0.37575723832410507,0.37575723832410507
5LXJ.pdb,V4A,3,-0.2423534844309482,0.17152125,0.41387473086420623,0.41387473086420623
5LXJ.pdb,V4G,3,0.4698105312216496,0.59726167,0.1274511360299373,0.1274511360299373
5LXJ.pdb,V4M,3,-0.2514148053214726,0.074020594,0.3254353996799168,0.3254353996799168
5LXJ.pdb,V4L,3,-0.2224166810237799,0.0690487,0.29146538374060726,0.29146538374060726
5LXJ.pdb,V4I,3,-0.0150071976638419,-0.04472837,-0.029721170856894796,0.029721170856894796
5LXJ.pdb,V4W,3,-0.0424146670630878,0.039311454,0.08172612076315341,0.08172612076315341
5LXJ.pdb,V4Y,3,-0.4919232504249535,-0.01115568,0.4807675706029854,0.4807675706029854
5LXJ.pdb,V4F,3,-0.2446370194855558,0.06920913,0.3138461481037962,0.3138461481037962
5LXJ.pdb,V4P,3,1.499035130990071,1.2863759,-0.21265925074867686,0.21265925074867686
5LXJ.pdb,V4C,3,-0.0369043938539168,-0.101832926,-0.06492853241942914,0.06492853241942914
5LXJ.pdb,I5Q,4,2.065335225787843,1.5176742,-0.5476610181004649,0.5476610181004649
5LXJ.pdb,I5E,4,1.8971237632262403,1.7460784,-0.15104539122459237,0.15104539122459237
5LXJ.pdb,I5N,4,2.139643038868658,1.8553841,-0.2842589274642391,0.2842589274642391
5LXJ.pdb,I5H,4,2.176460344795613,1.418893,-0.7575673651737258,0.7575673651737258
5LXJ.pdb,I5D,4,2.6196245978489148,1.9801725,-0.6394520829334485,0.6394520829334485
5LXJ.pdb,I5R,4,1.6980760681375315,1.6773326,-0.02074342844331767,0.02074342844331767
5LXJ.pdb,I5K,4,2.617674863210816,1.7383426,-0.8793322204266976,0.8793322204266976
5LXJ.pdb,I5T,4,1.3592912511496764,1.2598844,-0.09940689369728384,0.09940689369728384
5LXJ.pdb,I5S,4,2.123383339011073,1.6212695,-0.5021138745182752,0.5021138745182752
5LXJ.pdb,I5A,4,0.8784375324788525,1.2710806,0.392643080657439,0.392643080657439
5LXJ.pdb,I5G,4,2.479168371289444,2.0068343,-0.47233410271949783,0.47233410271949783
5LXJ.pdb,I5M,4,0.0923341114401852,0.7530103,0.6606761615395511,0.6606761615395511
5LXJ.pdb,I5L,4,-0.3387468237935098,0.30172145,0.6404682774601969,0.6404682774601969
5LXJ.pdb,I5V,4,0.8179178504367886,0.45486432,-0.3630535272975979,0.3630535272975979
5LXJ.pdb,I5W,4,1.013724465495455,0.75404996,-0.25967450869690145,0.25967450869690145
5LXJ.pdb,I5Y,4,0.3657699236641245,0.8257264,0.45995646622082426,0.45995646622082426
5LXJ.pdb,I5F,4,0.7231581702796404,0.8142882,0.09113002866826614,0.09113002866826614
5LXJ.pdb,I5P,4,2.7643930135147565,2.11976,-0.6446329770462507,0.6446329770462507
5LXJ.pdb,I5C,4,0.6452909490894614,0.77911687,0.13382591988331693,0.13382591988331693
5LXJ.pdb,R6Q,5,-0.0851603280984338,0.15045549,0.23561581785311062,0.23561581785311062
5LXJ.pdb,R6E,5,-0.2669397983371651,0.28194904,0.5488888416110909,0.5488888416110909
5LXJ.pdb,R6N,5,0.9794062390301704,0.8475903,-0.13181591176729202,0.13181591176729202
5LXJ.pdb,R6H,5,0.5839090809118943,0.4264683,-0.15744076817156838,0.15744076817156838
5LXJ.pdb,R6D,5,1.0374033685432384,0.9689947,-0.06840869147643547,0.06840869147643547
5LXJ.pdb,R6K,5,0.0032618101619221,0.20168044,0.19841862656846274,0.19841862656846274
5LXJ.pdb,R6T,5,0.2053564160679157,0.34876198,0.14340555969731258,0.14340555969731258
5LXJ.pdb,R6S,5,0.1628953279506859,0.25057635,0.08768101916196974,0.08768101916196974
5LXJ.pdb,R6A,5,-0.1187687026263142,-0.22884507,-0.11007637214652058,0.11007637214652058
5LXJ.pdb,R6G,5,0.979050540499068,0.885741,-0.09330954509196354,0.09330954509196354
5LXJ.pdb,R6M,5,-0.3658849477234183,-0.13568039,0.23020455533888917,0.23020455533888917
5LXJ.pdb,R6L,5,0.1154879635093597,-0.0021353513,-0.11762331480959927,0.11762331480959927
5LXJ.pdb,R6V,5,-0.3166211023282099,0.10377319,0.42039429389944555,0.42039429389944555
5LXJ.pdb,R6I,5,0.2632731176578864,-0.11040144,-0.3736745543444022,0.3736745543444022
5LXJ.pdb,R6W,5,0.7525403534883628,-0.05428393,-0.8068242853397498,0.8068242853397498
5LXJ.pdb,R6Y,5,0.3420237454888846,-0.10762091,-0.4496446552989508,0.4496446552989508
5LXJ.pdb,R6F,5,0.8380490125891775,-0.009529486,-0.8475784988877386,0.8475784988877386
5LXJ.pdb,R6P,5,2.6523245585718014,2.2622511,-0.3900734198846676,0.3900734198846676
5LXJ.pdb,S7Q,6,-0.0592157393971146,-0.092488706,-0.03327296671479336,0.03327296671479336
5LXJ.pdb,S7E,6,-0.2252341580503505,0.052112445,0.2773466032856029,0.2773466032856029
5LXJ.pdb,S7H,6,-0.3009975710001864,-0.015532501,0.28546506995829724,0.28546506995829724
5LXJ.pdb,S7D,6,-0.1782183442470506,0.21827002,0.3964883629438356,0.3964883629438356
5LXJ.pdb,S7R,6,-0.2479712372075098,-0.11826855,0.12970268776521854,0.12970268776521854
5LXJ.pdb,S7K,6,-0.2275918374581507,-0.12544061,0.10215122502280982,0.10215122502280982
5LXJ.pdb,S7T,6,0.0962335410902657,0.09108683,-0.005146713871733141,0.005146713871733141
5LXJ.pdb,S7A,6,-0.0659934429013433,-0.14675102,-0.0807575734770594,0.0807575734770594
5LXJ.pdb,S7G,6,0.034065716310164,0.27214187,0.23807615752635333,0.23807615752635333
5LXJ.pdb,S7M,6,-0.378182852082078,-0.16097708,0.21720577161771493,0.21720577161771493
5LXJ.pdb,S7L,6,-0.2310932874352858,-0.09893678,0.1321565061480925,0.1321565061480925
5LXJ.pdb,S7V,6,0.2109129269037479,0.10537136,-0.1055415634427303,0.1055415634427303
5LXJ.pdb,S7I,6,0.2454558455321618,-0.059739,-0.3051948466274568,0.3051948466274568
5LXJ.pdb,S7W,6,-0.4901763738073676,-0.04298216,0.44719421276229315,0.44719421276229315
5LXJ.pdb,S7Y,6,-0.233769214363924,-0.009569809,0.22419940552317236,0.22419940552317236
5LXJ.pdb,S7F,6,-0.0214824914585256,0.017658785,0.039141276444067896,0.039141276444067896
5LXJ.pdb,S7P,6,3.050308841740898,1.2478986,-1.8024102630970993,1.8024102630970993
5LXJ.pdb,S7C,6,0.1458488312942343,-0.23819247,-0.38404130017584137,0.38404130017584137
5LXJ.pdb,I8Q,7,0.5173517780641381,0.82988846,0.3125366849561866,0.3125366849561866
5LXJ.pdb,I8E,7,0.9173451572366296,1.284882,0.3675367921881141,0.3675367921881141
5LXJ.pdb,I8N,7,1.4224401232644228,1.3381126,-0.08432753056727926,0.08432753056727926
5LXJ.pdb,I8H,7,1.2852032725444436,0.9358964,-0.34930687590748066,0.34930687590748066
5LXJ.pdb,I8D,7,1.718786421362844,1.5809929,-0.1377934842748314,0.1377934842748314
5LXJ.pdb,I8R,7,0.4087151733072582,0.8284835,0.41976834863106577,0.41976834863106577
5LXJ.pdb,I8K,7,0.2821375755057893,0.8967523,0.614614722372476,0.614614722372476
5LXJ.pdb,I8T,7,0.7105095116712099,0.9223366,0.21182706669793072,0.21182706669793072
5LXJ.pdb,I8S,7,1.0454593925701134,1.1773597,0.13190030763282845,0.13190030763282845
5LXJ.pdb,I8A,7,0.5358585585531563,0.8884427,0.3525841365876823,0.3525841365876823
5LXJ.pdb,I8G,7,2.269289885737391,1.5538547,-0.7154351818341929,0.7154351818341929
5LXJ.pdb,I8M,7,-0.4769529527296465,0.34693027,0.8238832181562823,0.8238832181562823
5LXJ.pdb,I8L,7,-0.4349418936477747,0.21110928,0.6460511742340174,0.6460511742340174
5LXJ.pdb,I8V,7,0.4326717566427276,0.43210128,-0.0005704771455810054,0.0005704771455810054
5LXJ.pdb,I8W,7,0.3446115869151755,0.49389714,0.149285553110917,0.149285553110917
5LXJ.pdb,I8Y,7,0.7031322968914675,0.50935847,-0.1937738312199282,0.1937738312199282
5LXJ.pdb,I8F,7,0.3199380725587302,0.47145045,0.15151237547746366,0.15151237547746366
5LXJ.pdb,I8P,7,3.2450120944201144,2.2299662,-1.0150459307848605,1.0150459307848605
5LXJ.pdb,I8C,7,0.690339368133873,0.38184482,-0.30849454954180144,0.30849454954180144
5LXJ.pdb,I9Q,8,2.955141303500561,2.2998657,-0.6552755808443109,0.6552755808443109
5LXJ.pdb,I9E,8,3.436288477650219,2.457958,-0.9783304946332514,0.9783304946332514
5LXJ.pdb,I9N,8,2.9151645318761696,2.3936062,-0.5215583459630837,0.5215583459630837
5LXJ.pdb,I9H,8,3.069256732802581,2.2269478,-0.8423089483787529,0.8423089483787529
5LXJ.pdb,I9D,8,3.458880872607048,2.453843,-1.0050377558467942,1.0050377558467942
5LXJ.pdb,I9R,8,1.769965675589901,2.3660023,0.5960366456533852,0.5960366456533852
5LXJ.pdb,I9K,8,3.2806237692044253,2.4899812,-0.7906425947354312,0.7906425947354312
5LXJ.pdb,I9T,8,2.4743268247117385,2.080696,-0.39363071875470723,0.39363071875470723
5LXJ.pdb,I9S,8,2.9522690729233507,2.2841685,-0.6681005910965685,0.6681005910965685
5LXJ.pdb,I9A,8,2.8715054294101154,1.7993793,-1.0721260806552326,1.0721260806552326
5LXJ.pdb,I9G,8,2.9043240408518924,2.4696617,-0.43466232820540807,0.43466232820540807
5LXJ.pdb,I9M,8,2.249002003448493,1.2931297,-0.9558723209075994,0.9558723209075994
5LXJ.pdb,I9L,8,1.2195644205369207,0.914515,-0.30504940207378595,0.30504940207378595
5LXJ.pdb,I9V,8,1.0120268208964496,0.85890085,-0.1531259758456378,0.1531259758456378
5LXJ.pdb,I9W,8,3.3038743455248767,1.5861655,-1.717708798153966,1.717708798153966
5LXJ.pdb,I9P,8,2.401641482104025,2.4428678,0.04122627378586774,0.04122627378586774
5LXJ.pdb,I9C,8,2.128787295674354,1.5233251,-0.6054622100344003,0.6054622100344003
5LXJ.pdb,K10Q,9,-0.0903525477281879,0.030178249,0.1205307966104816,0.1205307966104816
5LXJ.pdb,K10E,9,-0.0720528952309256,0.16614819,0.2382010809609061,0.2382010809609061
5LXJ.pdb,K10N,9,0.0518582021705364,0.29363132,0.24177311306078686,0.24177311306078686
5LXJ.pdb,K10H,9,0.1489321412207358,0.103305094,-0.045627047276663085,0.045627047276663085
5LXJ.pdb,K10D,9,0.6802133857947505,0.6294402,-0.0507731973868526,0.0507731973868526
5LXJ.pdb,K10R,9,-0.0738680736252539,-0.08019756,-0.006329484181714792,0.006329484181714792
5LXJ.pdb,K10T,9,0.0923607438962301,0.26270634,0.17034559546305333,0.17034559546305333
5LXJ.pdb,K10S,9,0.2320818063673515,0.3278332,0.09575139909415056,0.09575139909415056
5LXJ.pdb,K10A,9,-0.1903172717743104,0.11376488,0.3040821538620179,0.3040821538620179
5LXJ.pdb,K10G,9,0.726741416053442,0.78494596,0.05820454875979042,0.05820454875979042
5LXJ.pdb,K10M,9,-0.4969039437416427,-0.21421027,0.28269367190631556,0.28269367190631556
5LXJ.pdb,K10L,9,-0.5208883914219968,-0.29810852,0.22277987329837012,0.22277987329837012
5LXJ.pdb,K10V,9,-0.1583429612484326,0.04801648,0.20635944234994552,0.20635944234994552
5LXJ.pdb,K10I,9,-0.4241701767025119,-0.12296969,0.301200489717496,0.301200489717496
5LXJ.pdb,K10W,9,0.37536754148358,-0.054735646,-0.4301031871353973,0.4301031871353973
5LXJ.pdb,K10Y,9,0.1503246103208821,-0.030556336,-0.1808809463661473,0.1808809463661473
5LXJ.pdb,K10F,9,0.2843576415248021,0.08639236,-0.19796528357935989,0.19796528357935989
5LXJ.pdb,K10P,9,3.215472608001104,1.9545366,-1.260936050803533,1.260936050803533
5LXJ.pdb,S11Q,10,-0.0373936367727147,-0.0032705367,0.03412310011156663,0.03412310011156663
5LXJ.pdb,S11E,10,0.1244724031107824,0.20667815,0.08220574897356818,0.08220574897356818
5LXJ.pdb,S11N,10,-0.3115184361151768,0.0117645115,0.32328294758120313,0.32328294758120313
5LXJ.pdb,S11H,10,-0.2284106397074183,0.02586782,0.25427845949349004,0.25427845949349004
5LXJ.pdb,S11D,10,0.1103162074949382,0.32519686,0.21488065472582596,0.21488065472582596
5LXJ.pdb,S11R,10,-0.2218122750018749,-0.06855571,0.15325656230198476,0.15325656230198476
5LXJ.pdb,S11K,10,-0.1433623437515998,-0.07950835,0.06385399445216897,0.06385399445216897
5LXJ.pdb,S11T,10,0.1283009890846385,0.27836153,0.1500605400272237,0.1500605400272237
5LXJ.pdb,S11A,10,-0.2108910834417754,-0.065128386,0.145762697421115,0.145762697421115
5LXJ.pdb,S11G,10,0.0136186725758951,0.15469602,0.1410773449278433,0.1410773449278433
5LXJ.pdb,S11M,10,-0.2611234403087641,0.013302371,0.27442581121464027,0.27442581121464027
5LXJ.pdb,S11L,10,-0.2068465545433451,0.1202523,0.3270988508718897,0.3270988508718897
5LXJ.pdb,S11V,10,0.7400240233033659,0.36158475,-0.3784392705052855,0.3784392705052855
5LXJ.pdb,S11I,10,0.6714431637584446,0.25787944,-0.41356372774236183,0.41356372774236183
5LXJ.pdb,S11W,10,0.013583914934296,0.20159155,0.18800763636956752,0.18800763636956752
5LXJ.pdb,S11Y,10,-0.1017516579787645,0.23468758,0.33643923963712785,0.33643923963712785
5LXJ.pdb,S11F,10,-0.0604008622028287,0.263431,0.32383187483329134,0.32383187483329134
5LXJ.pdb,S11P,10,2.8621234009480894,1.1356702,-1.726453215858978,1.726453215858978
5LXJ.pdb,S11C,10,0.4400826737495413,-0.18050444,-0.6205871150108329,0.6205871150108329
5LXJ.pdb,S12Q,11,2.099777879029916,0.9800974,-1.1196804659668667,1.1196804659668667
5LXJ.pdb,S12E,11,2.009306680300474,1.1109147,-0.8983919731166363,0.8983919731166363
5LXJ.pdb,S12N,11,2.1869227053296845,0.8783644,-1.3085583211553375,1.3085583211553375
5LXJ.pdb,S12H,11,1.9447414340871685,0.8895161,-1.0552253188985699,1.0552253188985699
5LXJ.pdb,S12D,11,2.2684120949365987,1.0635204,-1.204891663418044,1.204891663418044
5LXJ.pdb,S12R,11,1.853611163228285,1.0391288,-0.8144823828632948,0.8144823828632948
5LXJ.pdb,S12K,11,2.039294123017961,1.0861005,-0.9531936639191452,0.9531936639191452
5LXJ.pdb,S12T,11,1.372034570815817,0.19232982,-1.1797047468450224,1.1797047468450224
5LXJ.pdb,S12A,11,0.4764028505160049,0.68170017,0.20529731952412572,0.20529731952412572
5LXJ.pdb,S12G,11,1.457298421308101,0.96543276,-0.49186565820843065,0.49186565820843065
5LXJ.pdb,S12M,11,0.6718303960199061,0.7460362,0.07420577589324084,0.07420577589324084
5LXJ.pdb,S12L,11,0.5005171605422158,1.0016215,0.5011043242142539,0.5011043242142539
5LXJ.pdb,S12V,11,1.5775241106658515,0.9376123,-0.6399118155150947,0.6399118155150947
5LXJ.pdb,S12I,11,1.0797164415187308,1.0072361,-0.07248031843370883,0.07248031843370883
5LXJ.pdb,S12W,11,1.1019354302196742,0.9437515,-0.15818391626169692,0.15818391626169692
5LXJ.pdb,S12Y,11,1.6447467464534054,0.8182131,-0.8265336412516842,0.8265336412516842
5LXJ.pdb,S12F,11,0.2555849870105895,0.89885783,0.6432728449443665,0.6432728449443665
5LXJ.pdb,S12P,11,2.199998668609757,0.8638443,-1.3361543931352085,1.3361543931352085
5LXJ.pdb,S12C,11,0.6109577581843113,0.3594818,-0.2514759466608738,0.2514759466608738
5LXJ.pdb,K13Q,12,0.1181163003663172,0.14991695,0.031800646521652765,0.031800646521652765
5LXJ.pdb,K13E,12,0.4430229159588927,0.23229955,-0.210723364591133,0.210723364591133
5LXJ.pdb,K13N,12,-0.3395860628657083,0.015937805,0.35552386804148955,0.35552386804148955
5LXJ.pdb,K13H,12,-0.1154120283844633,0.1247308,0.24014283145691584,0.24014283145691584
5LXJ.pdb,K13D,12,0.2915026544757051,0.15073045,-0.14077220849467942,0.14077220849467942
5LXJ.pdb,K13R,12,-0.1819143435314001,0.131609,0.3135233363464178,0.3135233363464178
5LXJ.pdb,K13S,12,-0.1855038548365204,0.051853895,0.23735775002389833,0.23735775002389833
5LXJ.pdb,K13A,12,-0.0994648866496095,0.08089705,0.1803619347653398,0.1803619347653398
5LXJ.pdb,K13G,12,-0.0317427068969284,0.11968259,0.15142529458012924,0.15142529458012924
5LXJ.pdb,K13M,12,0.1470703325572948,0.25251552,0.1054451920684834,0.1054451920684834
5LXJ.pdb,K13L,12,0.1803481967662175,0.20399037,0.023642173268954014,0.023642173268954014
5LXJ.pdb,K13V,12,0.2007901471913742,0.348323,0.14753284036508332,0.14753284036508332
5LXJ.pdb,K13I,12,0.0335524615938047,0.37331843,0.339765972167792,0.339765972167792
5LXJ.pdb,K13W,12,-0.0516839026419124,0.2566141,0.3082979916540584,0.3082979916540584
5LXJ.pdb,K13Y,12,0.418438084176822,0.27451748,-0.1439206076181367,0.1439206076181367
5LXJ.pdb,K13F,12,0.0441621793094388,0.34364247,0.2994802939113864,0.2994802939113864
5LXJ.pdb,K13P,12,0.1096608854231671,0.17322205,0.06356116464759554,0.06356116464759554
5LXJ.pdb,K13C,12,0.3662899706862323,-0.02146323,-0.38775320093849824,0.38775320093849824
5LXJ.pdb,L14Q,13,2.832205215574015,1.3585316,-1.473673621297587,1.473673621297587
5LXJ.pdb,L14E,13,2.598408480632437,1.6369288,-0.9614796838642485,0.9614796838642485
5LXJ.pdb,L14N,13,2.4460291581042664,1.8389623,-0.6070668415912048,0.6070668415912048
5LXJ.pdb,L14H,13,2.5197392814729787,1.4504974,-1.069241892633257,1.069241892633257
5LXJ.pdb,L14D,13,2.404337717043632,1.9761049,-0.4282328615062174,0.4282328615062174
5LXJ.pdb,L14R,13,2.139114571791907,1.836691,-0.3024235498726564,0.3024235498726564
5LXJ.pdb,L14K,13,2.707611003895544,1.5463116,-1.1612993869979609,1.1612993869979609
5LXJ.pdb,L14T,13,1.9096055859312373,1.590348,-0.3192575806364375,0.3192575806364375
5LXJ.pdb,L14S,13,2.536781731188138,1.7378082,-0.7989735036490755,0.7989735036490755
5LXJ.pdb,L14A,13,2.244568255305218,1.2491739,-0.9953943756818049,0.9953943756818049
5LXJ.pdb,L14G,13,1.9673989811700563,1.6696278,-0.29777119548737807,0.29777119548737807
5LXJ.pdb,L14M,13,0.8486140165301914,0.29817617,-0.5504378471347446,0.5504378471347446
5LXJ.pdb,L14V,13,1.420677000201496,1.1565155,-0.2641615211136663,0.2641615211136663
5LXJ.pdb,L14I,13,0.7714493491287056,0.6668927,-0.10455664178083568,0.10455664178083568
5LXJ.pdb,L14W,13,1.7843598025686376,0.81469214,-0.9696676629430883,0.9696676629430883
5LXJ.pdb,L14Y,13,1.1004021722317106,0.8793746,-0.22102754893306553,0.22102754893306553
5LXJ.pdb,L14F,13,1.2956569104733051,0.5019835,-0.7936733871044697,0.7936733871044697
5LXJ.pdb,L14P,13,3.232001897826244,1.8514512,-1.3805507393026843,1.3805507393026843
5LXJ.pdb,L14C,13,1.4003740796314732,0.5134089,-0.8869651803242222,0.8869651803242222
5LXJ.pdb,N15Q,14,0.0673719428881081,0.27241606,0.20504411231437603,0.20504411231437603
5LXJ.pdb,N15E,14,0.3048403690385286,0.17355086,-0.13128950994486255,0.13128950994486255
5LXJ.pdb,N15H,14,-0.2262756555408924,0.29215387,0.5184295206398457,0.5184295206398457
5LXJ.pdb,N15D,14,-0.0636533944158141,-0.08805546,-0.02440206722931225,0.02440206722931225
5LXJ.pdb,N15R,14,-0.2331277954151898,0.37001848,0.6031462776234418,0.6031462776234418
5LXJ.pdb,N15K,14,0.0661959079214811,0.24903134,0.18283542719395163,0.18283542719395163
5LXJ.pdb,N15T,14,-0.4632187222540245,0.13848996,0.60170868387817,0.60170868387817
5LXJ.pdb,N15S,14,-0.4089946711452694,-0.051527888,0.35746678356249045,0.35746678356249045
5LXJ.pdb,N15A,14,-0.3244316945607854,0.16607387,0.49050556819989216,0.49050556819989216
5LXJ.pdb,N15G,14,-0.1110691758289239,0.14452757,0.255596745242109,0.255596745242109
5LXJ.pdb,N15L,14,0.2293041365193935,0.42570573,0.1964015943956761,0.1964015943956761
5LXJ.pdb,N15V,14,0.7577233599477391,0.5415813,-0.21614208686882064,0.21614208686882064
5LXJ.pdb,N15I,14,0.5219400511879653,0.6500541,0.12811404598763287,0.12811404598763287
5LXJ.pdb,N15W,14,0.1691993667409845,0.45041788,0.2812185095026068,0.2812185095026068
5LXJ.pdb,N15Y,14,0.3987870813714766,0.46161115,0.06282407032377485,0.06282407032377485
5LXJ.pdb,N15F,14,0.0932276469959449,0.5229894,0.42976174528463373,0.42976174528463373
5LXJ.pdb,N15P,14,-0.1775231595390316,0.109355584,0.28687874332599606,0.28687874332599606
5LXJ.pdb,N15C,14,0.1548589882318318,0.09249222,-0.0623667654458821,0.0623667654458821
5LXJ.pdb,I16Q,15,-0.334605071199022,-0.051968515,0.282636556279741,0.282636556279741
5LXJ.pdb,I16E,15,-0.2750467685711806,0.23372394,0.508770707036299,0.508770707036299
5LXJ.pdb,I16N,15,-0.1920103569970654,0.23384891,0.4258592715011166,0.4258592715011166
5LXJ.pdb,I16H,15,-0.039378027564068,0.22809447,0.2674725010452463,0.2674725010452463
5LXJ.pdb,I16D,15,-0.0672023402797648,0.34870613,0.4159084664928385,0.4159084664928385
5LXJ.pdb,I16R,15,-0.4006632719834351,-0.029408842,0.3712544296582245,0.3712544296582245
5LXJ.pdb,I16K,15,-0.1699801003584036,-0.15932858,0.010651520455754682,0.010651520455754682
5LXJ.pdb,I16T,15,-0.1503791997711845,0.29334185,0.4437210450451561,0.4437210450451561
5LXJ.pdb,I16S,15,-0.3811831945372659,0.21030223,0.5914854282332498,0.5914854282332498
5LXJ.pdb,I16A,15,-0.4248489001728961,-0.04746774,0.37738116178292724,0.37738116178292724
5LXJ.pdb,I16G,15,-0.0628353467173474,0.29608506,0.35892040636013917,0.35892040636013917
5LXJ.pdb,I16M,15,-0.2181612533191308,0.06833243,0.28649368701969236,0.28649368701969236
5LXJ.pdb,I16L,15,0.0005619517134585,-0.026055932,-0.02661788375844141,0.02661788375844141
5LXJ.pdb,I16V,15,-0.0298489579550218,0.1860424,0.215891356169362,0.215891356169362
5LXJ.pdb,I16W,15,0.0142363143226327,0.23710862,0.22287230369837865,0.22287230369837865
5LXJ.pdb,I16Y,15,0.2106437236865752,0.3156997,0.10505597285425733,0.10505597285425733
5LXJ.pdb,I16F,15,0.2588984381028263,0.2904783,0.03157985102452354,0.03157985102452354
5LXJ.pdb,I16P,15,-0.4071237842898614,0.31239837,0.7195221583705194,0.7195221583705194
5LXJ.pdb,I16C,15,0.3906797232825085,0.012309253,-0.3783704700667187,0.3783704700667187
5LXJ.pdb,D17Q,16,-0.1618632874631207,-0.05128311,0.11058017752998281,0.11058017752998281
5LXJ.pdb,D17E,16,-0.4234636098038371,-0.049869712,0.3735938973616775,0.3735938973616775
5LXJ.pdb,D17N,16,-0.0245284690007587,0.032170832,0.056699301157893706,0.056699301157893706
5LXJ.pdb,D17H,16,-0.2419193314806107,0.0061891563,0.24810848780428205,0.24810848780428205
5LXJ.pdb,D17R,16,-0.4235556835543286,0.0033118017,0.42686748525611273,0.42686748525611273
5LXJ.pdb,D17K,16,-0.7630382344166078,-0.09723078,0.6658074572721757,0.6658074572721757
5LXJ.pdb,D17T,16,-0.0949065066314851,0.09192005,0.18682655462991343,0.18682655462991343
5LXJ.pdb,D17S,16,-0.1454607877020541,-0.008969743,0.1364910448972884,0.1364910448972884
5LXJ.pdb,D17A,16,-0.3015019135681647,-0.13631149,0.16519042720475374,0.16519042720475374
5LXJ.pdb,D17G,16,0.5086181842969402,0.091978155,-0.4166400292204364,0.4166400292204364
5LXJ.pdb,D17M,16,-0.1268101515399275,0.037393387,0.16420353894699194,0.16420353894699194
5LXJ.pdb,D17L,16,-0.0607994303207708,0.0026457347,0.06344516501835114,0.06344516501835114
5LXJ.pdb,D17V,16,-0.1651652967393704,0.11403656,0.27920185679796417,0.27920185679796417
5LXJ.pdb,D17I,16,-0.1264728123181346,0.09568258,0.22215538861684828,0.22215538861684828
5LXJ.pdb,D17W,16,-0.28109440901695,-0.023474623,0.2576197864991258,0.2576197864991258
5LXJ.pdb,D17Y,16,0.1818029444395277,0.06340578,-0.11839716245519846,0.11839716245519846
5LXJ.pdb,D17F,16,0.1773309295085101,0.12494464,-0.05238628732234524,0.05238628732234524
5LXJ.pdb,D17P,16,0.2976029671896358,0.35738656,0.05978359205833478,0.05978359205833478
5LXJ.pdb,D17C,16,0.3607974748182041,-0.14341919,-0.5042166660594685,0.5042166660594685
5LXJ.pdb,H18Q,17,-0.1921144067137987,-0.1305292,0.06158521164353198,0.06158521164353198
5LXJ.pdb,H18E,17,-0.2590411558641685,0.10838842,0.3674295723332656,0.3674295723332656
5LXJ.pdb,H18N,17,0.6921804200075585,0.3147404,-0.37744003042206353,0.37744003042206353
5LXJ.pdb,H18D,17,-0.10322114433573,0.43443197,0.5376531144552064,0.5376531144552064
5LXJ.pdb,H18R,17,0.2092275552619091,-0.0030350834,-0.21226263867503317,0.21226263867503317
5LXJ.pdb,H18K,17,0.0928212299366104,-0.06199219,-0.15481342071486587,0.15481342071486587
5LXJ.pdb,H18T,17,-0.3964913591021557,0.15521762,0.5517089768523236,0.5517089768523236
5LXJ.pdb,H18S,17,0.1830627499832235,0.2013323,0.018269550918189464,0.018269550918189464
5LXJ.pdb,H18A,17,-0.0179166806773358,-0.11895984,-0.10104315598447984,0.10104315598447984
5LXJ.pdb,H18G,17,0.8377513853365199,0.54315597,-0.29459541714728044,0.29459541714728044
5LXJ.pdb,H18L,17,-0.3216319874069886,-0.03393601,0.2876959785959916,0.2876959785959916
5LXJ.pdb,H18V,17,-0.3516373920400926,-0.03446299,0.31717440366347516,0.31717440366347516
5LXJ.pdb,H18I,17,-0.465741103531585,-0.15185031,0.31389079058335806,0.31389079058335806
5LXJ.pdb,H18W,17,-0.1019135411330709,-0.11128185,-0.009368308310841608,0.009368308310841608
5LXJ.pdb,H18Y,17,-0.1666748290899522,-0.13539657,0.03127825912268231,0.03127825912268231
5LXJ.pdb,H18P,17,2.063515435873147,1.4691114,-0.5944039933072292,0.5944039933072292
5LXJ.pdb,H18C,17,-0.1937180340769186,-0.3019277,-0.10820965166069127,0.10820965166069127
5LXJ.pdb,K19Q,18,-0.0754087160754797,0.4426223,0.5180310200381872,0.5180310200381872
5LXJ.pdb,K19E,18,1.6209774723620396,1.5393152,-0.08166224866819194,0.08166224866819194
5LXJ.pdb,K19N,18,2.50800073269872,1.5700314,-0.9379693282034807,0.9379693282034807
5LXJ.pdb,K19H,18,1.73784656709243,1.2070112,-0.5308353442530744,0.5308353442530744
5LXJ.pdb,K19D,18,2.582873132732625,2.3232217,-0.2596514492304278,0.2596514492304278
5LXJ.pdb,K19R,18,0.6788433862638961,0.067388654,-0.6114547325087081,0.6114547325087081
5LXJ.pdb,K19T,18,1.3820438536450004,1.2892693,-0.09277452552762977,0.09277452552762977
5LXJ.pdb,K19S,18,1.771106814682798,1.2918601,-0.4792467110756202,0.4792467110756202
5LXJ.pdb,K19A,18,1.1259033594354144,1.0426449,-0.08325850107512389,0.08325850107512389
5LXJ.pdb,K19G,18,2.4911987420387978,1.68023,-0.8109687205620522,0.8109687205620522
5LXJ.pdb,K19M,18,0.3798413118182782,0.7747819,0.39494057094463075,0.39494057094463075
5LXJ.pdb,K19L,18,1.13591069587963,0.68380326,-0.4521074355532444,0.4521074355532444
5LXJ.pdb,K19V,18,0.6036146717512003,0.7574414,0.1538267297304281,0.1538267297304281
5LXJ.pdb,K19I,18,0.2015037427659938,0.49967766,0.2981739153150609,0.2981739153150609
5LXJ.pdb,K19W,18,1.227406008967045,1.4419861,0.2145800750173299,0.2145800750173299
5LXJ.pdb,K19F,18,1.5612495607530492,1.2449733,-0.316276258865537,0.316276258865537
5LXJ.pdb,K19P,18,2.615142470515712,1.9461007,-0.669041758693202,0.669041758693202
5LXJ.pdb,D20Q,19,-0.7625148770456698,-0.4898555,0.27265937897018455,0.27265937897018455
5LXJ.pdb,D20E,19,-0.4745395223035058,-0.23518285,0.23935667075054257,0.23935667075054257
5LXJ.pdb,D20N,19,-0.6115889140287156,-0.26112273,0.35046618067414714,0.35046618067414714
5LXJ.pdb,D20H,19,-0.7474850074804067,-0.33614346,0.41134154363038533,0.41134154363038533
5LXJ.pdb,D20R,19,-0.854032467942734,-0.5726454,0.28138704214622523,0.28138704214622523
5LXJ.pdb,D20K,19,-0.7953549384434191,-0.52445066,0.270904278691527,0.270904278691527
5LXJ.pdb,D20T,19,-1.0187935025199253,-0.18025643,0.8385370761855442,0.8385370761855442
5LXJ.pdb,D20S,19,-0.4425671744757125,-0.16903868,0.2735284912996718,0.2735284912996718
5LXJ.pdb,D20A,19,-0.8053727846537266,-0.30790186,0.49747092537027937,0.49747092537027937
5LXJ.pdb,D20G,19,-0.7196513136225788,0.2021448,0.9217961152392475,0.9217961152392475
5LXJ.pdb,D20M,19,-0.9496612602433748,-0.53678167,0.4128795915803499,0.4128795915803499
5LXJ.pdb,D20L,19,-0.6693977767614352,-0.4670229,0.2023748809484469,0.2023748809484469
5LXJ.pdb,D20V,19,-0.7496324412045143,-0.28441557,0.4652168683228157,0.4652168683228157
5LXJ.pdb,D20I,19,-0.7417110624847627,-0.51150584,0.2302052202759004,0.2302052202759004
5LXJ.pdb,D20W,19,-0.3739536840804143,-0.29864246,0.07531122754888964,0.07531122754888964
5LXJ.pdb,D20Y,19,-0.4634861853013712,-0.3076477,0.1558384802232462,0.1558384802232462
5LXJ.pdb,D20F,19,-0.0276761419453621,-0.2952685,-0.2675923638663292,0.2675923638663292
5LXJ.pdb,D20P,19,2.1426396317522687,1.3995557,-0.7430839486162824,0.7430839486162824
5LXJ.pdb,Y21Q,20,0.2138087728962499,0.6495048,0.43569600787309826,0.43569600787309826
5LXJ.pdb,Y21E,20,0.6902394714708633,0.85108376,0.16084428402230078,0.16084428402230078
5LXJ.pdb,Y21N,20,0.6750133517159607,0.9747777,0.29976434680088504,0.29976434680088504
5LXJ.pdb,Y21H,20,0.2311374887456745,0.4967299,0.2655924216280132,0.2655924216280132
5LXJ.pdb,Y21D,20,1.3089627647179616,1.2560544,-0.0529083633202565,0.0529083633202565
5LXJ.pdb,Y21R,20,0.0823417926834948,0.4583524,0.37601059426795175,0.37601059426795175
5LXJ.pdb,Y21K,20,0.2010736937345068,0.5356886,0.3346148853479822,0.3346148853479822
5LXJ.pdb,Y21T,20,0.5296478162276341,0.71032786,0.18068004746560318,0.18068004746560318
5LXJ.pdb,Y21S,20,0.5951563655883163,0.7717866,0.17663020496069493,0.17663020496069493
5LXJ.pdb,Y21A,20,0.2086389932887158,0.50103956,0.29240057132081176,0.29240057132081176
5LXJ.pdb,Y21G,20,1.2511188354975076,1.0789757,-0.1721431580072732,0.1721431580072732
5LXJ.pdb,Y21M,20,0.2138660111501531,0.18639061,-0.027475402601035065,0.027475402601035065
5LXJ.pdb,Y21L,20,0.1198697091627649,0.2618199,0.14195018991941893,0.14195018991941893
5LXJ.pdb,Y21V,20,0.5264924588885065,0.46088833,-0.06560413272044618,0.06560413272044618
5LXJ.pdb,Y21I,20,0.4744239103571743,0.25083685,-0.2235870611445278,0.2235870611445278
5LXJ.pdb,Y21W,20,0.0680617973131334,0.087165534,0.01910373718317397,0.01910373718317397
5LXJ.pdb,Y21F,20,0.0507473150682247,0.06130165,0.010554333548566074,0.010554333548566074
5LXJ.pdb,Y21P,20,3.0954015754177084,2.103157,-0.9922445319606772,0.9922445319606772
5LXJ.pdb,Y21C,20,0.4743567363552539,0.13132429,-0.34303244512600584,0.34303244512600584
5LXJ.pdb,L22Q,21,3.436557286365287,1.5299938,-1.9065635138585733,1.9065635138585733
5LXJ.pdb,L22E,21,4.087430826860486,1.6720805,-2.4153503100453007,2.4153503100453007
5LXJ.pdb,L22N,21,3.4439992895543505,1.8888786,-1.5551207056462695,1.5551207056462695
5LXJ.pdb,L22H,21,3.4540822638724524,1.1285949,-2.325487388536759,2.325487388536759
5LXJ.pdb,L22R,21,3.4926167431752013,1.6256908,-1.8669259253422545,1.8669259253422545
5LXJ.pdb,L22K,21,3.6630844915343626,1.8120677,-1.8510167444182737,1.8510167444182737
5LXJ.pdb,L22T,21,3.4677752426018014,1.4775338,-1.9902414253105416,1.9902414253105416
5LXJ.pdb,L22A,21,1.9199886536990365,1.2434485,-0.6765401578341683,0.6765401578341683
5LXJ.pdb,L22G,21,3.552922839672301,2.066877,-1.4860459513971547,1.4860459513971547
5LXJ.pdb,L22M,21,0.929452382810557,0.3000698,-0.629382573850596,0.629382573850596
5LXJ.pdb,L22V,21,2.021897799546556,0.82290196,-1.198995835358934,1.198995835358934
5LXJ.pdb,L22I,21,1.4890919642169993,0.48681903,-1.0022729353626292,1.0022729353626292
5LXJ.pdb,L22W,21,1.0751038633890175,-0.28851426,-1.3636181198663735,1.3636181198663735
5LXJ.pdb,L22Y,21,0.8955919049831862,-0.21795344,-1.1135453485104079,1.1135453485104079
5LXJ.pdb,L22F,21,0.8639174099179345,0.07732791,-0.7865895028325158,0.7865895028325158
5LXJ.pdb,L22C,21,1.7403079505859482,0.4080196,-1.3322883482872117,1.3322883482872117
5LXJ.pdb,L23Q,22,1.59436901117319,1.1026638,-0.49170525575631996,0.49170525575631996
5LXJ.pdb,L23E,22,1.1434557324432943,1.2893978,0.145942103288212,0.145942103288212
5LXJ.pdb,L23N,22,1.0643360465805969,1.779604,0.7152679115492859,0.7152679115492859
5LXJ.pdb,L23H,22,1.6821505875814786,1.2732358,-0.40891478969939854,0.40891478969939854
5LXJ.pdb,L23D,22,2.0666343868874617,1.7129524,-0.3536820114754744,0.3536820114754744
5LXJ.pdb,L23R,22,1.30192316771705,1.4480008,0.1460776209716097,0.1460776209716097
5LXJ.pdb,L23K,22,2.2601586655569608,1.3251479,-0.935010798354202,0.935010798354202
5LXJ.pdb,L23T,22,1.1641432645635343,1.015518,-0.14862531450555094,0.14862531450555094
5LXJ.pdb,L23S,22,1.597329957758339,1.3046762,-0.2926537826408464,0.2926537826408464
5LXJ.pdb,L23A,22,1.8800802941498884,1.0533855,-0.826694798010362,0.826694798010362
5LXJ.pdb,L23G,22,2.747706111745626,1.8858662,-0.8618399465844933,0.8618399465844933
5LXJ.pdb,L23M,22,0.3519301010011437,0.43393648,0.0820063757063148,0.0820063757063148
5LXJ.pdb,L23V,22,1.077251010523966,0.72540474,-0.3518462711440833,0.3518462711440833
5LXJ.pdb,L23I,22,0.3887643993068392,0.2652613,-0.12350310684925864,0.12350310684925864
5LXJ.pdb,L23W,22,1.2920055596684834,0.6700508,-0.6219547598218342,0.6219547598218342
5LXJ.pdb,L23Y,22,0.3189368474165972,0.8071438,0.4882069599945966,0.4882069599945966
5LXJ.pdb,L23F,22,0.5930123467515949,0.76735055,0.1743382077146527,0.1743382077146527
5LXJ.pdb,D24Q,23,-0.4839479588390079,-0.39221436,0.09173360098607208,0.09173360098607208
5LXJ.pdb,D24E,23,-0.2673152337534739,-0.1624431,0.10487213234737647,0.10487213234737647
5LXJ.pdb,D24N,23,-0.3727212017231287,-0.13881627,0.23390493447116034,0.23390493447116034
5LXJ.pdb,D24H,23,-0.3234851762066673,-0.22261968,0.10086549365623698,0.10086549365623698
5LXJ.pdb,D24R,23,-0.883692410516725,-0.45314455,0.43054786019323865,0.43054786019323865
5LXJ.pdb,D24K,23,-0.7951060306123177,-0.45969552,0.3354105125955025,0.3354105125955025
5LXJ.pdb,D24T,23,-0.4368949319203907,-0.12591636,0.31097857011161384,0.31097857011161384
5LXJ.pdb,D24S,23,-0.5626723453988136,-0.16315302,0.3995193228711189,0.3995193228711189
5LXJ.pdb,D24G,23,-0.3201282142378878,0.13874349,0.4588717042185854,0.4588717042185854
5LXJ.pdb,D24M,23,-0.3447024145094626,-0.37852496,-0.03382254457790923,0.03382254457790923
5LXJ.pdb,D24L,23,-0.4999457335713479,-0.28385434,0.2160913980248544,0.2160913980248544
5LXJ.pdb,D24V,23,-0.1254268094660178,-0.08679981,0.038627001619471635,0.038627001619471635
5LXJ.pdb,D24I,23,-0.2394044396656567,-0.31010652,-0.07070207621874272,0.07070207621874272
5LXJ.pdb,D24W,23,-0.5523522587200071,-0.20326765,0.34908460990389845,0.34908460990389845
5LXJ.pdb,D24Y,23,-0.5353388899758307,-0.19489136,0.3404475265934912,0.3404475265934912
5LXJ.pdb,D24F,23,-0.4338564031117902,-0.1931485,0.24070790934500552,0.24070790934500552
5LXJ.pdb,D24P,23,2.740954462699019,1.2659829,-1.4749715964117875,1.4749715964117875
5LXJ.pdb,D24C,23,-0.369251455037384,-0.3952815,-0.02603003862640385,0.02603003862640385
5LXJ.pdb,L25Q,24,0.4432162805000037,0.5562387,0.11302243038027582,0.11302243038027582
5LXJ.pdb,L25N,24,1.6549763546335914,1.08395,-0.571026311908982,0.571026311908982
5LXJ.pdb,L25H,24,1.3673978949765544,0.66935927,-0.6980386282185893,0.6980386282185893
5LXJ.pdb,L25D,24,2.763209701690574,1.3723204,-1.3908892881010964,1.3908892881010964
5LXJ.pdb,L25R,24,0.2274338698050981,0.5268562,0.2994223142006392,0.2994223142006392
5LXJ.pdb,L25K,24,-0.036603830559541,0.61206424,0.648668072922517,0.648668072922517
5LXJ.pdb,L25T,24,0.8483587114313722,0.7006687,-0.14769001884256605,0.14769001884256605
5LXJ.pdb,L25S,24,1.152044318456182,0.8435395,-0.3085048420615286,0.3085048420615286
5LXJ.pdb,L25A,24,0.4098448247937636,0.5217444,0.11189954566674665,0.11189954566674665
5LXJ.pdb,L25G,24,2.0716666822022134,1.170825,-0.9008416776245767,0.9008416776245767
5LXJ.pdb,L25V,24,0.5042879399353777,0.3518268,-0.1524611529404436,0.1524611529404436
5LXJ.pdb,L25I,24,0.4778212768998098,0.0559451,-0.42187617849969383,0.42187617849969383
5LXJ.pdb,L25W,24,0.5011359551744161,0.30255646,-0.19857950003907066,0.19857950003907066
5LXJ.pdb,L25Y,24,0.8383907030182023,0.27176774,-0.5666229675369401,0.5666229675369401
5LXJ.pdb,L25F,24,0.9263916498016384,0.31690556,-0.6094860916923549,0.6094860916923549
5LXJ.pdb,L26Q,25,3.3818637018546607,2.0686464,-1.3132172708854224,1.3132172708854224
5LXJ.pdb,L26E,25,2.503026598248874,1.9974482,-0.5055783923009982,0.5055783923009982
5LXJ.pdb,L26H,25,2.850994656032673,1.7958086,-1.0551861023369944,1.0551861023369944
5LXJ.pdb,L26R,25,2.181348947778352,2.2631714,0.08182248662411373,0.08182248662411373
5LXJ.pdb,L26T,25,2.3558924723060106,1.8174602,-0.5384322929770922,0.5384322929770922
5LXJ.pdb,L26S,25,2.603946545936848,2.0725513,-0.5313952954790842,0.5313952954790842
5LXJ.pdb,L26A,25,2.48818589683374,1.6793082,-0.8088777207930904,0.8088777207930904
5LXJ.pdb,L26G,25,3.47202988285358,2.0918663,-1.3801636280470615,1.3801636280470615
5LXJ.pdb,L26M,25,1.1037694362818944,0.9581542,-0.14561523477432603,0.14561523477432603
5LXJ.pdb,L26V,25,1.3523941670359982,1.1399252,-0.21246892556566133,0.21246892556566133
5LXJ.pdb,L26I,25,1.4050754816619466,0.80184406,-0.6032314212409566,0.6032314212409566
5LXJ.pdb,L26W,25,1.730318206341757,1.155367,-0.5749511895494597,0.5749511895494597
5LXJ.pdb,L26Y,25,1.7675871738535285,1.2116926,-0.5558946022135138,0.5558946022135138
5LXJ.pdb,L26F,25,1.1852978299616823,1.2042143,0.018916504526232725,0.018916504526232725
5LXJ.pdb,L26C,25,2.352710913418166,1.0953546,-1.2573563563808126,1.2573563563808126
5LXJ.pdb,N27Q,26,-0.0266955037746607,-0.04611084,-0.019415334876996405,0.019415334876996405
5LXJ.pdb,N27E,26,0.417526237412718,-0.09594911,-0.513475350781706,0.513475350781706
5LXJ.pdb,N27H,26,0.3023323816152579,0.15989229,-0.1424400907846457,0.1424400907846457
5LXJ.pdb,N27D,26,0.3147216238307733,-0.21986717,-0.5345887936877984,0.5345887936877984
5LXJ.pdb,N27R,26,-0.0450053024354057,0.053680122,0.09868542433405683,0.09868542433405683
5LXJ.pdb,N27K,26,-0.3838680643068124,0.030066893,0.4139349568115045,0.4139349568115045
5LXJ.pdb,N27T,26,0.6004698994851911,0.24195448,-0.35851542384394053,0.35851542384394053
5LXJ.pdb,N27S,26,0.0259096287416982,0.007123098,-0.01878653096433156,0.01878653096433156
5LXJ.pdb,N27A,26,-0.1356154253620531,-0.12888235,0.006733076824608025,0.006733076824608025
5LXJ.pdb,N27G,26,0.0787908562868699,0.2505024,0.1717115512639419,0.1717115512639419
5LXJ.pdb,N27M,26,0.0256313521181827,-0.054830372,-0.08046172445170931,0.08046172445170931
5LXJ.pdb,N27L,26,0.2933564112174118,0.05025859,-0.243097819446286,0.243097819446286
5LXJ.pdb,N27V,26,0.3944768056241838,0.5032827,0.10880592018682084,0.10880592018682084
5LXJ.pdb,N27I,26,0.8568866376930617,0.32860744,-0.5282791976982497,0.5282791976982497
5LXJ.pdb,N27W,26,0.7183621459920588,0.15029846,-0.5680636846740428,0.5680636846740428
5LXJ.pdb,N27Y,26,0.5087225434843914,0.1983611,-0.3103614447180645,0.3103614447180645
5LXJ.pdb,N27F,26,0.6270082037798201,0.2722582,-0.35475001147902363,0.35475001147902363
5LXJ.pdb,N27P,26,1.781344286236238,1.2481604,-0.5331839239925857,0.5331839239925857
5LXJ.pdb,N27C,26,0.7905354164626508,-0.15838853,-0.9489239417102246,0.9489239417102246
5LXJ.pdb,D28Q,27,-0.3547536708081007,-0.31915253,0.035601136800074595,0.035601136800074595
5LXJ.pdb,D28E,27,-0.2063013819389163,-0.102326244,0.10397513782308684,0.10397513782308684
5LXJ.pdb,D28N,27,-0.4188602926469866,-0.092721626,0.3261386664844576,0.3261386664844576
5LXJ.pdb,D28H,27,0.020518743565193,-0.14574635,-0.16626509385358412,0.16626509385358412
5LXJ.pdb,D28R,27,-0.5644977390170793,-0.2580951,0.3064026533961992,0.3064026533961992
5LXJ.pdb,D28K,27,-0.4716926397936816,-0.3403083,0.1313843311923022,0.1313843311923022
5LXJ.pdb,D28T,27,-0.2889647451322799,-0.14462775,0.14433699521238852,0.14433699521238852
5LXJ.pdb,D28S,27,-0.3757148156241054,-0.15488157,0.22083324886118122,0.22083324886118122
5LXJ.pdb,D28A,27,-0.3326016604487587,-0.16861525,0.16398640866920244,0.16398640866920244
5LXJ.pdb,D28G,27,-0.2797515828640677,0.0636666,0.34341817987277284,0.34341817987277284
5LXJ.pdb,D28M,27,-0.2373004053852838,-0.27592516,-0.038624754069061906,0.038624754069061906
5LXJ.pdb,D28L,27,-0.4185704484572459,-0.2208901,0.1976803436865855,0.1976803436865855
5LXJ.pdb,D28V,27,0.1012859612516439,0.07021044,-0.031075519304660557,0.031075519304660557
5LXJ.pdb,D28I,27,0.155368457376833,-0.083347544,-0.23871600145089153,0.23871600145089153
5LXJ.pdb,D28W,27,0.1301395334535242,-0.049268156,-0.1794076897435785,0.1794076897435785
5LXJ.pdb,D28Y,27,-0.2324991615213454,-0.05068831,0.18181085006371142,0.18181085006371142
5LXJ.pdb,D28F,27,-0.0746973871507905,-0.026544418,0.04815296896484117,0.04815296896484117
5LXJ.pdb,D28P,27,1.4598057391107646,1.0671508,-0.39265490788823043,0.39265490788823043
5LXJ.pdb,D28C,27,-0.0164787747631041,-0.36922687,-0.3527480981578859,0.3527480981578859
5LXJ.pdb,V29Q,28,0.5603201220282705,1.062938,0.502617852901539,0.502617852901539
5LXJ.pdb,V29E,28,1.634378976803256,1.4591634,-0.17521554945035067,0.17521554945035067
5LXJ.pdb,V29N,28,1.6431456335302077,1.5001637,-0.14298195917565448,0.14298195917565448
5LXJ.pdb,V29H,28,1.1765011889467505,1.1398951,-0.03660610742666992,0.03660610742666992
5LXJ.pdb,V29D,28,1.7926373582138204,1.8650422,0.07240485141142372,0.07240485141142372
5LXJ.pdb,V29R,28,1.0360442338933873,1.0917487,0.055704480553634195,0.055704480553634195
5LXJ.pdb,V29K,28,0.8674284842403912,1.0887167,0.2212882611361957,0.2212882611361957
5LXJ.pdb,V29T,28,0.127902111488884,0.8199978,0.692095675986702,0.692095675986702
5LXJ.pdb,V29S,28,0.8691027586384594,1.275171,0.40606828285018803,0.40606828285018803
5LXJ.pdb,V29A,28,0.3991515282456501,1.0600828,0.6609312649901287,0.6609312649901287
5LXJ.pdb,V29G,28,1.818925834240684,1.6916378,-0.12728807980037637,0.12728807980037637
5LXJ.pdb,V29M,28,0.1525164729307264,0.5226978,0.370181333427611,0.370181333427611
5LXJ.pdb,V29L,28,0.2478548524785693,0.34750235,0.09964749832862063,0.09964749832862063
5LXJ.pdb,V29I,28,-0.155992874394371,-0.22088808,-0.06489520381836703,0.06489520381836703
5LXJ.pdb,V29W,28,0.920051155740874,0.73399544,-0.18605571811880373,0.18605571811880373
5LXJ.pdb,V29Y,28,0.5181135594160589,0.6824157,0.16430216438460032,0.16430216438460032
5LXJ.pdb,V29F,28,0.9508866860128432,0.6141253,-0.3367613746381789,0.3367613746381789
5LXJ.pdb,V29P,28,1.44122683276832,1.7804219,0.33919502029717075,0.33919502029717075
5LXJ.pdb,V29C,28,0.060463415031926,0.40159824,0.3411348298735458,0.3411348298735458
5LXJ.pdb,K30Q,29,0.2055796960045275,0.03246391,-0.1731157878090319,0.1731157878090319
5LXJ.pdb,K30E,29,0.3167177420564142,0.32827756,0.011559816031888437,0.011559816031888437
5LXJ.pdb,K30N,29,0.2477264006221715,0.25765413,0.009927729836660293,0.009927729836660293
5LXJ.pdb,K30H,29,-0.0595609198738054,0.23971981,0.29928072797545946,0.29928072797545946
5LXJ.pdb,K30D,29,0.5096952103253751,0.48057032,-0.02912489401067786,0.02912489401067786
5LXJ.pdb,K30R,29,-0.1226374514486146,0.048964083,0.17160153464334726,0.17160153464334726
5LXJ.pdb,K30T,29,0.2589402378273533,0.2359119,-0.023028332061819867,0.023028332061819867
5LXJ.pdb,K30S,29,0.2463419215160645,0.28776613,0.04142420726239315,0.04142420726239315
5LXJ.pdb,K30A,29,0.5479471389692181,0.32574287,-0.22220426839998897,0.22220426839998897
5LXJ.pdb,K30G,29,0.4838457821615445,0.53857327,0.05472748291413909,0.05472748291413909
5LXJ.pdb,K30M,29,0.3186175043208945,0.21850944,-0.10010806866720795,0.10010806866720795
5LXJ.pdb,K30L,29,0.4507074868515199,0.25229466,-0.1984128272369569,0.1984128272369569
5LXJ.pdb,K30V,29,-0.0036824921786227,0.20798855,0.21167103747719906,0.21167103747719906
5LXJ.pdb,K30I,29,0.2748226435074281,0.12315327,-0.151669374216504,0.151669374216504
5LXJ.pdb,K30W,29,0.3111173149020412,0.43756735,0.126450038346555,0.126450038346555
5LXJ.pdb,K30Y,29,0.3880534012588463,0.39132282,0.003269420119861588,0.003269420119861588
5LXJ.pdb,K30F,29,0.3007575468312633,0.4237749,0.12301735122095225,0.12301735122095225
5LXJ.pdb,K30P,29,1.1447807006321384,0.89158964,-0.2531910590610935,0.2531910590610935
5LXJ.pdb,K30C,29,0.4685478359632991,0.14452927,-0.32401856781773786,0.32401856781773786
5LXJ.pdb,G31Q,30,0.6178190620365114,0.5370213,-0.0807977827014894,0.0807977827014894
5LXJ.pdb,G31E,30,0.4958966711424981,0.57381856,0.07792189327247995,0.07792189327247995
5LXJ.pdb,G31N,30,-0.2174285897008978,0.37637153,0.593800122379502,0.593800122379502
5LXJ.pdb,G31H,30,0.2460380127804913,0.532288,0.2862500021082721,0.2862500021082721
5LXJ.pdb,G31D,30,-0.0016420246913622,0.22031826,0.2219602825000475,0.2219602825000475
5LXJ.pdb,G31R,30,0.4228740933970498,0.7575239,0.33464980091294777,0.33464980091294777
5LXJ.pdb,G31K,30,0.3945670480000491,0.6374309,0.24286385829572726,0.24286385829572726
5LXJ.pdb,G31T,30,-0.2929897972720785,0.38075182,0.6737416156905813,0.6737416156905813
5LXJ.pdb,G31S,30,-0.2508791875451961,0.3793091,0.6301882755369106,0.6301882755369106
5LXJ.pdb,G31A,30,0.6997647347542095,0.6103495,-0.08941525841677667,0.08941525841677667
5LXJ.pdb,G31M,30,0.6606318132905558,0.5961324,-0.0644994156388834,0.0644994156388834
5LXJ.pdb,G31L,30,0.4874226998457809,0.547089,0.05966628082896275,0.05966628082896275
5LXJ.pdb,G31V,30,0.694478673991926,0.7197433,0.025264637413255908,0.025264637413255908
5LXJ.pdb,G31I,30,0.770933002902185,0.6352993,-0.13563367791286618,0.13563367791286618
5LXJ.pdb,G31W,30,0.2640378803380891,0.45441702,0.19037913974438464,0.19037913974438464
5LXJ.pdb,G31Y,30,0.1428528976940679,0.3804469,0.2375940131640864,0.2375940131640864
5LXJ.pdb,G31F,30,0.4492373078196325,0.3366654,-0.11257191589763543,0.11257191589763543
5LXJ.pdb,G31P,30,1.6620590023032351,1.0274947,-0.6345643333426638,0.6345643333426638
5LXJ.pdb,G31C,30,0.7091832958673914,0.1727156,-0.536467691562124,0.536467691562124
5LXJ.pdb,S32Q,31,0.0542711606671342,0.007101983,-0.047169177835179245,0.047169177835179245
5LXJ.pdb,S32E,31,-0.3253124030718508,0.010641634,0.3359540375361147,0.3359540375361147
5LXJ.pdb,S32N,31,0.0764083440604577,0.08655365,0.01014530405374671,0.01014530405374671
5LXJ.pdb,S32H,31,-0.0292311228427939,0.088157654,0.11738877665138765,0.11738877665138765
5LXJ.pdb,S32D,31,-0.3072125115260991,0.08304102,0.39025353126381956,0.39025353126381956
5LXJ.pdb,S32R,31,0.0396449958413875,0.05623504,0.01659004562794806,0.01659004562794806
5LXJ.pdb,S32K,31,-0.1446809231058359,-0.030982584,0.1136983393446207,0.1136983393446207
5LXJ.pdb,S32T,31,-0.1906345804591223,0.12990515,0.32053972979975187,0.32053972979975187
5LXJ.pdb,S32A,31,-0.3010836869585849,-0.10690646,0.1941772282231189,0.1941772282231189
5LXJ.pdb,S32G,31,-0.0935717024175688,0.14412242,0.2376941241590544,0.2376941241590544
5LXJ.pdb,S32M,31,-0.1412180578330928,0.0503933,0.19161135610141097,0.19161135610141097
5LXJ.pdb,S32L,31,-0.1975799560723654,-0.017532751,0.18004720510820066,0.18004720510820066
5LXJ.pdb,S32V,31,0.0992411341687051,0.09147639,-0.007764745893081779,0.007764745893081779
5LXJ.pdb,S32I,31,-0.1991180078141128,0.04811243,0.24723043749255288,0.24723043749255288
5LXJ.pdb,S32W,31,-0.4783989988189758,0.012265645,0.4906646437865318,0.4906646437865318
5LXJ.pdb,S32Y,31,-0.199275534192759,0.13155453,0.3308300632636132,0.3308300632636132
5LXJ.pdb,S32F,31,-0.1389272030333588,0.17871094,0.3176381405333588,0.3176381405333588
5LXJ.pdb,S32P,31,-0.1572397090817467,0.07054621,0.227785918893911,0.227785918893911
5LXJ.pdb,K33Q,32,0.1783607998673599,0.12923248,-0.049128318745342986,0.049128318745342986
5LXJ.pdb,K33E,32,-0.1733183827308155,0.24256632,0.4158847000506855,0.4158847000506855
5LXJ.pdb,K33N,32,-0.0358063122077814,0.26295504,0.2987613519473902,0.2987613519473902
5LXJ.pdb,K33H,32,-0.109360742111344,0.24736619,0.35672693206800904,0.35672693206800904
5LXJ.pdb,K33D,32,-0.0720726862901917,0.35212585,0.4241985395902863,0.4241985395902863
5LXJ.pdb,K33R,32,0.1535550375727523,0.08520429,-0.06835074920929557,0.06835074920929557
5LXJ.pdb,K33T,32,0.1645927990630604,0.27423868,0.10964587676968801,0.10964587676968801
5LXJ.pdb,K33S,32,0.2586434196373193,0.2674881,0.008844672546747478,0.008844672546747478
5LXJ.pdb,K33A,32,-0.0393263890250037,0.099905744,0.13923213321998812,0.13923213321998812
5LXJ.pdb,K33G,32,0.2729649480838505,0.4091894,0.13622445497324787,0.13622445497324787
5LXJ.pdb,K33M,32,0.2857430100346505,0.21501279,-0.07073022126206752,0.07073022126206752
5LXJ.pdb,K33L,32,0.2508761647586861,0.13257791,-0.11829825373936087,0.11829825373936087
5LXJ.pdb,K33V,32,0.1021610605808081,0.21678552,0.1146244597343622,0.1146244597343622
5LXJ.pdb,K33I,32,0.2383292275976871,0.13926502,-0.09906421187636599,0.09906421187636599
5LXJ.pdb,K33W,32,0.3444299277767064,0.2195566,-0.12487332792128342,0.12487332792128342
5LXJ.pdb,K33Y,32,0.326579054911861,0.28200787,-0.04457118185354192,0.04457118185354192
5LXJ.pdb,K33F,32,0.1756876939884097,0.3077904,0.1321027046093076,0.1321027046093076
5LXJ.pdb,K33P,32,0.6553074058344821,0.5767471,-0.07856028640775481,0.07856028640775481
5LXJ.pdb,K33C,32,0.7520455263916737,0.10432847,-0.6477170579497105,0.6477170579497105
5LXJ.pdb,D34Q,33,-0.5021465985167186,-0.05260952,0.44953708034636186,0.44953708034636186
5LXJ.pdb,D34E,33,-0.3574622865081296,-0.09156425,0.26589803353552677,0.26589803353552677
5LXJ.pdb,D34N,33,-0.248457929178063,0.2201086,0.46856652764875084,0.46856652764875084
5LXJ.pdb,D34H,33,-0.1269583495691821,0.17818883,0.305147180183272,0.305147180183272
5LXJ.pdb,D34R,33,0.0310923023576719,0.19049284,0.15940053626346762,0.15940053626346762
5LXJ.pdb,D34K,33,-0.1476391868561104,0.017331034,0.16497022080119403,0.16497022080119403
5LXJ.pdb,D34T,33,0.4366268727985396,0.3783602,-0.058266660949326976,0.058266660949326976
5LXJ.pdb,D34S,33,-0.1672459487753239,0.105097145,0.2723430936174717,0.2723430936174717
5LXJ.pdb,D34A,33,-0.6160925097428707,-0.23812445,0.3779680646621135,0.3779680646621135
5LXJ.pdb,D34G,33,-0.5917594853615067,0.1035717,0.6953311834310791,0.6953311834310791
5LXJ.pdb,D34M,33,-0.3375379651581052,0.09062821,0.4281661718879941,0.4281661718879941
5LXJ.pdb,D34L,33,-0.3787376144059777,0.10330443,0.4820420452483773,0.4820420452483773
5LXJ.pdb,D34V,33,0.648401993680412,0.4252373,-0.22316469566863217,0.22316469566863217
5LXJ.pdb,D34I,33,0.6888977652300423,0.38716954,-0.30172822530160603,0.30172822530160603
5LXJ.pdb,D34W,33,-0.0484336581923732,0.17083958,0.2192732361056575,0.2192732361056575
5LXJ.pdb,D34Y,33,-0.108236630560714,0.29887396,0.40711059153254625,0.40711059153254625
5LXJ.pdb,D34F,33,0.1164681785674441,0.30885857,0.19239039486929296,0.19239039486929296
5LXJ.pdb,D34P,33,0.1658675620518361,0.46465975,0.2987921884097423,0.2987921884097423
5LXJ.pdb,D34C,33,0.0833767428271712,-0.06525184,-0.14862858496832262,0.14862858496832262
5LXJ.pdb,L35Q,34,1.8322821750087568,1.0842597,-0.7480224265498945,0.7480224265498945
5LXJ.pdb,L35E,34,1.4770139111211662,0.9569715,-0.5200423849752311,0.5200423849752311
5LXJ.pdb,L35N,34,2.340325772277069,1.9104292,-0.42989653300399766,0.42989653300399766
5LXJ.pdb,L35H,34,1.9780563646568203,1.3284792,-0.649577193857565,0.649577193857565
5LXJ.pdb,L35D,34,2.300258929054133,1.690043,-0.6102159564894358,0.6102159564894358
5LXJ.pdb,L35R,34,1.641159376592487,1.6451546,0.003995218782574028,0.003995218782574028
5LXJ.pdb,L35K,34,1.991495796386617,1.4518602,-0.5396356069487507,0.5396356069487507
5LXJ.pdb,L35T,34,1.5800732910543536,1.0714068,-0.5086664497762774,0.5086664497762774
5LXJ.pdb,L35S,34,2.055413134492598,1.3337178,-0.7216953114640337,0.7216953114640337
5LXJ.pdb,L35A,34,1.39630773474028,1.0162392,-0.3800685684805143,0.3800685684805143
5LXJ.pdb,L35G,34,2.3801874988277776,1.69974,-0.680447446604572,0.680447446604572
5LXJ.pdb,L35M,34,0.1226169515747384,0.4917612,0.369144256005828,0.369144256005828
5LXJ.pdb,L35V,34,0.7200197334426521,0.7845932,0.06457349108279953,0.06457349108279953
5LXJ.pdb,L35W,34,0.6689486693347142,0.63286984,-0.03607882966644027,0.03607882966644027
5LXJ.pdb,L35Y,34,0.7255318435738327,0.7523547,0.026822837918019093,0.026822837918019093
5LXJ.pdb,L35F,34,0.6051241792427065,0.76059854,0.15547436106338486,0.15547436106338486
5LXJ.pdb,L35P,34,2.514174888415645,1.8279476,-0.6862272718384967,0.6862272718384967
5LXJ.pdb,L35C,34,1.243726398566394,0.6911049,-0.5526215096503784,0.5526215096503784
5LXJ.pdb,K36Q,35,0.0444790905091738,0.0506396,0.006160509052517485,0.006160509052517485
5LXJ.pdb,K36E,35,-0.220100365746291,0.18780044,0.40790080295828135,0.40790080295828135
5LXJ.pdb,K36N,35,0.1630857455344738,0.35565066,0.1925649178413807,0.1925649178413807
5LXJ.pdb,K36H,35,-0.3204418132436935,0.25857234,0.5790141532552902,0.5790141532552902
5LXJ.pdb,K36D,35,-0.002325516137231,0.3936198,0.3959453217116481,0.3959453217116481
5LXJ.pdb,K36R,35,-0.148597409891992,0.059323102,0.20792051212778606,0.20792051212778606
5LXJ.pdb,K36T,35,0.1566840002593101,0.32814977,0.17146576547059408,0.17146576547059408
5LXJ.pdb,K36S,35,0.1125806318212965,0.29712442,0.1845437838147661,0.1845437838147661
5LXJ.pdb,K36A,35,-0.2581234076987848,0.037092805,0.2952162126075372,0.2952162126075372
5LXJ.pdb,K36G,35,0.1378225130816672,0.5306047,0.3927822070339944,0.3927822070339944
5LXJ.pdb,K36M,35,-0.2613979971467439,0.049344406,0.3107424026786271,0.3107424026786271
5LXJ.pdb,K36L,35,-0.285200733827518,0.049598783,0.3347995170821414,0.3347995170821414
5LXJ.pdb,K36V,35,-0.0371600824487416,0.28679925,0.3239593344819752,0.3239593344819752
5LXJ.pdb,K36I,35,-0.1507503115481943,0.11562288,0.2663731896228403,0.2663731896228403
5LXJ.pdb,K36W,35,-0.0811369771568588,0.23425698,0.31539395996020353,0.31539395996020353
5LXJ.pdb,K36Y,35,-0.2343787108548007,0.26010922,0.4944879268296084,0.4944879268296084
5LXJ.pdb,K36F,35,-0.3101338304685046,0.28925058,0.5993844129250934,0.5993844129250934
5LXJ.pdb,K36P,35,1.4695404099160092,1.3677076,-0.10183279978569915,0.10183279978569915
5LXJ.pdb,K36C,35,0.3532639668977331,0.06416145,-0.28910251722694147,0.28910251722694147
5LXJ.pdb,E37Q,36,-0.1773829113507625,-0.02931571,0.14806720128301348,0.14806720128301348
5LXJ.pdb,E37N,36,-0.119439125689595,0.21966448,0.33910360995206146,0.33910360995206146
5LXJ.pdb,E37H,36,0.1285920138179501,0.08430791,-0.04428410480610928,0.04428410480610928
5LXJ.pdb,E37D,36,0.1522683511937961,0.29837608,0.14610773218022735,0.14610773218022735
5LXJ.pdb,E37R,36,-0.4881729534060031,-0.020668775,0.46750417856278714,0.46750417856278714
5LXJ.pdb,E37K,36,-0.5195204828371849,-0.0061412007,0.5133792821755256,0.5133792821755256
5LXJ.pdb,E37T,36,-0.1624568472273115,0.18595544,0.3484122822649244,0.3484122822649244
5LXJ.pdb,E37S,36,-0.1360833453095016,0.19834778,0.3344311224377212,0.3344311224377212
5LXJ.pdb,E37A,36,-0.4039669976473865,-0.016774163,0.3871928349972782,0.3871928349972782
5LXJ.pdb,E37G,36,0.3727851295857802,0.52101266,0.14822753425546736,0.14822753425546736
5LXJ.pdb,E37M,36,-0.2651573780998122,-0.09735347,0.16780390479411,0.16780390479411
5LXJ.pdb,E37L,36,-0.3329325281079884,-0.11840929,0.21452323719822125,0.21452323719822125
5LXJ.pdb,E37V,36,-0.1291880104206617,0.0617873,0.19097531023250175,0.19097531023250175
5LXJ.pdb,E37I,36,-0.4757256166458758,-0.11966492,0.3560606942892703,0.3560606942892703
5LXJ.pdb,E37W,36,-0.4852734450220226,0.021177009,0.5064504537700771,0.5064504537700771
5LXJ.pdb,E37Y,36,-0.0359280993807926,0.029132813,0.06506091259604833,0.06506091259604833
5LXJ.pdb,E37F,36,-0.0209375250929766,0.06343275,0.08437027817906669,0.08437027817906669
5LXJ.pdb,E37P,36,1.3632242443461775,1.4377197,0.07449545837446458,0.07449545837446458
5LXJ.pdb,E37C,36,0.3609632676908361,-0.11804016,-0.47900342703550924,0.47900342703550924
5LXJ.pdb,F38Q,37,3.538653429574874,2.353622,-1.1850314698885946,1.1850314698885946
5LXJ.pdb,F38E,37,3.0130817275463477,2.3797195,-0.6333622317730323,0.6333622317730323
5LXJ.pdb,F38N,37,3.985293795076813,2.5450323,-1.4402615322746888,1.4402615322746888
5LXJ.pdb,F38H,37,2.6392028299844315,2.1019614,-0.5372414557015945,0.5372414557015945
5LXJ.pdb,F38R,37,3.162728077988893,2.3695874,-0.7931406565716568,0.7931406565716568
5LXJ.pdb,F38K,37,3.6985599359086767,2.410017,-1.288542922358872,1.288542922358872
5LXJ.pdb,F38T,37,2.8963763451105677,2.3050225,-0.59135386700693,0.59135386700693
5LXJ.pdb,F38A,37,2.90930062740689,2.1813102,-0.7279904505575248,0.7279904505575248
5LXJ.pdb,F38M,37,1.7683686413141515,1.4033906,-0.36497799533331654,0.36497799533331654
5LXJ.pdb,F38L,37,1.2956297807242714,1.7383099,0.4426800795052208,0.4426800795052208
5LXJ.pdb,F38V,37,1.8718093655056225,1.9558365,0.08402716899449958,0.08402716899449958
5LXJ.pdb,F38I,37,1.6500050064782177,1.6346906,-0.015314364121345125,0.015314364121345125
5LXJ.pdb,F38W,37,1.186134204524361,0.844821,-0.3413132282670368,0.3413132282670368
5LXJ.pdb,F38Y,37,1.1723765754562865,0.6480409,-0.5243356847626219,0.5243356847626219
5LXJ.pdb,F38P,37,4.128564596970186,2.319548,-1.8090167053533648,1.8090167053533648
5LXJ.pdb,H39Q,38,0.0143898672268871,0.26954678,0.25515690978307687,0.25515690978307687
5LXJ.pdb,H39E,38,0.1394765748548496,0.4667672,0.32729061703205226,0.32729061703205226
5LXJ.pdb,H39N,38,0.2245318028988556,0.6568793,0.43234750294068297,0.43234750294068297
5LXJ.pdb,H39D,38,0.9428627663813614,1.0719621,0.12909935176744236,0.12909935176744236
5LXJ.pdb,H39R,38,-0.3713500561209497,0.022429079,0.39377913493831723,0.39377913493831723
5LXJ.pdb,H39K,38,-0.1133691864155985,0.20894974,0.322318931116984,0.322318931116984
5LXJ.pdb,H39T,38,-0.0435429157636026,0.4501983,0.49374120849584135,0.49374120849584135
5LXJ.pdb,H39S,38,0.0395448689017903,0.44128084,0.40173597292560226,0.40173597292560226
5LXJ.pdb,H39A,38,-0.1758588278464317,0.13764472,0.3135035509041786,0.3135035509041786
5LXJ.pdb,H39G,38,0.2276300582658272,0.8252646,0.5976345148314018,0.5976345148314018
5LXJ.pdb,H39M,38,-0.6036725634077116,-0.02032879,0.5833437734582945,0.5833437734582945
5LXJ.pdb,H39L,38,-0.3409365130650177,-0.005409956,0.33552655708662416,0.33552655708662416
5LXJ.pdb,H39V,38,-0.4772673307370776,0.17636696,0.653634285778963,0.653634285778963
5LXJ.pdb,H39I,38,-0.2585308538077275,0.05709569,0.3156265453694264,0.3156265453694264
5LXJ.pdb,H39W,38,-0.8254486900477187,-0.2998199,0.525628803363301,0.525628803363301
5LXJ.pdb,H39Y,38,-0.5847315558336192,-0.37767285,0.2070587047479564,0.2070587047479564
5LXJ.pdb,H39F,38,-0.6520051190420295,-0.18947154,0.4625335762067939,0.4625335762067939
5LXJ.pdb,H39P,38,2.6832662812301926,2.1493678,-0.5338984719345383,0.5338984719345383
5LXJ.pdb,H39C,38,-0.1006935010305984,-0.19526279,-0.09456928869565892,0.09456928869565892
5LXJ.pdb,K40Q,39,0.1165713769384009,0.07909638,-0.03747500004249636,0.03747500004249636
5LXJ.pdb,K40N,39,0.2063797687137856,0.32408708,0.11770731462590556,0.11770731462590556
5LXJ.pdb,K40H,39,0.2926941315347338,0.24129814,-0.051395992439427385,0.051395992439427385
5LXJ.pdb,K40D,39,0.3620575119633957,0.40815574,0.04609822734400787,0.04609822734400787
5LXJ.pdb,K40R,39,-0.2759347537060215,0.05589369,0.3318284431000187,0.3318284431000187
5LXJ.pdb,K40T,39,0.3861260133284783,0.29907843,-0.08704757862274404,0.08704757862274404
5LXJ.pdb,K40S,39,0.1301396140199053,0.2878916,0.15775198253580455,0.15775198253580455
5LXJ.pdb,K40A,39,0.0785446753695096,0.02769512,-0.05084955598855867,0.05084955598855867
5LXJ.pdb,K40G,39,0.7315509703135477,0.49772543,-0.23382554316282134,0.23382554316282134
5LXJ.pdb,K40M,39,-0.0205234518372976,0.06029229,0.08081574049830072,0.08081574049830072
5LXJ.pdb,K40L,39,-0.0181308854396768,0.072898716,0.09102960117415862,0.09102960117415862
5LXJ.pdb,K40V,39,0.1455853121311974,0.2947423,0.14915697407409434,0.14915697407409434
5LXJ.pdb,K40I,39,-0.1030519250178243,0.14743668,0.2504886034274007,0.2504886034274007
5LXJ.pdb,K40W,39,0.3416781405237481,0.23442042,-0.10725772178442927,0.10725772178442927
5LXJ.pdb,K40Y,39,0.3732068812443705,0.25987223,-0.11333465333718973,0.11333465333718973
5LXJ.pdb,K40F,39,0.3733170092243791,0.29388425,-0.07943276168295149,0.07943276168295149
5LXJ.pdb,K40P,39,2.874577767661954,1.4582589,-1.41631890039816,1.41631890039816
5LXJ.pdb,K40C,39,0.7731577176819395,0.032844156,-0.7403135616550993,0.7403135616550993
5LXJ.pdb,M41Q,40,0.5820974155200846,0.538563,-0.04353440244330242,0.04353440244330242
5LXJ.pdb,M41N,40,0.7734679831625932,0.8162286,0.042760644995976094,0.042760644995976094
5LXJ.pdb,M41H,40,0.7693906006032325,0.5111602,-0.2582304057294227,0.2582304057294227
5LXJ.pdb,M41D,40,1.7863331121095651,1.1651747,-0.6211583894380563,0.6211583894380563
5LXJ.pdb,M41R,40,0.0902591743584868,0.23343788,0.14317870651519332,0.14317870651519332
5LXJ.pdb,M41K,40,0.2249797744911901,0.38662928,0.16164950893700203,0.16164950893700203
5LXJ.pdb,M41T,40,0.4921365861172573,0.47878206,-0.013354528355111306,0.013354528355111306
5LXJ.pdb,M41S,40,0.7920481593561663,0.6498309,-0.14221728157525204,0.14221728157525204
5LXJ.pdb,M41A,40,0.7589389185036666,0.4150555,-0.34388340512170856,0.34388340512170856
5LXJ.pdb,M41G,40,1.4813311604484911,1.0714579,-0.4098732975944872,0.4098732975944872
5LXJ.pdb,M41L,40,0.2952173198487773,0.009153515,-0.2860638047482982,0.2860638047482982
5LXJ.pdb,M41V,40,0.5988786766595693,0.25949246,-0.3393862197465749,0.3393862197465749
5LXJ.pdb,M41I,40,0.2766216425916359,-0.056470126,-0.3330917685052559,0.3330917685052559
5LXJ.pdb,M41W,40,-0.3297395760772059,-0.018828273,0.31091130325768684,0.31091130325768684
5LXJ.pdb,M41Y,40,-0.0714711260751497,0.011604965,0.08307609080827348,0.08307609080827348
5LXJ.pdb,M41F,40,-0.0336737216266969,-0.0028032064,0.03087051518291028,0.03087051518291028
5LXJ.pdb,M41P,40,3.3216681931328016,1.9496558,-1.3720124218773084,1.3720124218773084
5LXJ.pdb,M41C,40,0.4387723015856042,0.0023768842,-0.43639541736357357,0.43639541736357357
5LXJ.pdb,L42H,41,3.266321680592457,1.6743997,-1.591921947049061,1.591921947049061
5LXJ.pdb,L42D,41,2.115864061357633,2.3676682,0.2518040904978358,0.2518040904978358
5LXJ.pdb,L42R,41,3.002646687968209,2.1267436,-0.8759031328992393,0.8759031328992393
5LXJ.pdb,L42K,41,3.214097154477753,2.0151744,-1.198922765592255,1.198922765592255
5LXJ.pdb,L42T,41,1.9616370705125368,1.6638103,-0.2978268173692262,0.2978268173692262
5LXJ.pdb,L42S,41,3.313873015098488,2.1156664,-1.1982066256331558,1.1982066256331558
5LXJ.pdb,L42A,41,1.7080767202064686,1.529976,-0.1781007098838978,0.1781007098838978
5LXJ.pdb,L42M,41,0.5844408980935816,0.64417857,0.05973767122328244,0.05973767122328244
5LXJ.pdb,L42V,41,0.0957493107467759,0.64308167,0.5473323542922865,0.5473323542922865
5LXJ.pdb,L42I,41,0.0137544996147531,0.28088915,0.2671346538657767,0.2671346538657767
5LXJ.pdb,L42W,41,1.0812441950035292,0.85055643,-0.23068776180269301,0.23068776180269301
5LXJ.pdb,L42Y,41,1.6255540453940138,0.85946965,-0.7660843932181105,0.7660843932181105
5LXJ.pdb,L42F,41,0.7296682031818764,0.8445759,0.1149076787761314,0.1149076787761314
5LXJ.pdb,L42C,41,1.8745005000767896,0.78237087,-1.0921296347317884,1.0921296347317884
5LXJ.pdb,T43Q,42,-0.1218824627969294,-0.14256665,-0.020684188308951343,0.020684188308951343
5LXJ.pdb,T43E,42,0.3075439698138145,0.13859859,-0.16894537872456583,0.16894537872456583
5LXJ.pdb,T43N,42,-0.0487256039292725,0.21313305,0.2618586559207352,0.2618586559207352
5LXJ.pdb,T43H,42,0.1976772580528796,0.0053242035,-0.19235305453186635,0.19235305453186635
5LXJ.pdb,T43D,42,0.3532390292860499,0.45424145,0.10100242531523795,0.10100242531523795
5LXJ.pdb,T43R,42,-0.3760653231075728,-0.1863866,0.1896787229708159,0.1896787229708159
5LXJ.pdb,T43K,42,-0.1665760984767867,-0.18700251,-0.020426411355595503,0.020426411355595503
5LXJ.pdb,T43S,42,0.0172431323409392,0.05261888,0.035375747483937584,0.035375747483937584
5LXJ.pdb,T43A,42,-0.0211648798601022,-0.19557841,-0.174413531361402,0.174413531361402
5LXJ.pdb,T43G,42,0.3257162726037874,0.3151783,-0.010537967693127592,0.010537967693127592
5LXJ.pdb,T43M,42,-0.6454128554254797,-0.42669868,0.21871417073309685,0.21871417073309685
5LXJ.pdb,T43L,42,-0.5584830240063448,-0.43697432,0.12150870717094131,0.12150870717094131
5LXJ.pdb,T43V,42,-0.1965028748464856,-0.090413064,0.10608981108191345,0.10608981108191345
5LXJ.pdb,T43I,42,-0.3295227246186867,-0.29077104,0.03875168727852252,0.03875168727852252
5LXJ.pdb,T43W,42,-0.4649680830371432,-0.1670494,0.29791868997932003,0.29791868997932003
5LXJ.pdb,T43Y,42,-0.2861270600519439,-0.14642,0.1397070580683013,0.1397070580683013
5LXJ.pdb,T43F,42,-0.4434195839805315,-0.12536643,0.3180531495256136,0.3180531495256136
5LXJ.pdb,T43P,42,1.9387704811404212,1.3264676,-0.6123028478930457,0.6123028478930457
5LXJ.pdb,T43C,42,0.0953785772978519,-0.4053251,-0.5007036920248722,0.5007036920248722
5LXJ.pdb,A44Q,43,0.2380322983466123,0.021398261,-0.21663403715715154,0.21663403715715154
5LXJ.pdb,A44E,43,0.3280417734567056,0.18242347,-0.14561830105222562,0.14561830105222562
5LXJ.pdb,A44N,43,0.0329050855455901,0.18107744,0.14817235006708843,0.14817235006708843
5LXJ.pdb,A44H,43,0.0013079856696562,0.15120558,0.14989759873719652,0.14989759873719652
5LXJ.pdb,A44D,43,0.3167457199735679,0.29317993,-0.023565790717128665,0.023565790717128665
5LXJ.pdb,A44K,43,-0.4957353382189295,-0.016424492,0.479310846217396,0.479310846217396
5LXJ.pdb,A44T,43,0.0076054847078492,0.20357162,0.1959661328954528,0.1959661328954528
5LXJ.pdb,A44S,43,-0.0045158628187627,0.17191257,0.1764284286461324,0.1764284286461324
5LXJ.pdb,A44G,43,0.0971051462560157,0.36927384,0.2721686951250573,0.2721686951250573
5LXJ.pdb,A44M,43,-0.3972990268943408,-0.010145083,0.3871539438245395,0.3871539438245395
5LXJ.pdb,A44V,43,-0.0506692113364777,0.19728577,0.24795498270641178,0.24795498270641178
5LXJ.pdb,A44I,43,-0.0909438273364116,0.038516015,0.12945984215078843,0.12945984215078843
5LXJ.pdb,A44W,43,-0.1567803172767559,0.12174936,0.2785296736658016,0.2785296736658016
5LXJ.pdb,A44Y,43,-0.0442082813067656,0.16426294,0.20847121682598405,0.20847121682598405
5LXJ.pdb,A44F,43,-0.4367862366942669,0.18462199,0.6214082264212872,0.6214082264212872
5LXJ.pdb,A44P,43,1.4320196720744869,1.1193918,-0.3126278731014034,0.3126278731014034
5LXJ.pdb,A44C,43,0.4046481411617111,-0.075125754,-0.4797738950412582,0.4797738950412582
5LXJ.pdb,I45Q,44,1.1083289470148865,0.91272235,-0.19560659784801637,0.19560659784801637
5LXJ.pdb,I45E,44,1.2072735954604263,1.2139953,0.006721742025840749,0.006721742025840749
5LXJ.pdb,I45N,44,1.9561500164076189,1.3298888,-0.6262611957594255,0.6262611957594255
5LXJ.pdb,I45H,44,0.7889917684621786,0.8071607,0.018168907063486728,0.018168907063486728
5LXJ.pdb,I45D,44,2.254457181372896,1.5495813,-0.7048758920815144,0.7048758920815144
5LXJ.pdb,I45R,44,1.5085984526483505,0.8910531,-0.6175453720895736,0.6175453720895736
5LXJ.pdb,I45K,44,1.2097578312855513,0.95123637,-0.2585214640599043,0.2585214640599043
5LXJ.pdb,I45T,44,0.7619066143858744,0.81226546,0.05035884133693447,0.05035884133693447
5LXJ.pdb,I45S,44,1.3153141951152487,1.0535381,-0.26177611108509735,0.26177611108509735
5LXJ.pdb,I45A,44,0.6030243257012744,0.774039,0.17101464476915407,0.17101464476915407
5LXJ.pdb,I45G,44,1.8090867034652351,1.3372011,-0.47188558499599687,0.47188558499599687
5LXJ.pdb,I45M,44,0.0426081898449486,0.17205954,0.129451346135276,0.129451346135276
5LXJ.pdb,I45L,44,-0.0322179168381553,0.09239274,0.12461065947197489,0.12461065947197489
5LXJ.pdb,I45V,44,0.1168346816690086,0.3481401,0.23130540903495564,0.23130540903495564
5LXJ.pdb,I45W,44,-0.1035899658705647,0.15588963,0.25947959618825267,0.25947959618825267
5LXJ.pdb,I45Y,44,-0.0350100620001434,0.121881664,0.15689172579942928,0.15689172579942928
5LXJ.pdb,I45F,44,-0.0667141105599258,0.14525712,0.2119712259240005,0.2119712259240005
5LXJ.pdb,I45P,44,3.280217612611745,1.7725041,-1.5077135213489274,1.5077135213489274
5LXJ.pdb,I45C,44,1.0427290988809532,0.19481006,-0.8479190362340874,0.8479190362340874
5LXJ.pdb,L46Q,45,1.7565210569992282,1.4056287,-0.3508923758163669,0.3508923758163669
5LXJ.pdb,L46E,45,2.5384269592584907,1.679061,-0.8593659040750801,0.8593659040750801
5LXJ.pdb,L46N,45,2.263398086631878,1.7353811,-0.5280169602280695,0.5280169602280695
5LXJ.pdb,L46H,45,2.210507743805544,1.3360025,-0.8745052747427389,0.8745052747427389
5LXJ.pdb,L46D,45,2.578685970397625,1.8869873,-0.6916986418682671,0.6916986418682671
5LXJ.pdb,L46R,45,1.844132614915185,1.5917852,-0.2523474224255611,0.2523474224255611
5LXJ.pdb,L46K,45,2.1140229961382224,1.476666,-0.6373570224748923,0.6373570224748923
5LXJ.pdb,L46T,45,1.3814744887082815,1.0683328,-0.3131416973798513,0.3131416973798513
5LXJ.pdb,L46S,45,2.3839194694910804,1.3653684,-1.0185511032496253,1.0185511032496253
5LXJ.pdb,L46A,45,1.986230347515462,1.2020079,-0.7842224577678423,0.7842224577678423
5LXJ.pdb,L46G,45,2.115589014666939,1.6060101,-0.5095789352830891,0.5095789352830891
5LXJ.pdb,L46M,45,0.2921895783498942,0.38986725,0.09767766780107628,0.09767766780107628
5LXJ.pdb,L46V,45,0.6404505805231966,0.8622331,0.22178252179842817,0.22178252179842817
5LXJ.pdb,L46I,45,0.07317555602642,0.50858045,0.4354048902168661,0.4354048902168661
5LXJ.pdb,L46W,45,1.164942570947208,0.74391735,-0.4210252249465367,0.4210252249465367
5LXJ.pdb,L46Y,45,1.7063502985158625,0.7673369,-0.9390133935132685,0.9390133935132685
5LXJ.pdb,L46F,45,0.4301593132719215,0.7259318,0.2957725099817101,0.2957725099817101
5LXJ.pdb,L46P,45,2.866499356848373,1.854922,-1.011577300650253,1.011577300650253
5LXJ.pdb,L46C,45,1.2205852089176188,0.5878094,-0.6327758250484476,0.6327758250484476
5LXJ.pdb,A47Q,46,-0.0489412829257216,0.06739187,0.11633315533172746,0.11633315533172746
5LXJ.pdb,A47E,46,0.1787986151046281,0.17540736,-0.0033912501401429374,0.0033912501401429374
5LXJ.pdb,A47N,46,-0.0479966361187171,0.15218109,0.20017772504312506,0.20017772504312506
5LXJ.pdb,A47H,46,0.0615466852280333,0.19458282,0.13303613471062636,0.13303613471062636
5LXJ.pdb,A47D,46,0.1538374681494958,0.23948881,0.08565134215133122,0.08565134215133122
5LXJ.pdb,A47R,46,-0.2216460549880294,0.09077087,0.3124169254351882,0.3124169254351882
5LXJ.pdb,A47K,46,-0.1146986750204805,0.010108069,0.12480674360587632,0.12480674360587632
5LXJ.pdb,A47T,46,0.0567136180381941,0.29815477,0.2414411532897783,0.2414411532897783
5LXJ.pdb,A47S,46,0.0173637428367343,0.16435838,0.14699463461993073,0.14699463461993073
5LXJ.pdb,A47G,46,0.1356549557246231,0.30064374,0.16498878635988007,0.16498878635988007
5LXJ.pdb,A47M,46,-0.0962752495261356,0.1180864,0.21436164717399325,0.21436164717399325
5LXJ.pdb,A47L,46,-0.1546183064518294,0.10796742,0.26258572786429735,0.26258572786429735
5LXJ.pdb,A47V,46,0.3362844534848981,0.29318333,-0.0431011267637067,0.0431011267637067
5LXJ.pdb,A47I,46,0.0604534779888439,0.20032516,0.1398716832297993,0.1398716832297993
5LXJ.pdb,A47W,46,0.2769016276631717,0.26171386,-0.015187765244043305,0.015187765244043305
5LXJ.pdb,A47Y,46,-0.0218459530171557,0.3081178,0.3299637599286242,0.3299637599286242
5LXJ.pdb,A47F,46,-0.0533543430506711,0.36546764,0.4188219808279996,0.4188219808279996
5LXJ.pdb,A47P,46,1.0550730938183404,0.71063876,-0.3444343322979546,0.3444343322979546
5LXJ.pdb,A47C,46,0.1578599614146245,0.031063229,-0.12679673256902818,0.12679673256902818
6ACV.pdb,V1Q,0,-0.0944644736647246,0.26246363,0.35692810291048266,0.35692810291048266
6ACV.pdb,V1E,0,-0.1503525174638209,0.25481382,0.4051663375874934,0.4051663375874934
6ACV.pdb,V1N,0,-0.0805314594169814,0.26167053,0.3422019892593581,0.3422019892593581
6ACV.pdb,V1H,0,-0.1819184993030016,0.16790542,0.3498239193679278,0.3498239193679278
6ACV.pdb,V1D,0,-0.1023899713637175,0.37470812,0.47709808741825244,0.47709808741825244
6ACV.pdb,V1R,0,0.4971108452594706,0.2847741,-0.212336750439448,0.212336750439448
6ACV.pdb,V1K,0,0.1359148801195502,0.21978651,0.08387162975193266,0.08387162975193266
6ACV.pdb,V1T,0,-0.045510734056656,0.21567748,0.261188218926613,0.261188218926613
6ACV.pdb,V1S,0,0.1395194551158423,0.2207678,0.081248340923739,0.081248340923739
6ACV.pdb,V1A,0,-0.0062568603310242,0.12733328,0.13359014375540165,0.13359014375540165
6ACV.pdb,V1G,0,-0.0595220409164882,0.28568417,0.34520620925526385,0.34520620925526385
6ACV.pdb,V1M,0,-0.0875957025079543,0.12271742,0.2103131202845389,0.2103131202845389
6ACV.pdb,V1L,0,-0.212433059629399,0.10500002,0.31743307870288534,0.31743307870288534
6ACV.pdb,V1I,0,-0.1090939707783977,0.039898887,0.1489928580550472,0.1489928580550472
6ACV.pdb,V1W,0,0.0807010089635369,0.036455616,-0.04424539260859457,0.04424539260859457
6ACV.pdb,V1Y,0,-0.0678001616795596,0.07101484,0.13881499811010922,0.13881499811010922
6ACV.pdb,V1F,0,-0.1480394911554263,0.120429136,0.2684686270144389,0.2684686270144389
6ACV.pdb,V1P,0,-0.3375421264499856,0.2933001,0.630842218670292,0.630842218670292
6ACV.pdb,V1C,0,-0.6630406589793902,-0.08487518,0.5781654776620608,0.5781654776620608
6ACV.pdb,S2Q,1,0.2887697241055234,0.21911107,-0.06965865406863525,0.06965865406863525
6ACV.pdb,S2E,1,0.4349107138848547,0.32880867,-0.10610204860928096,0.10610204860928096
6ACV.pdb,S2N,1,0.5214148867441946,0.29069322,-0.23072166326778465,0.23072166326778465
6ACV.pdb,S2H,1,-0.0238688505695261,0.10844592,0.13231477061967029,0.13231477061967029
6ACV.pdb,S2D,1,1.0036471306229977,0.59675217,-0.40689496387495083,0.40689496387495083
6ACV.pdb,S2R,1,-0.0632149606453507,0.053546634,0.11676159421673704,0.11676159421673704
6ACV.pdb,S2K,1,0.2822655946733672,0.0078943595,-0.2743712351443488,0.2743712351443488
6ACV.pdb,S2T,1,-0.0398971830045118,0.06377343,0.10367061388839624,0.10367061388839624
6ACV.pdb,S2A,1,-0.4539528789852332,-0.1331877,0.3207651826475333,0.3207651826475333
6ACV.pdb,S2G,1,-0.1547820599585341,0.22139437,0.3761764349251555,0.3761764349251555
6ACV.pdb,S2M,1,-0.1073485238017313,0.05841584,0.16576436511294765,0.16576436511294765
6ACV.pdb,S2L,1,0.2226479682318527,0.077021986,-0.1456259819857437,0.1456259819857437
6ACV.pdb,S2V,1,-0.5465336011816584,-0.1323299,0.41420370508924353,0.41420370508924353
6ACV.pdb,S2I,1,-0.3409128787685018,-0.07478239,0.2661304923463445,0.2661304923463445
6ACV.pdb,S2W,1,-0.3704275051523051,-0.07021022,0.3002172867227397,0.3002172867227397
6ACV.pdb,S2Y,1,-0.5943440081997533,-0.008899279,0.585444729260983,0.585444729260983
6ACV.pdb,S2F,1,-0.6563960564773614,0.029368533,0.6857645892988975,0.6857645892988975
6ACV.pdb,S2P,1,-0.5827193499393557,-0.065152496,0.5175668538398837,0.5175668538398837
6ACV.pdb,S2C,1,-0.5942551005986987,-0.1667708,0.4274842996505557,0.4274842996505557
6ACV.pdb,V3Q,2,0.6035302806767611,0.6823776,0.07884729615124186,0.07884729615124186
6ACV.pdb,V3E,2,0.6310204928789878,0.84596133,0.21494083944217923,0.21494083944217923
6ACV.pdb,V3N,2,0.773826205825846,1.0529025,0.27907625427242055,0.27907625427242055
6ACV.pdb,V3H,2,0.3458475687457003,0.6295949,0.2837473533200346,0.2837473533200346
6ACV.pdb,V3D,2,1.129286403004052,1.27656,0.1472735459171517,0.1472735459171517
6ACV.pdb,V3R,2,0.6512539829187642,0.7889478,0.1376938377446879,0.1376938377446879
6ACV.pdb,V3K,2,0.5030570284133136,0.8054281,0.30237105929802066,0.30237105929802066
6ACV.pdb,V3T,2,0.4900203374001926,0.47747597,-0.012544366416687325,0.012544366416687325
6ACV.pdb,V3S,2,0.7730612738285361,0.84896946,0.07590818570515534,0.07590818570515534
6ACV.pdb,V3A,2,0.8698469313588997,0.762179,-0.10766791429194411,0.10766791429194411
6ACV.pdb,V3G,2,0.9254742493088766,1.3172321,0.39175788264913125,0.39175788264913125
6ACV.pdb,V3M,2,0.3502605480562759,0.3727888,0.02252823883184668,0.02252823883184668
6ACV.pdb,V3L,2,0.1556071095902802,0.24920857,0.09360145993639216,0.09360145993639216
6ACV.pdb,V3I,2,-0.4428209758007009,-0.16358554,0.2792354321681936,0.2792354321681936
6ACV.pdb,V3W,2,0.2379256305716173,0.24392122,0.005995589730964479,0.005995589730964479
6ACV.pdb,V3Y,2,0.007810737215157,0.23733068,0.22951993790996508,0.22951993790996508
6ACV.pdb,V3F,2,-0.0505837209605055,0.2600336,0.31061732844341566,0.31061732844341566
6ACV.pdb,V3P,2,1.1262211611109212,1.5827819,0.4565607497853801,0.4565607497853801
6ACV.pdb,V3C,2,-0.3795526888684177,0.19470325,0.5742559399918461,0.5742559399918461
6ACV.pdb,E4Q,3,0.2120907019082945,0.3499098,0.13781911030369587,0.13781911030369587
6ACV.pdb,E4N,3,0.4309516367392261,1.0831261,0.6521744313760083,0.6521744313760083
6ACV.pdb,E4H,3,0.5105074062400758,0.68269557,0.1721881613678038,0.1721881613678038
6ACV.pdb,E4D,3,0.5718501004312504,1.0066167,0.4347666111852657,0.4347666111852657
6ACV.pdb,E4R,3,0.5175688528603484,0.90037394,0.3828050828391145,0.3828050828391145
6ACV.pdb,E4K,3,0.760080148343798,0.76164794,0.0015677913382088349,0.0015677913382088349
6ACV.pdb,E4T,3,0.4015739834536402,0.34418818,-0.05738579990757392,0.05738579990757392
6ACV.pdb,E4S,3,0.0661863478130326,0.7231078,0.6569214669757858,0.6569214669757858
6ACV.pdb,E4A,3,0.3457113927450201,0.53110975,0.1853983575258234,0.1853983575258234
6ACV.pdb,E4G,3,0.5762050877601306,1.243048,0.666842864891847,0.666842864891847
6ACV.pdb,E4M,3,0.181842272726115,0.38998693,0.20814465955156444,0.20814465955156444
6ACV.pdb,E4L,3,0.1373148760220193,0.118738174,-0.018576701583542743,0.018576701583542743
6ACV.pdb,E4V,3,0.3617271646617626,-0.035641015,-0.39736817923772083,0.39736817923772083
6ACV.pdb,E4I,3,0.4412409461283619,0.0707145,-0.3705264426016743,0.3705264426016743
6ACV.pdb,E4W,3,0.3464586825015163,0.27857417,-0.0678845138194179,0.0678845138194179
6ACV.pdb,E4Y,3,0.4502826640321484,0.4892493,0.038966625003648725,0.038966625003648725
6ACV.pdb,E4F,3,0.3081703701240794,0.51613075,0.2079603752868398,0.2079603752868398
6ACV.pdb,E4P,3,0.6571791622007783,1.161325,0.5041458156739775,0.5041458156739775
6ACV.pdb,E4C,3,0.1185233293134961,0.2290068,0.1104834677617755,0.1104834677617755
6ACV.pdb,L5Q,4,0.9019793383644374,1.331138,0.42915867642895855,0.42915867642895855
6ACV.pdb,L5E,4,1.22828348209288,1.3749782,0.14669470260713213,0.14669470260713213
6ACV.pdb,L5N,4,1.2407887217539495,1.9160273,0.6752385857564265,0.6752385857564265
6ACV.pdb,L5H,4,1.0434830554721402,1.5028268,0.4593437544109775,0.4593437544109775
6ACV.pdb,L5D,4,1.3656551766654208,1.5088154,0.14316023108756992,0.14316023108756992
6ACV.pdb,L5R,4,1.1573325560413537,1.8105375,0.6532049014247718,0.6532049014247718
6ACV.pdb,L5K,4,1.1693981470484325,1.6932907,0.5238925634007863,0.5238925634007863
6ACV.pdb,L5T,4,1.3215933300931328,1.3861105,0.06451721411157907,0.06451721411157907
6ACV.pdb,L5S,4,1.157066592576005,1.4242003,0.26713370382597246,0.26713370382597246
6ACV.pdb,L5A,4,0.8922623616018284,1.1508359,0.2585735100946438,0.2585735100946438
6ACV.pdb,L5G,4,0.851652520906502,1.2989833,0.4473308145884931,0.4473308145884931
6ACV.pdb,L5M,4,-0.0335220151199635,0.43859607,0.47211808493273816,0.47211808493273816
6ACV.pdb,L5V,4,1.0815534192828848,1.0341902,-0.047363241365404374,0.047363241365404374
6ACV.pdb,L5I,4,1.2836061202041236,0.49239147,-0.7912146531097022,0.7912146531097022
6ACV.pdb,L5W,4,0.7554595059179396,1.1042764,0.34881691276797344,0.34881691276797344
6ACV.pdb,L5Y,4,0.2012148977761878,1.0216129,0.8203979848379479,0.8203979848379479
6ACV.pdb,L5F,4,0.3454065736783369,0.8738547,0.5284481230723039,0.5284481230723039
6ACV.pdb,L5P,4,1.4443080909886192,1.8517087,0.40740055960037,0.40740055960037
6ACV.pdb,L5C,4,0.2741993618787628,0.83398163,0.5597822713075775,0.5597822713075775
6ACV.pdb,P6Q,5,0.4287561547774108,0.67406166,0.24530550122081918,0.24530550122081918
6ACV.pdb,P6E,5,0.5128575113336384,0.6351416,0.12228409976560473,0.12228409976560473
6ACV.pdb,P6N,5,0.6014419506129878,0.76280653,0.1613645841541631,0.1613645841541631
6ACV.pdb,P6H,5,0.5289413616729757,0.7354695,0.20652815841903482,0.20652815841903482
6ACV.pdb,P6D,5,0.5278576386148801,0.80215967,0.2743020284001956,0.2743020284001956
6ACV.pdb,P6R,5,0.3251264319018583,0.77943367,0.4543072357579012,0.4543072357579012
6ACV.pdb,P6K,5,0.4186093405036111,0.65519506,0.23658571688850927,0.23658571688850927
6ACV.pdb,P6T,5,0.4838613672857885,0.7018067,0.2179453567857142,0.2179453567857142
6ACV.pdb,P6S,5,0.4835222467630014,0.5725311,0.08900885732482822,0.08900885732482822
6ACV.pdb,P6A,5,0.4139372890213852,0.5305129,0.1165756399413223,0.1165756399413223
6ACV.pdb,P6G,5,0.8238651329102193,0.843874,0.020008844750913468,0.020008844750913468
6ACV.pdb,P6M,5,0.6586902599398923,0.71417326,0.055482997411029356,0.055482997411029356
6ACV.pdb,P6L,5,0.6651401483596473,0.64655244,-0.018587704855313802,0.018587704855313802
6ACV.pdb,P6V,5,0.6572864025263234,0.5937237,-0.06356268817466937,0.06356268817466937
6ACV.pdb,P6I,5,0.6910921477888898,0.68422556,-0.006866588554270692,0.006866588554270692
6ACV.pdb,P6W,5,0.2380970174130423,0.74689263,0.5087956136408822,0.5087956136408822
6ACV.pdb,P6Y,5,0.6481780030505142,0.80355203,0.1553740284665146,0.1553740284665146
6ACV.pdb,P6F,5,0.6263707506901977,0.8421522,0.21578142759730845,0.21578142759730845
6ACV.pdb,P6C,5,0.1853034887298905,0.46226075,0.27695726418644556,0.27695726418644556
6ACV.pdb,A7Q,6,1.4323100354867138,1.8122348,0.37992472384403575,0.37992472384403575
6ACV.pdb,A7E,6,1.8785952298480948,2.062241,0.1836458475750009,0.1836458475750009
6ACV.pdb,A7N,6,1.4950197860702876,1.6328461,0.1378263309493657,0.1378263309493657
6ACV.pdb,A7H,6,1.517824024524585,1.7235363,0.20571222845087878,0.20571222845087878
6ACV.pdb,A7D,6,1.7890502699503243,1.966438,0.1773877850881278,0.1773877850881278
6ACV.pdb,A7R,6,1.8618603010452035,1.7417531,-0.12010719969632655,0.12010719969632655
6ACV.pdb,A7K,6,1.508466110569538,1.8107557,0.3022896191057549,0.3022896191057549
6ACV.pdb,A7T,6,1.4304920495270526,1.017317,-0.41317499287116877,0.41317499287116877
6ACV.pdb,A7S,6,1.0984691735879195,0.6838327,-0.41463646856701497,0.41463646856701497
6ACV.pdb,A7G,6,0.6556271441456967,0.90786654,0.2522393934252567,0.2522393934252567
6ACV.pdb,A7M,6,1.3426754718603089,1.2290475,-0.1136279350103333,0.1136279350103333
6ACV.pdb,A7L,6,1.372807508123954,1.2038599,-0.16894758285387335,0.16894758285387335
6ACV.pdb,A7V,6,1.32737232791784,0.83230853,-0.49506379711034487,0.49506379711034487
6ACV.pdb,A7I,6,1.553599064918598,1.0025318,-0.5510672980271185,0.5510672980271185
6ACV.pdb,A7W,6,1.2823193539678628,1.5636982,0.2813788186014121,0.2813788186014121
6ACV.pdb,A7Y,6,1.3403186683198478,1.4638901,0.12357140736374594,0.12357140736374594
6ACV.pdb,A7F,6,1.079618393524024,1.3636875,0.28406912173476506,0.28406912173476506
6ACV.pdb,A7C,6,0.8375265559376333,0.65575016,-0.18177640048871968,0.18177640048871968
6ACV.pdb,P8Q,7,1.5809725383665794,2.3666046,0.7856320282075173,0.7856320282075173
6ACV.pdb,P8E,7,1.5068144914341972,2.5358136,1.0289990785883858,1.0289990785883858
6ACV.pdb,P8N,7,1.383969157892015,2.3314087,0.9474395811979508,0.9474395811979508
6ACV.pdb,P8H,7,1.148901461300666,2.4259267,1.277025224032586,1.277025224032586
6ACV.pdb,P8D,7,1.5589401434918848,2.5198655,0.9609253693560156,0.9609253693560156
6ACV.pdb,P8R,7,1.6903217809605509,2.5169733,0.8266514761042685,0.8266514761042685
6ACV.pdb,P8K,7,1.3321992755374124,2.4056158,1.0734165310421775,1.0734165310421775
6ACV.pdb,P8T,7,1.5409088203206585,2.681962,1.1410531929239704,1.1410531929239704
6ACV.pdb,P8S,7,1.5509105556424383,2.3104937,0.7595831520144221,0.7595831520144221
6ACV.pdb,P8A,7,1.440733661367326,1.968576,0.5278422930699298,0.5278422930699298
6ACV.pdb,P8G,7,1.1927029932151552,2.179455,0.9867520486702208,0.9867520486702208
6ACV.pdb,P8M,7,1.1162034025585053,2.070025,0.9538215646350983,0.9538215646350983
6ACV.pdb,P8L,7,1.149095480134736,1.8691621,0.7200666025373832,0.7200666025373832
6ACV.pdb,P8V,7,1.6863069641109316,2.1013663,0.4150593173984678,0.4150593173984678
6ACV.pdb,P8I,7,1.4637881990372557,2.0226552,0.5588670496047121,0.5588670496047121
6ACV.pdb,P8W,7,1.417990398304643,2.2470953,0.8291049481461628,0.8291049481461628
6ACV.pdb,P8Y,7,1.3939452080230628,2.176487,0.7825417609710779,0.7825417609710779
6ACV.pdb,P8F,7,1.2678776518404076,1.8146064,0.5467287763059547,0.5467287763059547
6ACV.pdb,P8C,7,0.7453062320058805,1.7471033,1.001797101467325,1.001797101467325
6ACV.pdb,S9Q,8,-0.3687513313666146,0.0813604,0.45011173108966757,0.45011173108966757
6ACV.pdb,S9E,8,-0.2147704777419563,0.080177195,0.2949476731121536,0.2949476731121536
6ACV.pdb,S9N,8,-0.2930286467164626,0.2718051,0.564833754309999,0.564833754309999
6ACV.pdb,S9H,8,-0.296221334472535,0.2154704,0.5116917379053811,0.5116917379053811
6ACV.pdb,S9D,8,-0.2995540194014383,0.2668243,0.566378324458964,0.566378324458964
6ACV.pdb,S9R,8,-0.3453664119621313,0.21587634,0.5612427528282202,0.5612427528282202
6ACV.pdb,S9K,8,-0.5773030758424276,0.051726103,0.6290291786714071,0.6290291786714071
6ACV.pdb,S9T,8,-0.2148508351080473,0.1509427,0.3657935332291182,0.3657935332291182
6ACV.pdb,S9A,8,-0.4267147867996614,-0.12584633,0.30086846044849563,0.30086846044849563
6ACV.pdb,S9G,8,-0.7306248966760291,0.16435853,0.8949834231443061,0.8949834231443061
6ACV.pdb,S9M,8,-0.1814111204996393,0.20511855,0.3865296723499582,0.3865296723499582
6ACV.pdb,S9L,8,-0.2462536513184265,0.16016072,0.4064143716667846,0.4064143716667846
6ACV.pdb,S9V,8,-0.0428646781615498,0.09885974,0.1417244204453709,0.1417244204453709
6ACV.pdb,S9I,8,-0.1254491119089698,0.19362083,0.31906994268327704,0.31906994268327704
6ACV.pdb,S9W,8,0.0363610327781893,0.26218277,0.2258217393813871,0.2258217393813871
6ACV.pdb,S9Y,8,-0.0316505947552157,0.32469594,0.3563465395412875,0.3563465395412875
6ACV.pdb,S9F,8,-0.1193931430472363,0.36450794,0.48390108643903623,0.48390108643903623
6ACV.pdb,S9P,8,-0.8850961159186483,-0.17481637,0.7102797459082724,0.7102797459082724
6ACV.pdb,S9C,8,-0.699317677923347,-0.032452837,0.6668648412906184,0.6668648412906184
6ACV.pdb,S10Q,9,-0.3406078916122839,0.22717464,0.5677825313141271,0.5677825313141271
6ACV.pdb,S10E,9,0.0244937981004982,0.35835713,0.3338633333806725,0.3338633333806725
6ACV.pdb,S10N,9,-0.7139732220326356,-0.1331068,0.5808664240990571,0.5808664240990571
6ACV.pdb,S10H,9,-0.2952266395454086,0.13432935,0.42955598834797515,0.42955598834797515
6ACV.pdb,S10D,9,-0.0080080794308914,-0.027632475,-0.019624395468400592,0.019624395468400592
6ACV.pdb,S10R,9,-0.6001679115821923,0.38760757,0.9877754860450829,0.9877754860450829
6ACV.pdb,S10K,9,-0.5188574917946251,0.34190995,0.8607674368057641,0.8607674368057641
6ACV.pdb,S10T,9,0.2118896819546196,0.4048959,0.19300621972537307,0.19300621972537307
6ACV.pdb,S10A,9,-0.248399492009975,0.20679034,0.4551898349369541,0.4551898349369541
6ACV.pdb,S10G,9,-1.5205911333724176,-0.5058191,1.0147720511122857,1.0147720511122857
6ACV.pdb,S10M,9,-0.3307697645884757,0.15791686,0.48868662338078067,0.48868662338078067
6ACV.pdb,S10L,9,-0.2250214278460891,0.21628022,0.44130164978517605,0.44130164978517605
6ACV.pdb,S10V,9,1.2331917652605515,0.7057506,-0.5274411806581956,0.5274411806581956
6ACV.pdb,S10I,9,1.2230023191968875,0.61754286,-0.6054594563047366,0.6054594563047366
6ACV.pdb,S10W,9,0.3963248908916217,0.33080083,-0.0655240595737201,0.0655240595737201
6ACV.pdb,S10Y,9,-0.086873101342646,0.25699463,0.3438677362093605,0.3438677362093605
6ACV.pdb,S10F,9,-0.0837899088642473,0.13910405,0.22289396224235247,0.22289396224235247
6ACV.pdb,S10P,9,-0.5744538186310439,1.1790335,1.7534873364685684,1.7534873364685684
6ACV.pdb,S10C,9,-0.6913015325605185,-0.31275415,0.37854737835519625,0.37854737835519625
6ACV.pdb,W11Q,10,3.5721569932823964,2.920911,-0.6512459195977041,0.6512459195977041
6ACV.pdb,W11E,10,2.891824648222437,3.0473094,0.15548475042868626,0.15548475042868626
6ACV.pdb,W11N,10,3.0318292081925358,2.8202183,-0.21161088353128088,0.21161088353128088
6ACV.pdb,W11H,10,2.87868151571829,2.2332816,-0.6453999033220499,0.6453999033220499
6ACV.pdb,W11D,10,2.4923951499562857,2.7632408,0.2708456642526986,0.2708456642526986
6ACV.pdb,W11R,10,2.559405306784988,2.7647038,0.20529844382536355,0.20529844382536355
6ACV.pdb,W11K,10,2.850249263620274,3.1000967,0.24984743895540973,0.24984743895540973
6ACV.pdb,W11T,10,2.7163854130160576,2.457034,-0.2593513019931084,0.2593513019931084
6ACV.pdb,W11S,10,2.950215699017446,2.7641704,-0.1860452907685448,0.1860452907685448
6ACV.pdb,W11A,10,3.635241438110284,2.6074376,-1.0278038274840635,1.0278038274840635
6ACV.pdb,W11M,10,2.842657731378236,2.424546,-0.4181117280365614,0.4181117280365614
6ACV.pdb,W11L,10,2.907165066653807,2.2230506,-0.6841144723239729,0.6841144723239729
6ACV.pdb,W11V,10,2.9160939029629147,2.407375,-0.5087188056881344,0.5087188056881344
6ACV.pdb,W11I,10,2.411347729859596,2.349448,-0.06189976423764776,0.06189976423764776
6ACV.pdb,W11Y,10,3.4713612977718937,0.447042,-3.024319309399091,3.024319309399091
6ACV.pdb,W11F,10,1.894086473625062,0.8448955,-1.0491909915617685,1.0491909915617685
6ACV.pdb,W11P,10,2.761442491452084,2.549301,-0.2121415824097257,0.2121415824097257
6ACV.pdb,W11C,10,1.7985537943232002,2.0024452,0.20389142662406545,0.20389142662406545
6ACV.pdb,K12Q,11,0.3459297354860204,0.6693644,0.32343465727139536,0.32343465727139536
6ACV.pdb,K12E,11,1.6506967810447,1.4583054,-0.19239142215798122,0.19239142215798122
6ACV.pdb,K12N,11,1.4411689054882744,1.1168844,-0.324284554711602,0.324284554711602
6ACV.pdb,K12H,11,0.5483982830677077,0.98751897,0.43912068313025987,0.43912068313025987
6ACV.pdb,K12D,11,2.204468552003729,2.0852308,-0.11923772467218585,0.11923772467218585
6ACV.pdb,K12R,11,-0.4874527102153547,-0.19385672,0.29359599405934883,0.29359599405934883
6ACV.pdb,K12T,11,0.2985117666690637,0.56534654,0.2668347723514746,0.2668347723514746
6ACV.pdb,K12S,11,1.0316398702888416,0.88995504,-0.14168482649611702,0.14168482649611702
6ACV.pdb,K12A,11,1.370726763762296,0.94273084,-0.42799591974145246,0.42799591974145246
6ACV.pdb,K12G,11,1.29509718290253,1.5674708,0.2723736060531585,0.2723736060531585
6ACV.pdb,K12M,11,0.5697026034876123,0.56042564,-0.009276964335085403,0.009276964335085403
6ACV.pdb,K12L,11,0.4705322649380941,0.71898174,0.24844947792079264,0.24844947792079264
6ACV.pdb,K12V,11,0.2848490711943197,0.56036854,0.27551946670851235,0.27551946670851235
6ACV.pdb,K12I,11,0.2939051524319014,0.44323963,0.14933447683674483,0.14933447683674483
6ACV.pdb,K12W,11,1.4072993820780653,1.0605,-0.3467993563288587,0.3467993563288587
6ACV.pdb,K12Y,11,0.9680145725335684,0.957722,-0.010292564305266372,0.010292564305266372
6ACV.pdb,K12F,11,1.1469898274764283,0.92977184,-0.21721798690407113,0.21721798690407113
6ACV.pdb,K12P,11,2.1147757560004488,2.3497872,0.235011479259561,0.235011479259561
6ACV.pdb,K13Q,12,2.5559751435234688,0.9855516,-1.5704235478356026,1.5704235478356026
6ACV.pdb,K13E,12,2.2979808544655937,1.8853571,-0.41262371297084277,0.41262371297084277
6ACV.pdb,K13N,12,2.975444447123128,1.8262402,-1.1492042652002152,1.1492042652002152
6ACV.pdb,K13H,12,2.843800864898683,1.6011951,-1.2426057679290783,1.2426057679290783
6ACV.pdb,K13D,12,2.389510373414072,2.8151925,0.4256820875997218,0.4256820875997218
6ACV.pdb,K13R,12,1.2452062130295338,-0.07004237,-1.3152485847794118,1.3152485847794118
6ACV.pdb,K13T,12,2.035564907486484,1.1892703,-0.846294649536655,0.846294649536655
6ACV.pdb,K13S,12,2.851051716349399,1.0025114,-1.8485403342464326,1.8485403342464326
6ACV.pdb,K13A,12,2.262335049920078,0.07579553,-2.18653951864719,2.18653951864719
6ACV.pdb,K13G,12,3.2183757880003414,1.7021438,-1.516231999662634,1.516231999662634
6ACV.pdb,K13M,12,1.676661642665906,0.6953299,-0.9813317381096316,0.9813317381096316
6ACV.pdb,K13L,12,1.8554023981406436,0.85384727,-1.0015551328971133,1.0015551328971133
6ACV.pdb,K13V,12,1.3530720727665864,0.43348926,-0.9195828097088776,0.9195828097088776
6ACV.pdb,K13I,12,1.340821731366214,0.6599864,-0.6808353546038239,0.6808353546038239
6ACV.pdb,K13W,12,1.9675784077576752,1.2703552,-0.6972231831483002,0.6972231831483002
6ACV.pdb,K13Y,12,2.1904591148906194,1.1255982,-1.0648609226756536,1.0648609226756536
6ACV.pdb,K13F,12,1.9898655523792697,1.1553714,-0.8344941248432589,0.8344941248432589
6ACV.pdb,K13P,12,2.958989084367873,2.113235,-0.8457540875722187,0.8457540875722187
6ACV.pdb,K13C,12,0.8242514368709044,0.63379014,-0.19046130148729845,0.19046130148729845
6ACV.pdb,L14Q,13,1.4322841709645888,1.4940691,0.06178492846168071,0.06178492846168071
6ACV.pdb,L14E,13,2.203319014017623,2.1673055,-0.03601354450468364,0.03601354450468364
6ACV.pdb,L14N,13,1.8166660759820925,1.83071,0.014043977461816182,0.014043977461816182
6ACV.pdb,L14H,13,0.9765927071283628,1.1217558,0.14516313126580227,0.14516313126580227
6ACV.pdb,L14D,13,2.658895989810087,2.5376897,-0.12120630398855381,0.12120630398855381
6ACV.pdb,L14R,13,0.7932866843447741,1.1107996,0.3175128666653577,0.3175128666653577
6ACV.pdb,L14K,13,0.6936950431389204,1.1993792,0.505684162564815,0.505684162564815
6ACV.pdb,L14T,13,1.477452336006598,1.1575452,-0.31990712707562885,0.31990712707562885
6ACV.pdb,L14S,13,2.2560699529633066,1.7251732,-0.5308967180237314,0.5308967180237314
6ACV.pdb,L14A,13,1.960146823868658,1.4465026,-0.5136442575310725,0.5136442575310725
6ACV.pdb,L14G,13,2.650352039518509,2.2959409,-0.3544111635114291,0.3544111635114291
6ACV.pdb,L14M,13,0.3477943292274044,0.3324408,-0.015353535713152677,0.015353535713152677
6ACV.pdb,L14V,13,0.6015412390950186,0.47993505,-0.1216061890843374,0.1216061890843374
6ACV.pdb,L14I,13,0.0309422331318431,0.01059401,-0.02034822277875472,0.02034822277875472
6ACV.pdb,L14W,13,0.3277542217142914,0.30172694,-0.02602728442028507,0.02602728442028507
6ACV.pdb,L14Y,13,-0.4044702010907004,0.28114146,0.6856116610325644,0.6856116610325644
6ACV.pdb,L14F,13,-0.5983731964146286,0.37935936,0.9777325609242111,0.9777325609242111
6ACV.pdb,L14C,13,0.1127495590914313,0.44578916,0.3330395992528375,0.3330395992528375
6ACV.pdb,F15Q,14,0.96263922780163,1.0160536,0.05341432959430503,0.05341432959430503
6ACV.pdb,F15E,14,0.6822945019369095,1.064957,0.3826625207300216,0.3826625207300216
6ACV.pdb,F15N,14,1.4118892902677396,2.0938578,0.6819684749300143,0.6819684749300143
6ACV.pdb,F15H,14,0.6945657008956836,1.2542953,0.5597296482254102,0.5597296482254102
6ACV.pdb,F15D,14,2.7276963768242863,1.8242741,-0.9034223137139348,0.9034223137139348
6ACV.pdb,F15R,14,1.3328445740308337,1.7225385,0.38969389719109016,0.38969389719109016
6ACV.pdb,F15K,14,1.292852931745127,1.4751625,0.18230957435838868,0.18230957435838868
6ACV.pdb,F15T,14,0.7061705625794823,0.8512008,0.14503025643602063,0.14503025643602063
6ACV.pdb,F15S,14,0.9003611773836955,1.2954462,0.39508498007174886,0.39508498007174886
6ACV.pdb,F15A,14,0.2409617190007735,0.43315732,0.19219560579018108,0.19219560579018108
6ACV.pdb,F15G,14,1.5068594286849986,1.6269212,0.12006174822540183,0.12006174822540183
6ACV.pdb,F15M,14,0.1796087522017719,0.26256043,0.0829516749871014,0.0829516749871014
6ACV.pdb,F15L,14,-0.0305155052455048,0.07439476,0.10491026776152652,0.10491026776152652
6ACV.pdb,F15V,14,-0.3427772459000033,-0.14254272,0.20023452605899988,0.20023452605899988
6ACV.pdb,F15I,14,-0.122096207525463,-0.21594411,-0.09384790382173548,0.09384790382173548
6ACV.pdb,F15W,14,-0.5671990246214094,0.019217253,0.5864162773527326,0.5864162773527326
6ACV.pdb,F15Y,14,-0.2716888019620249,0.20264846,0.47433726282704564,0.47433726282704564
6ACV.pdb,F15P,14,2.5702260183813084,1.7544837,-0.8157423185827244,0.8157423185827244
6ACV.pdb,F15C,14,0.0022447809122483,0.14911097,0.14686619196906883,0.14686619196906883
6ACV.pdb,Y16Q,15,0.9537994418230364,0.893428,-0.06037141419318415,0.06037141419318415
6ACV.pdb,Y16E,15,1.893655454833942,1.1897619,-0.7038935777740054,0.7038935777740054
6ACV.pdb,Y16N,15,1.1399243492397315,1.0154331,-0.12449127619590827,0.12449127619590827
6ACV.pdb,Y16H,15,1.038666502311529,0.45710194,-0.5815645612028253,0.5815645612028253
6ACV.pdb,Y16D,15,2.1467793127016908,1.5386791,-0.6081001897768861,0.6081001897768861
6ACV.pdb,Y16R,15,-0.2349326858286873,0.6618673,0.8968000063662545,0.8968000063662545
6ACV.pdb,Y16K,15,0.3376915768389139,0.67633504,0.3386434599156943,0.3386434599156943
6ACV.pdb,Y16T,15,0.6603908876527553,0.6015499,-0.05884096423280294,0.05884096423280294
6ACV.pdb,Y16S,15,1.1431607369064605,0.8935494,-0.24961135421984548,0.24961135421984548
6ACV.pdb,Y16A,15,0.9786687715415092,0.94178236,-0.036886416232976504,0.036886416232976504
6ACV.pdb,Y16G,15,1.666196082491508,1.4352968,-0.23089930858098562,0.23089930858098562
6ACV.pdb,Y16M,15,0.5422281412182479,0.4477483,-0.0944798378048568,0.0944798378048568
6ACV.pdb,Y16L,15,0.6211663831176044,0.43324688,-0.1879195023478748,0.1879195023478748
6ACV.pdb,Y16V,15,0.3343089767140785,0.305135,-0.029173965041104866,0.029173965041104866
6ACV.pdb,Y16I,15,0.3211804233260622,0.09720296,-0.22397746664957907,0.22397746664957907
6ACV.pdb,Y16W,15,0.365772101666395,0.15892297,-0.20684913137144262,0.20684913137144262
6ACV.pdb,Y16F,15,-0.2147476282925113,0.105464995,0.3202126231998904,0.3202126231998904
6ACV.pdb,Y16P,15,2.1498474540951884,1.76438,-0.38546747591525676,0.38546747591525676
6ACV.pdb,Y16C,15,0.6100394381215994,0.2607069,-0.3493325365713065,0.3493325365713065
6ACV.pdb,P17Q,16,-0.1379725016546928,0.31767452,0.45564701928622353,0.45564701928622353
6ACV.pdb,P17E,16,0.0184594759043106,0.13561393,0.11715445730129395,0.11715445730129395
6ACV.pdb,P17N,16,0.1718120463859334,0.22564168,0.05382963635809279,0.05382963635809279
6ACV.pdb,P17H,16,-0.1768710876338657,0.046921503,0.2237925904326614,0.2237925904326614
6ACV.pdb,P17D,16,0.5451268424376003,0.17136362,-0.3737632204874508,0.3737632204874508
6ACV.pdb,P17R,16,-0.1197822674822202,0.34320074,0.462983010680615,0.462983010680615
6ACV.pdb,P17K,16,-0.0768017994460956,0.2968501,0.3736518847045795,0.3736518847045795
6ACV.pdb,P17T,16,-0.5230039538832649,0.18181294,0.7048168959113106,0.7048168959113106
6ACV.pdb,P17S,16,-0.1233636137081597,0.1931517,0.316515311224601,0.316515311224601
6ACV.pdb,P17A,16,0.0350623065406345,-0.025933843,-0.060996149646665915,0.060996149646665915
6ACV.pdb,P17G,16,0.5798359275431162,0.39180914,-0.1880267918676859,0.1880267918676859
6ACV.pdb,P17M,16,-0.5291859264317651,0.08472061,0.6139065380040307,0.6139065380040307
6ACV.pdb,P17L,16,-0.3597425697159964,-0.05340724,0.3063353290569979,0.3063353290569979
6ACV.pdb,P17V,16,-0.5808710028631006,-0.13338494,0.4474860598546777,0.4474860598546777
6ACV.pdb,P17I,16,-0.8258090176359509,-0.10131264,0.7244963803068494,0.7244963803068494
6ACV.pdb,P17W,16,-0.6485054525385596,-0.3355024,0.31300306644542,0.31300306644542
6ACV.pdb,P17Y,16,-0.7292549757519526,-0.22584593,0.5034090427914424,0.5034090427914424
6ACV.pdb,P17F,16,-0.6277196159696299,-0.14273754,0.4849820783471781,0.4849820783471781
6ACV.pdb,P17C,16,-0.9603002717251988,-0.20357564,0.7567246308083745,0.7567246308083745
6ACV.pdb,N18Q,17,-0.0175362971987933,0.10178889,0.11932519054081142,0.11932519054081142
6ACV.pdb,N18E,17,0.2714746224456874,0.27375406,0.002279437822714725,0.002279437822714725
6ACV.pdb,N18H,17,-0.118428676230236,-0.08625542,0.03217325250558466,0.03217325250558466
6ACV.pdb,N18D,17,0.1708386977161673,0.41311872,0.24228002233845916,0.24228002233845916
6ACV.pdb,N18R,17,0.0411181471227566,0.027747463,-0.013370683687821981,0.013370683687821981
6ACV.pdb,N18K,17,0.1459046047362071,0.013689294,-0.13221531027877148,0.13221531027877148
6ACV.pdb,N18T,17,0.1754679483160282,0.06435735,-0.11111060052960164,0.11111060052960164
6ACV.pdb,N18S,17,-0.0611363837094538,0.21137133,0.27250771611645147,0.27250771611645147
6ACV.pdb,N18A,17,-0.0469258490664259,0.1899867,0.23691255484645518,0.23691255484645518
6ACV.pdb,N18G,17,-0.1706591869703966,0.5349206,0.7055797602049547,0.7055797602049547
6ACV.pdb,N18M,17,-0.0422465251005288,-0.012189522,0.03005700271493157,0.03005700271493157
6ACV.pdb,N18L,17,0.0780832271110667,-0.061377555,-0.13946078224297892,0.13946078224297892
6ACV.pdb,N18V,17,0.0853610113283922,-0.1477432,-0.23310420662372605,0.23310420662372605
6ACV.pdb,N18I,17,0.1595239165008388,-0.20474598,-0.36426989461782794,0.36426989461782794
6ACV.pdb,N18W,17,-0.1282655464053497,-0.099318765,0.02894678130153272,0.02894678130153272
6ACV.pdb,N18Y,17,-0.2922756820593273,-0.12752342,0.16475225981811636,0.16475225981811636
6ACV.pdb,N18F,17,-0.1764373559176779,-0.06273469,0.1137026626288748,0.1137026626288748
6ACV.pdb,N18P,17,0.1653950612551775,1.0211302,0.8557351429455671,0.8557351429455671
6ACV.pdb,N18C,17,-0.4226630456684335,-0.26532802,0.15733502581102687,0.15733502581102687
6ACV.pdb,K19Q,18,-0.2043580269406697,0.15525535,0.3596133744309804,0.3596133744309804
6ACV.pdb,K19E,18,0.178355341427042,0.1706818,-0.007673537008478171,0.007673537008478171
6ACV.pdb,K19N,18,0.0056030481810913,0.086724,0.08112095000788118,0.08112095000788118
6ACV.pdb,K19H,18,-0.090169664819407,0.03968843,0.12985809554593516,0.12985809554593516
6ACV.pdb,K19D,18,0.4117614552481172,0.27253252,-0.13922893256974195,0.13922893256974195
6ACV.pdb,K19R,18,-0.4657316676133343,0.056405395,0.5221370628827282,0.5221370628827282
6ACV.pdb,K19T,18,0.0569476600552114,0.104059,0.04711134323830285,0.04711134323830285
6ACV.pdb,K19S,18,-0.0888673048021795,0.0849929,0.1738602052929403,0.1738602052929403
6ACV.pdb,K19A,18,-0.3780068583990008,-0.04544022,0.3325666390562922,0.3325666390562922
6ACV.pdb,K19G,18,-0.3356038296446968,0.31930944,0.6549132728800942,0.6549132728800942
6ACV.pdb,K19M,18,-0.1553395503081076,0.10434849,0.2596880384601347,0.2596880384601347
6ACV.pdb,K19L,18,-0.291894206039152,0.012028061,0.3039222668926333,0.3039222668926333
6ACV.pdb,K19V,18,-0.1572165532208722,-0.01955758,0.13765897286904266,0.13765897286904266
6ACV.pdb,K19I,18,-0.1570167479825137,-0.007130243,0.1498865050983546,0.1498865050983546
6ACV.pdb,K19W,18,-0.1603396124869851,-0.05711946,0.10322015357318201,0.10322015357318201
6ACV.pdb,K19Y,18,-0.1295562508231942,-0.0028880462,0.1266682046181504,0.1266682046181504
6ACV.pdb,K19F,18,-0.1129748355992692,0.07998527,0.19296010401328972,0.19296010401328972
6ACV.pdb,K19P,18,-0.1349415175677544,0.30384248,0.4387840025187737,0.4387840025187737
6ACV.pdb,K19C,18,-0.2336148625383485,-0.10721801,0.12639685032464154,0.12639685032464154
6ACV.pdb,V20Q,19,0.0002590905506094,0.1621748,0.16191571544819278,0.16191571544819278
6ACV.pdb,V20E,19,-0.0905032069188851,0.14596033,0.23646353788201985,0.23646353788201985
6ACV.pdb,V20N,19,-0.0708453382129294,0.07211998,0.14296531926342074,0.14296531926342074
6ACV.pdb,V20H,19,-0.0821698370820938,0.10071948,0.18288931878871306,0.18288931878871306
6ACV.pdb,V20D,19,-0.2260834708596877,0.09639917,0.32248264400021354,0.32248264400021354
6ACV.pdb,V20R,19,0.3180834203788838,0.28160894,-0.036474481208046416,0.036474481208046416
6ACV.pdb,V20K,19,0.0454556689878096,0.21811374,0.17265806633037428,0.17265806633037428
6ACV.pdb,V20T,19,-0.0033919309510199,0.09738498,0.1007769127620665,0.1007769127620665
6ACV.pdb,V20S,19,0.0487805987252283,0.11396144,0.06518084457978726,0.06518084457978726
6ACV.pdb,V20A,19,-0.0635170431846807,0.14316283,0.2066798748487661,0.2066798748487661
6ACV.pdb,V20G,19,-0.0796978779794463,0.37202817,0.4517260499955901,0.4517260499955901
6ACV.pdb,V20M,19,-0.0226989921174105,0.09383814,0.11653713248587211,0.11653713248587211
6ACV.pdb,V20L,19,-0.0801321276983659,0.09193667,0.172068797942106,0.172068797942106
6ACV.pdb,V20I,19,-0.123996338646954,-0.012650967,0.11134537200266689,0.11134537200266689
6ACV.pdb,V20W,19,-0.1764147312339137,0.015643135,0.19205786594708663,0.19205786594708663
6ACV.pdb,V20Y,19,0.0260005810115444,0.04249154,0.01649095930122263,0.01649095930122263
6ACV.pdb,V20F,19,-0.1974339107966565,0.11197205,0.30940595967532625,0.30940595967532625
6ACV.pdb,V20P,19,-0.2051099112585932,0.686561,0.8916708996848017,0.8916708996848017
6ACV.pdb,V20C,19,-0.2386984250168966,-0.120836586,0.11786183925678001,0.11786183925678001
6ACV.pdb,G21Q,20,0.6469492472622358,0.5355414,-0.11140783204769722,0.11140783204769722
6ACV.pdb,G21E,20,0.5877840353952273,0.5059067,-0.08187733430727562,0.08187733430727562
6ACV.pdb,G21N,20,0.0770856522235492,0.31455863,0.23747297299770326,0.23747297299770326
6ACV.pdb,G21H,20,0.2751392561989814,0.48918313,0.21404387168111505,0.21404387168111505
6ACV.pdb,G21D,20,0.1510250008699221,0.35710096,0.2060759627226072,0.2060759627226072
6ACV.pdb,G21R,20,1.3901987631429311,0.6674285,-0.7227702696431753,0.7227702696431753
6ACV.pdb,G21K,20,0.987246667698296,0.54727453,-0.4399721377643666,0.4399721377643666
6ACV.pdb,G21T,20,0.4765146282020511,0.74455905,0.26804442140427215,0.26804442140427215
6ACV.pdb,G21S,20,0.3064137076883346,0.54561114,0.23919743542384803,0.23919743542384803
6ACV.pdb,G21A,20,0.5002895525677156,0.5583128,0.05802322113681324,0.05802322113681324
6ACV.pdb,G21M,20,0.7107506385336038,0.6316793,-0.07907134204007349,0.07907134204007349
6ACV.pdb,G21L,20,0.5019133896464645,0.5941975,0.09228412202650915,0.09228412202650915
6ACV.pdb,G21V,20,0.8184769168610795,0.8375834,0.019106505799748152,0.019106505799748152
6ACV.pdb,G21I,20,0.8692005689317277,0.855633,-0.013567548530726725,0.013567548530726725
6ACV.pdb,G21W,20,2.0115904374804394,0.54419476,-1.4673956795420544,1.4673956795420544
6ACV.pdb,G21Y,20,1.963180491629078,0.5451631,-1.418017396631672,1.418017396631672
6ACV.pdb,G21F,20,1.607387898418651,0.5534184,-1.0539695005152085,1.0539695005152085
6ACV.pdb,G21P,20,0.5864850946207296,0.9481739,0.3616887859563578,0.3616887859563578
6ACV.pdb,G21C,20,-0.0075352110114965,0.20314565,0.21068086402091118,0.21068086402091118
6ACV.pdb,S22Q,21,0.1869503064573936,0.22541931,0.03846900625813679,0.03846900625813679
6ACV.pdb,S22E,21,0.0226679865683427,0.22049779,0.19782980043040607,0.19782980043040607
6ACV.pdb,S22N,21,-0.1159923570314864,-0.0145712495,0.10142110754647053,0.10142110754647053
6ACV.pdb,S22H,21,0.1872348875244438,0.13393438,-0.05330050890048141,0.05330050890048141
6ACV.pdb,S22D,21,-0.1018605978013833,0.13125148,0.2331120819570382,0.2331120819570382
6ACV.pdb,S22T,21,0.037397909751228,0.17146817,0.13407025874585757,0.13407025874585757
6ACV.pdb,S22A,21,0.0858727144890183,0.0761531,-0.009719614952122549,0.009719614952122549
6ACV.pdb,S22G,21,-0.2049696060069195,0.07617678,0.28114638348895227,0.28114638348895227
6ACV.pdb,S22M,21,0.2587712245396254,0.24433641,-0.014434813182699457,0.014434813182699457
6ACV.pdb,S22L,21,0.2277903448426097,0.19330537,-0.034484971650776214,0.034484971650776214
6ACV.pdb,S22V,21,0.4526291183087907,0.2903162,-0.16231292401290753,0.16231292401290753
6ACV.pdb,S22I,21,0.4091719014100068,0.3200612,-0.08911069459237986,0.08911069459237986
6ACV.pdb,S22P,21,0.236330046394221,0.08895979,-0.14737025562798184,0.14737025562798184
6ACV.pdb,S22C,21,0.025936750530298,-0.045184255,-0.07112100517659928,0.07112100517659928
6ACV.pdb,V23Q,22,-0.404606021578203,0.25590116,0.6605071794341906,0.6605071794341906
6ACV.pdb,V23E,22,-0.5750399390613143,0.26017028,0.8352102199946945,0.8352102199946945
6ACV.pdb,V23N,22,-0.4909646938679528,0.21858016,0.7095448504326654,0.7095448504326654
6ACV.pdb,V23H,22,-0.4901169765678119,0.15261063,0.6427276063647938,0.6427276063647938
6ACV.pdb,V23D,22,-0.7317817470875245,0.33255142,1.0643331668224794,1.0643331668224794
6ACV.pdb,V23T,22,-0.3148917535025037,0.17813653,0.49302828104080326,0.49302828104080326
6ACV.pdb,V23S,22,-0.4114636699944842,0.22133502,0.6327986936360706,0.6327986936360706
6ACV.pdb,V23A,22,-0.461433835469264,0.21027802,0.6717118547783079,0.6717118547783079
6ACV.pdb,V23G,22,-0.6549973951125421,0.3954072,1.0504045949721612,1.0504045949721612
6ACV.pdb,V23M,22,-0.3687855329572294,0.14196649,0.5107520248948667,0.5107520248948667
6ACV.pdb,V23L,22,-0.3622202435189261,0.106204435,0.4684246787482276,0.4684246787482276
6ACV.pdb,V23I,22,-0.1816286892977583,-0.00761047,0.1740182192412245,0.1740182192412245
6ACV.pdb,V23P,22,-0.2296997294349556,0.6407292,0.870428918354023,0.870428918354023
6ACV.pdb,V23C,22,-0.5438835417372383,-0.058690757,0.48519278517786635,0.48519278517786635
6ACV.pdb,K24Q,23,-0.3283503568977064,0.14465101,0.4730013675302214,0.4730013675302214
6ACV.pdb,K24E,23,-0.367724050683802,0.06392895,0.431652997536486,0.431652997536486
6ACV.pdb,K24N,23,-0.4712742275177217,0.018861268,0.4901354952334142,0.4901354952334142
6ACV.pdb,K24H,23,-0.6286879660695899,0.0467719,0.6754598649352896,0.6754598649352896
6ACV.pdb,K24D,23,-0.5758454800855146,0.05324849,0.6290939712237344,0.6290939712237344
6ACV.pdb,K24R,23,-0.1783128900942192,0.09159529,0.2699081821855888,0.2699081821855888
6ACV.pdb,K24T,23,-0.4162779323685606,0.07387242,0.4901503495800932,0.4901503495800932
6ACV.pdb,K24S,23,-0.4443314149972917,0.002811104,0.44714251905651103,0.44714251905651103
6ACV.pdb,K24A,23,-0.3474568939098197,-0.14334005,0.2041168427356559,0.2041168427356559
6ACV.pdb,K24G,23,-0.571655844647982,0.14791259,0.7195684363437675,0.7195684363437675
6ACV.pdb,K24M,23,-0.5430981034628442,0.13054523,0.6736433321825555,0.6736433321825555
6ACV.pdb,K24L,23,-0.4101792114159823,-0.014071099,0.3961081119558573,0.3961081119558573
6ACV.pdb,K24V,23,-0.288035665673779,-0.03476438,0.2532712864108548,0.2532712864108548
6ACV.pdb,K24I,23,-0.3048797824852434,0.033212956,0.33809273852634103,0.33809273852634103
6ACV.pdb,K24W,23,-0.3197242390897332,-0.052014902,0.26770933685565573,0.26770933685565573
6ACV.pdb,K24Y,23,-0.1274868734434688,0.03388299,0.1613698639229381,0.1613698639229381
6ACV.pdb,K24F,23,-0.2721058748361753,0.11662298,0.388728851794927,0.388728851794927
6ACV.pdb,K24P,23,-0.9166776899171488,-0.11308452,0.8035931724978106,0.8035931724978106
6ACV.pdb,K24C,23,-0.7357636874676086,-0.12070257,0.6150611153006889,0.6150611153006889
6ACV.pdb,K25Q,24,-0.1466168712880247,0.17487018,0.32148704939147166,0.32148704939147166
6ACV.pdb,K25E,24,-0.2600202991746849,0.39815316,0.6581734552167839,0.6581734552167839
6ACV.pdb,K25N,24,-0.212245203755522,0.2819545,0.49419970085444476,0.49419970085444476
6ACV.pdb,K25H,24,-0.364354153701476,0.1868273,0.551181455680541,0.551181455680541
6ACV.pdb,K25D,24,-0.3128253220429435,0.55798304,0.8708083628525749,0.8708083628525749
6ACV.pdb,K25R,24,-0.1862422802413212,0.008287758,0.19453003787643777,0.19453003787643777
6ACV.pdb,K25T,24,0.0124241779580964,0.16082162,0.1483974386915313,0.1483974386915313
6ACV.pdb,K25S,24,-0.0285303927763127,0.2815106,0.3100409842832707,0.3100409842832707
6ACV.pdb,K25A,24,-0.1094432645536733,0.20746733,0.31691059703601127,0.31691059703601127
6ACV.pdb,K25G,24,-0.6261553708844514,0.62843895,1.2545943204694123,1.2545943204694123
6ACV.pdb,K25M,24,0.0034404669197831,0.14651634,0.1430758710709777,0.1430758710709777
6ACV.pdb,K25L,24,0.1504542447155188,0.16234156,0.011887320178203736,0.011887320178203736
6ACV.pdb,K25V,24,0.033309429706966,0.051069036,0.01775960641917078,0.01775960641917078
6ACV.pdb,K25I,24,0.2194794240624484,-0.023051396,-0.24253082007475463,0.24253082007475463
6ACV.pdb,K25W,24,-0.319162052670122,0.19105975,0.5102218059688814,0.5102218059688814
6ACV.pdb,K25Y,24,-0.2573864465899484,0.14925107,0.4066375201888101,0.4066375201888101
6ACV.pdb,K25F,24,-0.1557294979178944,0.20859042,0.3643199160182514,0.3643199160182514
6ACV.pdb,K25P,24,0.1880908443654396,1.1869514,0.9988605544840476,0.9988605544840476
6ACV.pdb,K25C,24,-0.3365676968827165,0.043261424,0.37982912058972484,0.37982912058972484
6ACV.pdb,T26Q,25,-0.1671349109811046,0.345619,0.5127539040250042,0.5127539040250042
6ACV.pdb,T26E,25,-0.2068042835194945,0.28804708,0.494851358791101,0.494851358791101
6ACV.pdb,T26N,25,-0.3399747183613848,0.29489255,0.6348672678761553,0.6348672678761553
6ACV.pdb,T26H,25,-0.3341466028716766,0.19990148,0.5340480793740952,0.5340480793740952
6ACV.pdb,T26D,25,-0.4648165834624533,0.21397257,0.6787891519744162,0.6787891519744162
6ACV.pdb,T26R,25,-0.0829023613785659,0.43014085,0.5130432143067275,0.5130432143067275
6ACV.pdb,T26K,25,0.0849002823470659,0.3206758,0.2357755079628401,0.2357755079628401
6ACV.pdb,T26S,25,-0.2155212464241369,0.16656668,0.38208793126624657,0.38208793126624657
6ACV.pdb,T26A,25,-0.2052892828350976,0.11208265,0.3173719355827287,0.3173719355827287
6ACV.pdb,T26G,25,-0.9907335369142234,0.39743087,1.3881644038709342,1.3881644038709342
6ACV.pdb,T26M,25,-0.1564378748398085,0.18056571,0.33700358967592914,0.33700358967592914
6ACV.pdb,T26L,25,-0.0089127469926393,-0.018315941,-0.009403194102712873,0.009403194102712873
6ACV.pdb,T26V,25,-0.1585250697102327,-0.12577006,0.03275500750205704,0.03275500750205704
6ACV.pdb,T26I,25,-0.1456249939041178,-0.10711737,0.038507624133114066,0.038507624133114066
6ACV.pdb,T26W,25,-0.6063846258168133,-0.11524004,0.49114458837555963,0.49114458837555963
6ACV.pdb,T26Y,25,-0.5974119653038406,-0.022635043,0.5747769226364516,0.5747769226364516
6ACV.pdb,T26F,25,-0.474680365932234,0.03676506,0.5114454272511084,0.5114454272511084
6ACV.pdb,T26P,25,-0.44269106946177,0.5020429,0.9447339590568018,0.9447339590568018
6ACV.pdb,T26C,25,-0.7554064195064627,-0.07806057,0.6773458521274649,0.6773458521274649
6ACV.pdb,E27Q,26,-0.5547153671532894,-0.06790931,0.4868060593754078,0.4868060593754078
6ACV.pdb,E27N,26,-0.2662888001968433,0.32247648,0.5887652766277363,0.5887652766277363
6ACV.pdb,E27H,26,-0.6885131305211494,0.06875392,0.7572670510166595,0.7572670510166595
6ACV.pdb,E27D,26,0.0823837789890093,0.481432,0.3990482118728834,0.3990482118728834
6ACV.pdb,E27R,26,-1.0224217344760458,0.10653479,1.1289565209984342,1.1289565209984342
6ACV.pdb,E27K,26,-0.6524232431128518,0.10967045,0.7620936958864228,0.7620936958864228
6ACV.pdb,E27T,26,-0.4839238273080126,-0.13339269,0.35053113569576894,0.35053113569576894
6ACV.pdb,E27S,26,-0.4744954396459864,0.19992593,0.674421368953924,0.674421368953924
6ACV.pdb,E27A,26,-0.6655631198698853,0.21086007,0.876423193436322,0.876423193436322
6ACV.pdb,E27G,26,-0.5853295209461944,0.69847316,1.283802676444699,1.283802676444699
6ACV.pdb,E27M,26,-0.6513971962732974,-0.0550979,0.596299295942277,0.596299295942277
6ACV.pdb,E27L,26,-0.6145596124812229,-0.06556668,0.5489929311557873,0.5489929311557873
6ACV.pdb,E27V,26,-0.7822829008553165,-0.31182364,0.47045926456190523,0.47045926456190523
6ACV.pdb,E27I,26,-0.652174371593099,-0.35853815,0.2936362208057455,0.2936362208057455
6ACV.pdb,E27W,26,-0.784930650043751,-0.08036884,0.7045618108394396,0.7045618108394396
6ACV.pdb,E27Y,26,-1.0249642011079256,-0.070630334,0.9543338667902415,0.9543338667902415
6ACV.pdb,E27F,26,-0.7031373149728539,-0.026771829,0.676365486440635,0.676365486440635
6ACV.pdb,E27P,26,-0.0828225527519146,1.4090204,1.4918429766410748,1.4918429766410748
6ACV.pdb,E27C,26,-0.8620366801387838,-0.19868353,0.6633531500465444,0.6633531500465444
6ACV.pdb,V28Q,27,2.989574794923361,2.317772,-0.6718028833022673,0.6718028833022673
6ACV.pdb,V28H,27,2.9601303048109804,2.0931437,-0.8669866032576357,0.8669866032576357
6ACV.pdb,V28R,27,3.1393676074295183,2.5528417,-0.5865259440689226,0.5865259440689226
6ACV.pdb,V28K,27,3.382398226753049,2.4549968,-0.9274014024885227,0.9274014024885227
6ACV.pdb,V28T,27,1.271751700200372,1.4513133,0.17956155701703524,0.17956155701703524
6ACV.pdb,V28S,27,2.397411706632785,1.9777209,-0.4196908499662202,0.4196908499662202
6ACV.pdb,V28A,27,1.6235123792404766,1.3715771,-0.2519352355713482,0.2519352355713482
6ACV.pdb,V28G,27,3.419555433799566,2.0677829,-1.3517725549238335,1.3517725549238335
6ACV.pdb,V28M,27,1.1890384831334744,1.2094911,0.020452650556405993,0.020452650556405993
6ACV.pdb,V28L,27,0.6672341100545989,0.7640343,0.0968001611856355,0.0968001611856355
6ACV.pdb,V28I,27,-0.2341877135229091,0.15614057,0.3903282793951015,0.3903282793951015
6ACV.pdb,V28W,27,1.6709619557901207,1.6205351,-0.050426820520955706,0.050426820520955706
6ACV.pdb,V28Y,27,1.678334636601056,1.5502723,-0.12806229105814837,0.12806229105814837
6ACV.pdb,V28F,27,1.2646845205904662,1.4342159,0.16953138269169932,0.16953138269169932
6ACV.pdb,V28P,27,2.221576559031792,2.1491575,-0.07241903492290547,0.07241903492290547
6ACV.pdb,V28C,27,1.1616071957261194,1.0204976,-0.14110963522502074,0.14110963522502074
6ACV.pdb,V29Q,28,1.6927664040546428,1.0437665,-0.648999905488969,0.648999905488969
6ACV.pdb,V29E,28,2.3387953134945607,1.6277266,-0.7110687586239552,0.7110687586239552
6ACV.pdb,V29N,28,2.183262538846928,1.5377831,-0.645479392942387,0.645479392942387
6ACV.pdb,V29H,28,1.1108544869638604,1.08005,-0.03080449535619434,0.03080449535619434
6ACV.pdb,V29R,28,0.3924359386277016,0.74169654,0.3492605979132835,0.3492605979132835
6ACV.pdb,V29K,28,0.8681031439890874,0.851059,-0.017044124423505114,0.017044124423505114
6ACV.pdb,V29T,28,0.6042421468826773,0.46915072,-0.13509142485585235,0.13509142485585235
6ACV.pdb,V29S,28,1.1975593246631668,1.1220176,-0.07554170266914828,0.07554170266914828
6ACV.pdb,V29A,28,1.0936251091330038,1.0326705,-0.060954611238716705,0.060954611238716705
6ACV.pdb,V29G,28,2.316645674476061,1.8571748,-0.45947092033329984,0.45947092033329984
6ACV.pdb,V29M,28,0.6061328253738312,0.5892689,-0.01686390256804504,0.01686390256804504
6ACV.pdb,V29L,28,0.6098000288590333,0.54138875,-0.06841127878273934,0.06841127878273934
6ACV.pdb,V29I,28,-0.0955541516272999,-0.13358921,-0.03803505649876822,0.03803505649876822
6ACV.pdb,V29W,28,0.7152595064966003,0.60998726,-0.1052722475854675,0.1052722475854675
6ACV.pdb,V29Y,28,0.5330129319325723,0.56820905,0.0351961201533042,0.0351961201533042
6ACV.pdb,V29F,28,0.7281301169945156,0.5400876,-0.1880425363136684,0.1880425363136684
6ACV.pdb,V29C,28,1.0154834553935304,0.37858307,-0.6369003817775025,0.6369003817775025
6ACV.pdb,F30H,29,3.1617520770369816,2.8671641,-0.29458794205773353,0.29458794205773353
6ACV.pdb,F30M,29,2.359185740122467,1.4853258,-0.8738599268290099,0.8738599268290099
6ACV.pdb,F30L,29,1.9341505046162288,1.5749302,-0.3592203135761898,0.3592203135761898
6ACV.pdb,F30I,29,3.295424602555523,1.3567241,-1.9387004595272637,1.9387004595272637
6ACV.pdb,F30W,29,0.5682728017120837,0.7929597,0.22468688838191042,0.22468688838191042
6ACV.pdb,F30Y,29,0.7899786486303428,0.85179186,0.061813210042752864,0.061813210042752864
6ACV.pdb,F30C,29,2.893444751256567,1.7601438,-1.1333009943901118,1.1333009943901118
6ACV.pdb,V31Q,30,1.205727483663591,1.037255,-0.1684724349117599,0.1684724349117599
6ACV.pdb,V31E,30,2.110949216545732,1.6548648,-0.4560844284903123,0.4560844284903123
6ACV.pdb,V31N,30,2.60270952647793,1.868948,-0.7337615436898441,0.7337615436898441
6ACV.pdb,V31H,30,1.366276455495523,1.1579158,-0.20836062488334028,0.20836062488334028
6ACV.pdb,V31R,30,1.0287000364442471,1.0300224,0.0013223462919589313,0.0013223462919589313
6ACV.pdb,V31K,30,1.1174541977575556,0.96875465,-0.14869954859526313,0.14869954859526313
6ACV.pdb,V31T,30,1.36222065518404,0.83526933,-0.526951323251972,0.526951323251972
6ACV.pdb,V31S,30,2.416052106072965,1.4900297,-0.9260224134231239,0.9260224134231239
6ACV.pdb,V31A,30,2.3258392951583526,1.2906252,-1.0352140805816314,1.0352140805816314
6ACV.pdb,V31G,30,3.192974068949764,2.1621099,-1.030864217112606,1.030864217112606
6ACV.pdb,V31M,30,0.5395849880338717,0.58868724,0.049102253043551425,0.049102253043551425
6ACV.pdb,V31L,30,0.1169382566017174,0.42671084,0.3097725874381996,0.3097725874381996
6ACV.pdb,V31I,30,-0.5453301775395891,-0.17729414,0.36803604244590016,0.36803604244590016
6ACV.pdb,V31W,30,1.1069425889349789,0.6935901,-0.41335248435505334,0.41335248435505334
6ACV.pdb,V31Y,30,0.7625219289880314,0.6468199,-0.11570203944259072,0.11570203944259072
6ACV.pdb,V31F,30,0.5481694608497194,0.6361797,0.08801022474293196,0.08801022474293196
6ACV.pdb,V31C,30,0.7533902511607327,0.47067153,-0.2827187166224636,0.2827187166224636
6ACV.pdb,A32N,31,3.7150843065358856,0.7267368,-2.9883475225545624,2.9883475225545624
6ACV.pdb,A32T,31,0.854149500564426,-0.74300575,-1.5971552531279025,1.5971552531279025
6ACV.pdb,A32S,31,-0.0588913033210731,-0.2826978,-0.22380649350052115,0.22380649350052115
6ACV.pdb,A32G,31,2.439209634400787,0.7290051,-1.7102045360578915,1.7102045360578915
6ACV.pdb,A32M,31,3.1561302870060515,0.2164881,-2.9396421938683104,2.9396421938683104
6ACV.pdb,A32L,31,3.012900343402797,0.37186542,-2.6410349218692124,2.6410349218692124
6ACV.pdb,A32V,31,3.284461205877328,0.13365641,-3.1508047935142756,3.1508047935142756
6ACV.pdb,A32I,31,3.607797386640061,0.26543182,-3.342365565293778,3.342365565293778
6ACV.pdb,A32W,31,3.098757493168791,1.1989639,-1.8997936126298507,1.8997936126298507
6ACV.pdb,A32F,31,2.6092719249164475,0.83521986,-1.7740520648395433,1.7740520648395433
6ACV.pdb,A32P,31,2.17238810853189,1.0549419,-1.1174462159079885,1.1174462159079885
6ACV.pdb,A32C,31,2.383465785946205,-0.13008851,-2.513554294075325,2.513554294075325
6ACV.pdb,P33Q,32,2.3268515234199936,1.430306,-0.8965455656258041,0.8965455656258041
6ACV.pdb,P33E,32,2.507935440546154,1.559824,-0.94811145067799,0.94811145067799
6ACV.pdb,P33N,32,2.491209411384056,1.5006782,-0.9905312297358018,0.9905312297358018
6ACV.pdb,P33H,32,2.69678539271085,1.4700726,-1.226712765643284,1.226712765643284
6ACV.pdb,P33D,32,2.7116517309409764,1.7614264,-0.950225282118955,0.950225282118955
6ACV.pdb,P33R,32,2.3775464147110936,1.5946485,-0.7828979342957494,0.7828979342957494
6ACV.pdb,P33K,32,3.0820484155464127,1.4540004,-1.6280480617332413,1.6280480617332413
6ACV.pdb,P33T,32,2.825275972791036,1.7024581,-1.1228178295567832,1.1228178295567832
6ACV.pdb,P33S,32,1.8925738659281115,1.3502889,-0.542284997977672,0.542284997977672
6ACV.pdb,P33A,32,2.3760340636180137,1.3547614,-1.021272701542208,1.021272701542208
6ACV.pdb,P33G,32,2.968872226051192,1.4814501,-1.4874221451796101,1.4874221451796101
6ACV.pdb,P33M,32,2.704425575221821,1.4468098,-1.257615806545063,1.257615806545063
6ACV.pdb,P33L,32,2.4741860003751013,1.3702171,-1.1039689154904577,1.1039689154904577
6ACV.pdb,P33V,32,2.31262082089384,1.4924637,-0.8201571129699508,0.8201571129699508
6ACV.pdb,P33I,32,2.180119624751572,1.5780271,-0.6020924955782934,0.6020924955782934
6ACV.pdb,P33W,32,2.363787789227026,1.6254562,-0.738331575275915,0.738331575275915
6ACV.pdb,P33Y,32,2.390200908640144,1.5624437,-0.8277571754248121,0.8277571754248121
6ACV.pdb,P33F,32,2.081584377582164,1.5282619,-0.553322477634044,0.553322477634044
6ACV.pdb,P33C,32,2.2706283707749284,1.0952137,-1.175414719117824,1.175414719117824
6ACV.pdb,T34Q,33,2.3275911791513573,0.86092424,-1.4666669352243553,1.4666669352243553
6ACV.pdb,T34E,33,1.7896087822062483,0.75484514,-1.0347636398417464,1.0347636398417464
6ACV.pdb,T34N,33,0.7994603501831592,0.014467537,-0.7849928127800525,0.7849928127800525
6ACV.pdb,T34H,33,2.278399632233361,0.72372293,-1.5546766975104607,1.5546766975104607
6ACV.pdb,T34D,33,0.3068510773084036,-0.14357549,-0.4504265668294302,0.4504265668294302
6ACV.pdb,T34R,33,2.6821928389115635,0.9453163,-1.7368765242142978,1.7368765242142978
6ACV.pdb,T34K,33,2.6818397703310883,0.9811466,-1.7006931963107026,1.7006931963107026
6ACV.pdb,T34S,33,0.5940435807427003,0.0064042807,-0.5876393000801636,0.5876393000801636
6ACV.pdb,T34A,33,2.7187278543462914,0.75572777,-1.9630000864019554,1.9630000864019554
6ACV.pdb,T34G,33,1.1071787986592676,0.40478787,-0.7023909303979303,0.7023909303979303
6ACV.pdb,T34M,33,2.163618323144702,0.8770679,-1.2865503995988647,1.2865503995988647
6ACV.pdb,T34L,33,2.585101011669444,0.86550665,-1.71959436265211,1.71959436265211
6ACV.pdb,T34W,33,2.565155995419364,0.6011406,-1.9640153770950843,1.9640153770950843
6ACV.pdb,T34Y,33,2.590992040815035,0.6425736,-1.9484184457680378,1.9484184457680378
6ACV.pdb,T34F,33,2.4834807574656663,0.5453632,-1.9381175696757493,1.9381175696757493
6ACV.pdb,T34C,33,1.2649069829675168,0.2569376,-1.0079693897458524,1.0079693897458524
6ACV.pdb,G35Q,34,2.1871014588111537,1.2714325,-0.9156689398521083,0.9156689398521083
6ACV.pdb,G35E,34,2.7460313022487086,1.4583752,-1.287656086718313,1.287656086718313
6ACV.pdb,G35N,34,1.7569725764897182,1.0651845,-0.6917881024983241,0.6917881024983241
6ACV.pdb,G35H,34,2.0476932766757034,1.2493865,-0.7983067276797318,0.7983067276797318
6ACV.pdb,G35D,34,2.5852293700658,1.2103643,-1.37486502832996,1.37486502832996
6ACV.pdb,G35R,34,2.2249788684876988,1.4641825,-0.760796372416837,0.760796372416837
6ACV.pdb,G35K,34,2.0198464267980034,1.3628086,-0.6570378416310723,0.6570378416310723
6ACV.pdb,G35T,34,2.949747444770436,1.578934,-1.3708134905315443,1.3708134905315443
6ACV.pdb,G35S,34,2.059761143213524,1.2329726,-0.8267885212957995,0.8267885212957995
6ACV.pdb,G35A,34,2.598877070002052,1.4393886,-1.159488437227699,1.159488437227699
6ACV.pdb,G35M,34,2.1171117205546084,1.2973102,-0.8198014874384585,0.8198014874384585
6ACV.pdb,G35L,34,2.068661379153567,1.3263946,-0.742266821200686,0.742266821200686
6ACV.pdb,G35W,34,2.7951436579112268,1.4043808,-1.390762859571383,1.390762859571383
6ACV.pdb,G35Y,34,2.326558384458406,1.3351903,-0.9913680882853102,0.9913680882853102
6ACV.pdb,G35F,34,2.2107326091320774,1.1306816,-1.0800509751827976,1.0800509751827976
6ACV.pdb,G35C,34,1.7816819349146238,0.7918752,-0.9898067513323179,0.9898067513323179
6ACV.pdb,E36Q,35,0.8786286676307244,0.076032445,-0.8025962227960153,0.8025962227960153
6ACV.pdb,E36N,35,1.8091263907672133,0.71716195,-1.091964437317964,1.091964437317964
6ACV.pdb,E36H,35,0.5854116028269511,0.36796653,-0.2174450701197368,0.2174450701197368
6ACV.pdb,E36D,35,0.597318032074905,0.66247743,0.06515940160658307,0.06515940160658307
6ACV.pdb,E36R,35,1.779980252955293,0.42504752,-1.354932736132478,1.354932736132478
6ACV.pdb,E36K,35,1.5927727461301575,0.31668764,-1.276085102602173,1.276085102602173
6ACV.pdb,E36T,35,1.4949979895720988,0.17583284,-1.3191651517520457,1.3191651517520457
6ACV.pdb,E36S,35,2.070572588060052,0.45491624,-1.615656349275262,1.615656349275262
6ACV.pdb,E36A,35,1.2712869353331588,0.090294465,-1.1809924699105285,1.1809924699105285
6ACV.pdb,E36G,35,2.508004164599604,0.8386928,-1.6693113802902166,1.6693113802902166
6ACV.pdb,E36M,35,1.2432715642548904,-0.042658046,-1.2859296101428375,1.2859296101428375
6ACV.pdb,E36L,35,1.3108869183102445,0.03930022,-1.271586700085719,1.271586700085719
6ACV.pdb,E36V,35,0.8319327342398655,-0.2999153,-1.1318480479605686,1.1318480479605686
6ACV.pdb,E36I,35,1.2459091990214728,-0.25593346,-1.5018426625949286,1.5018426625949286
6ACV.pdb,E36W,35,2.140847274159372,0.12805133,-2.0127959484805467,2.0127959484805467
6ACV.pdb,E36Y,35,1.6926698950330077,0.075352505,-1.6173173901835738,1.6173173901835738
6ACV.pdb,E36F,35,1.6120166675981944,0.054988876,-1.5570277916130488,1.5570277916130488
6ACV.pdb,E36C,35,1.7141106479833232,-0.16756861,-1.8816792571017849,1.8816792571017849
6ACV.pdb,E37Q,36,-0.1886229477935916,-0.032611907,0.1560110412651187,0.1560110412651187
6ACV.pdb,E37N,36,0.1441051677617184,0.6360046,0.49189945898922766,0.49189945898922766
6ACV.pdb,E37H,36,-0.6111203778155438,0.075855836,0.6869762140877835,0.6869762140877835
6ACV.pdb,E37D,36,1.2405209513874684,1.1103227,-0.13019823753553972,0.13019823753553972
6ACV.pdb,E37R,36,-0.6263068191348986,0.019414162,0.6457209813981728,0.6457209813981728
6ACV.pdb,E37K,36,-0.2796547188188967,-0.011231443,0.26842327590548365,0.26842327590548365
6ACV.pdb,E37T,36,-0.4115450409729373,0.061423562,0.47296860344003555,0.47296860344003555
6ACV.pdb,E37S,36,0.0121580806607912,0.11589675,0.10373866585543652,0.10373866585543652
6ACV.pdb,E37A,36,-0.0223560633329329,-0.25876322,-0.23640716055355698,0.23640716055355698
6ACV.pdb,E37G,36,1.1246105515658915,0.6474052,-0.4772053444087565,0.4772053444087565
6ACV.pdb,E37M,36,-0.5892479294239514,-0.26854083,0.3207071000038617,0.3207071000038617
6ACV.pdb,E37L,36,-0.6840603236135578,-0.1838407,0.5002196166690922,0.5002196166690922
6ACV.pdb,E37V,36,-0.8218689430608714,-0.25565895,0.5662099886789287,0.5662099886789287
6ACV.pdb,E37I,36,-0.7550696362467919,-0.13338593,0.6216837097617303,0.6216837097617303
6ACV.pdb,E37W,36,-0.7398076672267475,-0.38195622,0.3578514475535908,0.3578514475535908
6ACV.pdb,E37Y,36,-1.0872001765031274,-0.3392861,0.747914087559646,0.747914087559646
6ACV.pdb,E37F,36,-0.8075565156194973,-0.30203223,0.5055242833349514,0.5055242833349514
6ACV.pdb,E37P,36,0.4586190636078635,1.0129994,0.5543803517897805,0.5543803517897805
6ACV.pdb,E37C,36,-0.4256952605771098,-0.4945574,-0.0688621499014821,0.0688621499014821
6ACV.pdb,I38H,37,2.625409168257577,2.3921895,-0.23321966554151263,0.23321966554151263
6ACV.pdb,I38A,37,3.0507052416764053,2.223453,-0.8272521967850479,0.8272521967850479
6ACV.pdb,I38M,37,1.1761352616552665,0.76605153,-0.4100837308172538,0.4100837308172538
6ACV.pdb,I38L,37,0.5568166727689601,0.5499631,-0.0068535561231470865,0.0068535561231470865
6ACV.pdb,I38V,37,0.9450159333871208,1.1015356,0.15651962531344077,0.15651962531344077
6ACV.pdb,I38W,37,3.37997648484608,1.745257,-1.6347194648494368,1.6347194648494368
6ACV.pdb,I38Y,37,1.6852462563829722,1.7482724,0.06302616259285787,0.06302616259285787
6ACV.pdb,I38F,37,0.5176208254158783,0.81899047,0.30136964356300355,0.30136964356300355
6ACV.pdb,I38C,37,1.4236260117610156,1.4013252,-0.022300785930937428,0.022300785930937428
6ACV.pdb,S39Q,38,0.1124127789960769,0.62341535,0.5110025719179245,0.5110025719179245
6ACV.pdb,S39E,38,0.2121176422175255,0.7584059,0.5462882816258583,0.5462882816258583
6ACV.pdb,S39N,38,0.0934898418872482,0.5103341,0.4168442326099747,0.4168442326099747
6ACV.pdb,S39H,38,-0.208772219783107,0.52343345,0.7322056666672623,0.7322056666672623
6ACV.pdb,S39D,38,0.4160611535346095,0.81747985,0.40141869532708485,0.40141869532708485
6ACV.pdb,S39R,38,-0.51625877556351,0.4057041,0.9219628864243345,0.9219628864243345
6ACV.pdb,S39K,38,-0.2953681283570439,0.34977236,0.6451404922581823,0.6451404922581823
6ACV.pdb,S39T,38,-0.3934649673785522,0.23095712,0.6244220880355194,0.6244220880355194
6ACV.pdb,S39A,38,0.0021033453643615,0.14237219,0.14026884558793953,0.14026884558793953
6ACV.pdb,S39G,38,0.4355178840962095,0.41364065,-0.021877235969607334,0.021877235969607334
6ACV.pdb,S39M,38,-0.1740863880628902,0.6009345,0.7750208935255367,0.7750208935255367
6ACV.pdb,S39L,38,-0.1007241316306326,0.646002,0.7467261262404654,0.7467261262404654
6ACV.pdb,S39V,38,-0.2517623651485863,0.46859542,0.7203577805023613,0.7203577805023613
6ACV.pdb,S39I,38,-0.1730878037646093,0.5681278,0.7412156147196569,0.7412156147196569
6ACV.pdb,S39W,38,-0.5311143530321636,0.5605743,1.0916886461687603,1.0916886461687603
6ACV.pdb,S39Y,38,-0.5994962176857483,0.5544126,1.1539088210640442,1.1539088210640442
6ACV.pdb,S39F,38,-0.5306739234260762,0.62712204,1.1577959679893697,1.1577959679893697
6ACV.pdb,S39P,38,0.9710315580722932,0.1677436,-0.8032879646179323,0.8032879646179323
6ACV.pdb,S39C,38,-0.2537623411110141,0.28980663,0.5435689752987125,0.5435689752987125
6ACV.pdb,N40Q,39,1.0494865398060935,0.39514303,-0.6543435077321189,0.6543435077321189
6ACV.pdb,N40E,39,0.6599136395559748,0.17161816,-0.488295475970312,0.488295475970312
6ACV.pdb,N40H,39,0.8773438234141984,0.39764065,-0.47970317791020056,0.47970317791020056
6ACV.pdb,N40D,39,-0.1134781553128507,-0.21749547,-0.10401731592623926,0.10401731592623926
6ACV.pdb,N40R,39,1.4760083364894996,0.7180852,-0.7579231070926795,0.7579231070926795
6ACV.pdb,N40K,39,1.4680741662722798,0.65259004,-0.8154841298800679,0.8154841298800679
6ACV.pdb,N40T,39,-0.0822760552273447,-0.12216064,-0.039884588111812405,0.039884588111812405
6ACV.pdb,N40S,39,-0.1595232095472165,-0.06304827,0.09647493622225006,0.09647493622225006
6ACV.pdb,N40A,39,1.3923566941601762,0.5167603,-0.8755964044911393,0.8755964044911393
6ACV.pdb,N40G,39,0.7448464434323574,0.48239505,-0.2624513905225063,0.2624513905225063
6ACV.pdb,N40M,39,1.49200705535053,0.59229875,-0.8997083092415212,0.8997083092415212
6ACV.pdb,N40L,39,1.5581037667127684,0.66734564,-0.8907581236692503,0.8907581236692503
6ACV.pdb,N40V,39,2.0069513094353346,0.5514916,-1.4554596912789015,1.4554596912789015
6ACV.pdb,N40I,39,2.128398510508146,0.7386929,-1.3897056308313274,1.3897056308313274
6ACV.pdb,N40W,39,2.127930914778021,0.5578891,-1.5700418108885557,1.5700418108885557
6ACV.pdb,N40Y,39,1.2678543649180618,0.536238,-0.7316163502200332,0.7316163502200332
6ACV.pdb,N40F,39,1.331957445843818,0.6135911,-0.7183663709002754,0.7183663709002754
6ACV.pdb,N40C,39,0.6743238331800838,0.085134536,-0.5891892971521755,0.5891892971521755
6ACV.pdb,R41Q,40,-0.0819872699203783,0.38583225,0.4678195200386339,0.4678195200386339
6ACV.pdb,R41E,40,0.141342826568442,0.7863332,0.6449903767472929,0.6449903767472929
6ACV.pdb,R41N,40,0.3580769592886561,0.98805916,0.6299822038049108,0.6299822038049108
6ACV.pdb,R41H,40,-0.1198536383451731,0.8240222,0.9438758122267039,0.9438758122267039
6ACV.pdb,R41D,40,0.5112274517882089,1.3271317,0.815904296411254,0.815904296411254
6ACV.pdb,R41K,40,-0.1237939241386376,0.064315975,0.18810989885100943,0.18810989885100943
6ACV.pdb,R41T,40,0.1784595473892114,0.7511876,0.5727280751579382,0.5727280751579382
6ACV.pdb,R41S,40,0.1368474429135133,0.71708506,0.5802376205439757,0.5802376205439757
6ACV.pdb,R41A,40,0.0226392329200644,0.32505733,0.30241809482728055,0.30241809482728055
6ACV.pdb,R41G,40,0.3960444958259641,1.248694,0.8526494471977175,0.8526494471977175
6ACV.pdb,R41M,40,-0.2980162704399443,0.41952595,0.7175422215870237,0.7175422215870237
6ACV.pdb,R41L,40,-0.2098686457079344,0.37698233,0.5868509769838743,0.5868509769838743
6ACV.pdb,R41V,40,-0.1807320612201781,0.53293073,0.7136627929935546,0.7136627929935546
6ACV.pdb,R41I,40,-0.2141331919683917,0.37375632,0.5878895112528308,0.5878895112528308
6ACV.pdb,R41W,40,0.1378926208012307,0.42832336,0.29043073749611736,0.29043073749611736
6ACV.pdb,R41Y,40,-0.3627129440008874,0.48922914,0.8519420866667504,0.8519420866667504
6ACV.pdb,R41F,40,-0.1544065634783464,0.5435776,0.697984174924727,0.697984174924727
6ACV.pdb,R41P,40,-0.2663334497976812,1.1340703,1.4004037270117315,1.4004037270117315
6ACV.pdb,R41C,40,-0.0113679246193383,0.4881842,0.49955213825764394,0.49955213825764394
6ACV.pdb,K42Q,41,-0.1180641697761579,0.047097877,0.1651620464441343,0.1651620464441343
6ACV.pdb,K42E,41,-0.4598396681330503,0.014168456,0.4740081243298353,0.4740081243298353
6ACV.pdb,K42N,41,0.0344998091986026,0.38940817,0.3549083619783078,0.3549083619783078
6ACV.pdb,K42H,41,-0.0906555348466886,0.25976175,0.3504172855447782,0.3504172855447782
6ACV.pdb,K42D,41,-0.1470996828090744,0.3383686,0.48546827745552823,0.48546827745552823
6ACV.pdb,K42R,41,-0.1436637823969886,0.1638141,0.3074778800398872,0.3074778800398872
6ACV.pdb,K42T,41,-0.0577547936130997,0.23957224,0.2973270355154511,0.2973270355154511
6ACV.pdb,K42S,41,-0.1333695017333065,0.18235092,0.31572042038393366,0.31572042038393366
6ACV.pdb,K42A,41,-0.1495830449915862,-0.1730041,-0.023421060695555218,0.023421060695555218
6ACV.pdb,K42G,41,0.131748833897197,0.28613436,0.15438552832356717,0.15438552832356717
6ACV.pdb,K42M,41,-0.2202990203738237,0.114318684,0.3346177041173006,0.3346177041173006
6ACV.pdb,K42L,41,-0.1445457291771017,0.08778903,0.23233475806008205,0.23233475806008205
6ACV.pdb,K42V,41,-0.0669943066535085,0.26939836,0.33639266809798174,0.33639266809798174
6ACV.pdb,K42I,41,-0.16022408937941,0.2789626,0.4391867015315096,0.4391867015315096
6ACV.pdb,K42W,41,-0.3053137316759766,0.15225115,0.457564885860318,0.457564885860318
6ACV.pdb,K42Y,41,-0.2836027844411815,0.26000333,0.5436061127645457,0.5436061127645457
6ACV.pdb,K42F,41,-0.2542965066269165,0.29417503,0.5484715354278809,0.5484715354278809
6ACV.pdb,K42P,41,0.409513381673861,0.9256588,0.5161454403857704,0.5161454403857704
6ACV.pdb,K42C,41,-0.3480416151294978,-0.022131577,0.32591003799536544,0.32591003799536544
6ACV.pdb,Q43E,42,-0.2386948097735741,0.1973882,0.4360830117255547,0.4360830117255547
6ACV.pdb,Q43N,42,1.006119412592595,0.7241802,-0.2819391910349778,0.2819391910349778
6ACV.pdb,Q43H,42,0.4690262246881094,0.5969985,0.12797228805679417,0.12797228805679417
6ACV.pdb,Q43D,42,-0.0986431606913771,0.48851877,0.5871619352008071,0.5871619352008071
6ACV.pdb,Q43R,42,0.7016613277844166,0.4508234,-0.2508379313400959,0.2508379313400959
6ACV.pdb,Q43K,42,0.8614492002334055,0.25554955,-0.605899650176948,0.605899650176948
6ACV.pdb,Q43T,42,0.4448311681017358,0.50111586,0.0562846904531043,0.0562846904531043
6ACV.pdb,Q43S,42,0.4711473777866795,0.40673763,-0.06440975218777201,0.06440975218777201
6ACV.pdb,Q43A,42,0.0741028057635375,-0.05805576,-0.13215856423979483,0.13215856423979483
6ACV.pdb,Q43G,42,0.885919038262466,0.92872226,0.04280322412004134,0.04280322412004134
6ACV.pdb,Q43M,42,-0.0401952801361851,0.22102731,0.26122259479911847,0.26122259479911847
6ACV.pdb,Q43L,42,0.6093422821304344,0.22741911,-0.38192317397804487,0.38192317397804487
6ACV.pdb,Q43V,42,0.5418737718388575,0.5928069,0.05093310386686145,0.05093310386686145
6ACV.pdb,Q43I,42,0.8297975968643192,0.3891094,-0.44068819396934544,0.44068819396934544
6ACV.pdb,Q43W,42,1.1805253308337926,0.60191953,-0.578605799011588,0.578605799011588
6ACV.pdb,Q43Y,42,1.2063433820892924,0.674516,-0.5318273598839396,0.5318273598839396
6ACV.pdb,Q43F,42,1.1892446238158008,0.68674684,-0.5024977881071826,0.5024977881071826
6ACV.pdb,Q43C,42,0.7461159295496618,0.24048913,-0.5056268042978918,0.5056268042978918
6ACV.pdb,L44M,43,0.8347310247114457,1.162073,0.32734199145524134,0.32734199145524134
6ACV.pdb,L44V,43,3.3115753614662,1.4986224,-1.8129529440162488,1.8129529440162488
6ACV.pdb,L44I,43,2.6535850646703696,1.043913,-1.6096720578878378,1.6096720578878378
6ACV.pdb,L44W,43,2.8425784124874927,2.131786,-0.7107923044705249,0.7107923044705249
6ACV.pdb,L44Y,43,2.929839210635343,1.8813698,-1.0484693814574864,1.0484693814574864
6ACV.pdb,L44F,43,2.8247348319834047,1.7927214,-1.0320134412592226,1.0320134412592226
6ACV.pdb,L44C,43,2.260289295146911,1.6926128,-0.5676765279273677,0.5676765279273677
6ACV.pdb,E45Q,44,0.0063765980923862,0.27311674,0.266740139511755,0.266740139511755
6ACV.pdb,E45N,44,0.5260016809192942,1.0890179,0.563016187122698,0.563016187122698
6ACV.pdb,E45H,44,0.2571627661934283,0.7915261,0.5343633129844281,0.5343633129844281
6ACV.pdb,E45D,44,0.4147305973503665,0.8774822,0.4627515784766599,0.4627515784766599
6ACV.pdb,E45R,44,-0.2337940132406486,0.612425,0.8462190425184501,0.8462190425184501
6ACV.pdb,E45K,44,-0.073306611161755,0.61119,0.6844966321998104,0.6844966321998104
6ACV.pdb,E45T,44,0.3254121919662123,0.6140114,0.28859921493228624,0.28859921493228624
6ACV.pdb,E45S,44,0.1967929628288294,0.6734374,0.4766444537246679,0.4766444537246679
6ACV.pdb,E45A,44,-0.2929022871693556,0.25124723,0.5441495143612807,0.5441495143612807
6ACV.pdb,E45G,44,0.7054831040821115,1.2440045,0.5385213839092216,0.5385213839092216
6ACV.pdb,E45M,44,-0.1219610285267052,0.22988823,0.3518492590889153,0.3518492590889153
6ACV.pdb,E45L,44,-0.0652167715181217,0.21249574,0.27771251574648476,0.27771251574648476
6ACV.pdb,E45V,44,-0.0302544650670997,0.36838284,0.3986373064157478,0.3986373064157478
6ACV.pdb,E45I,44,-0.1008677029757394,0.19733414,0.2982018435149087,0.2982018435149087
6ACV.pdb,E45W,44,-0.3356952704249329,0.4332925,0.7689877785502381,0.7689877785502381
6ACV.pdb,E45Y,44,-0.2001245082680487,0.45697242,0.6570969284836554,0.6570969284836554
6ACV.pdb,E45F,44,-0.0281739128001135,0.4946227,0.5227966201670569,0.5227966201670569
6ACV.pdb,E45C,44,0.1403558709908385,0.32897547,0.18861959788313917,0.18861959788313917
6ACV.pdb,Q46E,45,-0.2634731712746054,0.16064543,0.42411859659427703,0.42411859659427703
6ACV.pdb,Q46N,45,0.1302442160287964,0.4280044,0.2977601978143585,0.2977601978143585
6ACV.pdb,Q46H,45,0.2757738320882072,0.32590008,0.050126245731617,0.050126245731617
6ACV.pdb,Q46D,45,-0.1754182371084027,0.41105467,0.5864729079191022,0.5864729079191022
6ACV.pdb,Q46R,45,-0.0185871523817278,0.10593383,0.12452098252374898,0.12452098252374898
6ACV.pdb,Q46K,45,-0.0143906346209661,0.06811161,0.08250224801379599,0.08250224801379599
6ACV.pdb,Q46T,45,0.0575277244228327,0.35443106,0.2969033385139501,0.2969033385139501
6ACV.pdb,Q46S,45,0.0662592212366663,0.33506134,0.26880212028745787,0.26880212028745787
6ACV.pdb,Q46A,45,-0.2294816356264513,0.012516648,0.24199828320373706,0.24199828320373706
6ACV.pdb,Q46G,45,0.540650842048354,0.643414,0.10276317848997607,0.10276317848997607
6ACV.pdb,Q46M,45,-0.0845048159807166,0.05590397,0.14040878717593755,0.14040878717593755
6ACV.pdb,Q46L,45,-0.2057056118248681,0.07351336,0.27921897065627377,0.27921897065627377
6ACV.pdb,Q46V,45,0.1073163729662867,0.38223705,0.2749206739907293,0.2749206739907293
6ACV.pdb,Q46I,45,-0.0838649823907102,0.14251097,0.22637594785720955,0.22637594785720955
6ACV.pdb,Q46W,45,0.0756503876720264,0.31617618,0.24052578839914057,0.24052578839914057
6ACV.pdb,Q46Y,45,0.0622093241173877,0.3376696,0.27546028685978513,0.27546028685978513
6ACV.pdb,Q46F,45,0.0477962326986713,0.37346762,0.3256713914887982,0.3256713914887982
6ACV.pdb,Q46P,45,3.517330701814298,1.8434355,-1.673895175920133,1.673895175920133
6ACV.pdb,Q46C,45,0.5026364151955471,0.09681517,-0.4058212463379727,0.4058212463379727
6ACV.pdb,Y47H,46,2.3833984921125966,2.0850983,-0.2983002255110341,0.2983002255110341
6ACV.pdb,Y47W,46,1.2660216796856996,0.9704336,-0.2955880868893739,0.2955880868893739
6ACV.pdb,Y47F,46,1.1593640189113743,1.1553143,-0.0040496926250583876,0.0040496926250583876
6ACV.pdb,Y47C,46,3.6838884861430095,2.4176347,-1.2662537605723307,1.2662537605723307
6ACV.pdb,L48N,47,3.4770206845920937,2.2410088,-1.2360119260471718,1.2360119260471718
6ACV.pdb,L48H,47,3.0170059372739906,1.9790169,-1.0379890372114295,1.0379890372114295
6ACV.pdb,L48R,47,3.331222671182308,1.9065421,-1.4246806084229084,1.4246806084229084
6ACV.pdb,L48K,47,2.787817342679633,1.9833801,-0.8044372634102239,0.8044372634102239
6ACV.pdb,L48T,47,3.082745741184686,1.808893,-1.2738527758679137,1.2738527758679137
6ACV.pdb,L48M,47,1.6722934955799484,0.8668732,-0.8054202908718491,0.8054202908718491
6ACV.pdb,L48V,47,1.9400520023915904,0.9031711,-1.0368808803174632,1.0368808803174632
6ACV.pdb,L48I,47,1.0067311643044323,0.26183403,-0.7448971389214367,0.7448971389214367
6ACV.pdb,L48W,47,2.717041895940196,1.8317243,-0.8853176098607891,0.8853176098607891
6ACV.pdb,L48Y,47,2.615520748113877,1.7590922,-0.8564285363905495,0.8564285363905495
6ACV.pdb,L48F,47,2.0852559114990683,1.5547049,-0.5305510069427939,0.5305510069427939
6ACV.pdb,L48C,47,2.6033125900618304,1.3067605,-1.2965520405165423,1.2965520405165423
6ACV.pdb,K49Q,48,-0.1150433691094288,0.19767904,0.3127224119255909,0.3127224119255909
6ACV.pdb,K49E,48,-0.0786246553392331,0.43143487,0.5100595251054685,0.5100595251054685
6ACV.pdb,K49N,48,-0.1542951540235519,0.48574448,0.6400396303419112,0.6400396303419112
6ACV.pdb,K49H,48,0.1843546691231843,0.4013824,0.21702771756123343,0.21702771756123343
6ACV.pdb,K49D,48,-0.0046862910253815,0.7167568,0.7214431117040925,0.7214431117040925
6ACV.pdb,K49R,48,-0.1396608339013134,0.067388386,0.2070492194355999,0.2070492194355999
6ACV.pdb,K49T,48,0.1210225945157099,0.5424841,0.4214615101176214,0.4214615101176214
6ACV.pdb,K49S,48,-0.0142793937761487,0.40296534,0.41724473081418884,0.41724473081418884
6ACV.pdb,K49A,48,-0.1946989098411871,-0.059478372,0.13522053750575314,0.13522053750575314
6ACV.pdb,K49G,48,0.4373144726636404,0.5746242,0.13730970813012183,0.13730970813012183
6ACV.pdb,K49M,48,-0.2398652256545173,0.13593945,0.37580467472640144,0.37580467472640144
6ACV.pdb,K49L,48,-0.3288621685726256,0.14682963,0.4756918034774871,0.4756918034774871
6ACV.pdb,K49V,48,0.2107578954147992,0.5115428,0.3007849016738239,0.3007849016738239
6ACV.pdb,K49I,48,0.0028245032137661,0.36980602,0.366981518238184,0.366981518238184
6ACV.pdb,K49W,48,0.0939617326894999,0.4340363,0.34007458179795735,0.34007458179795735
6ACV.pdb,K49Y,48,0.0139199222606456,0.4644135,0.45049357161104325,0.45049357161104325
6ACV.pdb,K49F,48,-0.3025575020360325,0.48943746,0.7919949629353855,0.7919949629353855
6ACV.pdb,K49C,48,0.2358296418624563,0.12152514,-0.11430450324589442,0.11430450324589442
6ACV.pdb,S50Q,49,0.0673637490979235,-0.18178383,-0.24914757425699638,0.24914757425699638
6ACV.pdb,S50E,49,-0.1646665492625558,-0.010205522,0.15446102708295223,0.15446102708295223
6ACV.pdb,S50N,49,0.0328318121153277,0.12823166,0.09539984741626562,0.09539984741626562
6ACV.pdb,S50H,49,0.2524878000587924,0.07476398,-0.17772381657070951,0.17772381657070951
6ACV.pdb,S50D,49,-0.1948140341505717,0.22325158,0.4180656153425883,0.4180656153425883
6ACV.pdb,S50R,49,0.0830058682763956,-0.09759909,-0.180604957422056,0.180604957422056
6ACV.pdb,S50K,49,0.0282008240564861,-0.12985136,-0.1580521802052059,0.1580521802052059
6ACV.pdb,S50T,49,-0.2023363851856436,0.21129248,0.4136288606476034,0.4136288606476034
6ACV.pdb,S50A,49,-0.0501686598682553,-0.24381801,-0.1936493549918979,0.1936493549918979
6ACV.pdb,S50G,49,0.4874395712226453,0.39901838,-0.08842119415698674,0.08842119415698674
6ACV.pdb,S50M,49,-0.0654686200785197,-0.23682228,-0.17135365722899068,0.17135365722899068
6ACV.pdb,S50L,49,0.0706879980281742,-0.16873783,-0.23942582675971108,0.23942582675971108
6ACV.pdb,S50V,49,0.3072485554500299,0.31538686,0.008138306112699,0.008138306112699
6ACV.pdb,S50I,49,0.3620657314371129,0.0611165,-0.3009492297481557,0.3009492297481557
6ACV.pdb,S50W,49,0.5535527450273294,0.12599671,-0.42755603615739535,0.42755603615739535
6ACV.pdb,S50Y,49,0.4017631152784986,0.18246336,-0.2192997524655027,0.2192997524655027
6ACV.pdb,S50F,49,0.2848847754909887,0.18479678,-0.10008799514316458,0.10008799514316458
6ACV.pdb,S50C,49,0.3645806114438992,-0.21215191,-0.5767325262788754,0.5767325262788754
6ACV.pdb,H51Q,50,2.107033742672255,0.75913715,-1.347896589046767,1.347896589046767
6ACV.pdb,H51E,50,2.9331652639715915,1.2429042,-1.6902610777228122,1.6902610777228122
6ACV.pdb,H51N,50,0.5995074337622563,0.14425552,-0.4552519148489873,0.4552519148489873
6ACV.pdb,H51D,50,2.9371093613344814,1.2645414,-1.672567973776498,1.672567973776498
6ACV.pdb,H51R,50,1.7830634076017229,0.4628508,-1.3202125985044328,1.3202125985044328
6ACV.pdb,H51K,50,1.9519460797723276,0.68915826,-1.2627878189500314,1.2627878189500314
6ACV.pdb,H51T,50,2.1803877799203746,0.69757265,-1.4828151313951365,1.4828151313951365
6ACV.pdb,H51S,50,2.0763962564340748,0.7008237,-1.3755725321642078,1.3755725321642078
6ACV.pdb,H51A,50,2.224735953717003,1.090516,-1.1342199825332262,1.1342199825332262
6ACV.pdb,H51G,50,3.0576634628040367,1.3166997,-1.7409637195331626,1.7409637195331626
6ACV.pdb,H51M,50,1.964488289428885,0.777184,-1.1873042798768831,1.1873042798768831
6ACV.pdb,H51L,50,2.9844638351959505,0.8004425,-2.184021318392209,2.184021318392209
6ACV.pdb,H51V,50,2.339167894041944,0.7324445,-1.6067233692769292,1.6067233692769292
6ACV.pdb,H51I,50,2.7325383272002983,0.75472987,-1.977808460218792,1.977808460218792
6ACV.pdb,H51W,50,1.559294624653141,0.35005945,-1.209235174980442,1.209235174980442
6ACV.pdb,H51Y,50,1.051849199496262,0.12650377,-0.9253454339132237,0.9253454339132237
6ACV.pdb,H51F,50,1.0992941766213,0.34782624,-0.7514679341744006,0.7514679341744006
6ACV.pdb,H51C,50,1.909151091454342,0.07831979,-1.830831303475216,1.830831303475216
6ACV.pdb,P52Q,51,1.2497410562044815,0.6934839,-0.5562571671015457,0.5562571671015457
6ACV.pdb,P52E,51,1.0317216280054,0.7183683,-0.3133533361505416,0.3133533361505416
6ACV.pdb,P52N,51,1.5383817708247665,0.6920623,-0.8463194524997237,0.8463194524997237
6ACV.pdb,P52H,51,1.274150000583872,0.6728632,-0.6012868151781408,0.6012868151781408
6ACV.pdb,P52D,51,1.0743390956917274,0.8681201,-0.2062190214195716,0.2062190214195716
6ACV.pdb,P52R,51,1.358236635813058,0.7489271,-0.609309519419015,0.609309519419015
6ACV.pdb,P52K,51,0.956000315678902,0.6538616,-0.30213873339969666,0.30213873339969666
6ACV.pdb,P52T,51,1.0846832772053197,0.8004758,-0.28420750100979353,0.28420750100979353
6ACV.pdb,P52S,51,1.1925862095704505,0.5925847,-0.6000014803758094,0.6000014803758094
6ACV.pdb,P52A,51,0.980263990878124,0.62916,-0.35110400390531515,0.35110400390531515
6ACV.pdb,P52G,51,1.2694232619235266,0.7812375,-0.48818577889892945,0.48818577889892945
6ACV.pdb,P52M,51,1.281883251370904,0.71585166,-0.5660315868277521,0.5660315868277521
6ACV.pdb,P52L,51,1.1023315923231634,0.7262592,-0.3760724203604253,0.3760724203604253
6ACV.pdb,P52V,51,1.1726386434239222,0.70649844,-0.46614019934356943,0.46614019934356943
6ACV.pdb,P52I,51,1.4737816012972365,0.78664815,-0.6871334470385084,0.6871334470385084
6ACV.pdb,P52W,51,1.5478142242986646,0.7575419,-0.7902723293859448,0.7902723293859448
6ACV.pdb,P52Y,51,1.5268263349176814,0.7808176,-0.7460087070108821,0.7460087070108821
6ACV.pdb,P52F,51,1.5423358855590037,0.8216145,-0.7207213816985301,0.7207213816985301
6ACV.pdb,P52C,51,1.758523330999913,0.452313,-1.3062103250756882,1.3062103250756882
6ACV.pdb,G53Q,52,1.126340528460244,0.94936913,-0.1769713959414756,0.1769713959414756
6ACV.pdb,G53E,52,0.8647383064990388,0.96932346,0.10458514978834521,0.10458514978834521
6ACV.pdb,G53N,52,0.3463851013181553,0.58529663,0.2389115295412197,0.2389115295412197
6ACV.pdb,G53H,52,1.0210253380682948,0.856989,-0.16403631199865365,0.16403631199865365
6ACV.pdb,G53D,52,0.5647316632317096,0.6232607,0.05852901362909968,0.05852901362909968
6ACV.pdb,G53R,52,1.3562010421961803,1.1881385,-0.16806255724134633,0.16806255724134633
6ACV.pdb,G53K,52,1.11256828112366,1.0871676,-0.025400660464785396,0.025400660464785396
6ACV.pdb,G53T,52,1.3137009020721035,1.1047082,-0.20899270733943753,0.20899270733943753
6ACV.pdb,G53S,52,0.9968623299423952,0.8490725,-0.14778981397788715,0.14778981397788715
6ACV.pdb,G53A,52,1.1613707893635496,1.1371703,-0.02420047457473129,0.02420047457473129
6ACV.pdb,G53M,52,1.1622513115085276,1.0363531,-0.12589820024143772,0.12589820024143772
6ACV.pdb,G53L,52,1.155210896622381,1.0336387,-0.12157218087836252,0.12157218087836252
6ACV.pdb,G53V,52,1.5608165510250274,1.3883302,-0.1724863298488799,0.1724863298488799
6ACV.pdb,G53I,52,1.4880562010181633,1.3786256,-0.10943056968576581,0.10943056968576581
6ACV.pdb,G53W,52,1.166847592796492,0.9427548,-0.22409278770844887,0.22409278770844887
6ACV.pdb,G53Y,52,1.3505208979716268,0.8668866,-0.48363428221845295,0.48363428221845295
6ACV.pdb,G53F,52,1.126174172985055,0.7102611,-0.4159130664939661,0.4159130664939661
6ACV.pdb,G53P,52,1.999212235710196,1.3764672,-0.622745007774405,0.622745007774405
6ACV.pdb,G53C,52,0.9558978945037656,0.4863552,-0.4695427089950376,0.4695427089950376
6ACV.pdb,N54Q,53,0.2056240353776672,0.1934093,-0.012214741487667824,0.012214741487667824
6ACV.pdb,N54E,53,0.3538586921929969,-0.39268243,-0.7465411253213539,0.7465411253213539
6ACV.pdb,N54H,53,0.956510115647534,0.095709,-0.860801112139443,0.860801112139443
6ACV.pdb,N54D,53,1.987716455147061,-0.695714,-2.683430452034268,2.683430452034268
6ACV.pdb,N54R,53,2.331922651341129,0.75275826,-1.579164386799503,1.579164386799503
6ACV.pdb,N54K,53,2.014362292614233,0.7868426,-1.2275197080042477,1.2275197080042477
6ACV.pdb,N54T,53,0.7535932831695376,0.17588198,-0.5777113013198671,0.5777113013198671
6ACV.pdb,N54S,53,-0.0893559577209845,-0.07223086,0.01712509713004974,0.01712509713004974
6ACV.pdb,N54A,53,0.5277264007032074,0.40601164,-0.12171475967766421,0.12171475967766421
6ACV.pdb,N54G,53,-0.118944566743842,0.2295254,0.3484699689321431,0.3484699689321431
6ACV.pdb,N54M,53,0.4007696294891545,-0.017791063,-0.4185606920826146,0.4185606920826146
6ACV.pdb,N54L,53,1.6661645323550682,-0.14638205,-1.81254658108115,1.81254658108115
6ACV.pdb,N54V,53,1.5252311974100476,0.46675414,-1.0584770589403516,1.0584770589403516
6ACV.pdb,N54I,53,2.055688190078117,0.36728626,-1.6884019251817244,1.6884019251817244
6ACV.pdb,N54W,53,1.6486841367249128,-0.017812029,-1.6664961652521726,1.6664961652521726
6ACV.pdb,N54Y,53,1.58420895771111,-0.17065443,-1.7548633886965608,1.7548633886965608
6ACV.pdb,N54F,53,1.777252412187805,0.06125783,-1.7159945804355048,1.7159945804355048
6ACV.pdb,N54P,53,0.9283668112939008,1.2276812,0.2993143486792438,0.2993143486792438
6ACV.pdb,N54C,53,1.20458129147156,-0.29338932,-1.497970611845095,1.497970611845095
6ACV.pdb,P55Q,54,1.6105261079570468,1.5433223,-0.06720378320423914,0.06720378320423914
6ACV.pdb,P55E,54,1.801863264146239,1.7774241,-0.02443916708508187,0.02443916708508187
6ACV.pdb,P55N,54,1.6507763381635248,1.5753462,-0.07543010670295347,0.07543010670295347
6ACV.pdb,P55H,54,0.936557039171098,1.4795215,0.5429644738141315,0.5429644738141315
6ACV.pdb,P55D,54,2.079693134449001,1.714874,-0.36481910528945516,0.36481910528945516
6ACV.pdb,P55R,54,1.987688323122821,1.7835983,-0.20409001932796023,0.20409001932796023
6ACV.pdb,P55K,54,2.0490160856408792,1.6242708,-0.42474528886506135,0.42474528886506135
6ACV.pdb,P55T,54,1.5768698045494016,1.6737033,0.09683350832443871,0.09683350832443871
6ACV.pdb,P55S,54,1.6463635377496555,1.4123931,-0.23397044464052463,0.23397044464052463
6ACV.pdb,P55A,54,0.9805772231451552,1.0609498,0.08037257925352648,0.08037257925352648
6ACV.pdb,P55G,54,1.2622481786561957,1.4785112,0.21626303560009097,0.21626303560009097
6ACV.pdb,P55M,54,1.640131385244321,1.3764371,-0.2636943172587862,0.2636943172587862
6ACV.pdb,P55L,54,1.252000182667754,1.3384576,0.08645740171334948,0.08645740171334948
6ACV.pdb,P55V,54,0.995027910228715,1.3309869,0.33595894718553065,0.33595894718553065
6ACV.pdb,P55I,54,1.0772319563251476,1.3414829,0.2642509214061757,0.2642509214061757
6ACV.pdb,P55W,54,-0.0224179999041496,1.4183458,1.4407638088869987,1.4407638088869987
6ACV.pdb,P55Y,54,1.1007678996221433,1.3832512,0.2824832905634036,0.2824832905634036
6ACV.pdb,P55F,54,1.2094896299045477,1.2131675,0.0036779182750787953,0.0036779182750787953
6ACV.pdb,P55C,54,1.6876031225280763,0.950377,-0.7372261350708009,0.7372261350708009
6ACV.pdb,A56Q,55,0.1439157340431878,0.4484253,0.3045095589255622,0.3045095589255622
6ACV.pdb,A56E,55,-0.0719028775306904,0.4218086,0.4937114779564106,0.4937114779564106
6ACV.pdb,A56N,55,-0.2382881546483104,0.17732799,0.4156161451802318,0.4156161451802318
6ACV.pdb,A56H,55,-0.1927597204533855,0.46490273,0.6576624492493908,0.6576624492493908
6ACV.pdb,A56D,55,-0.5234710413439285,0.13764884,0.6611198771221649,0.6611198771221649
6ACV.pdb,A56R,55,0.4036544965156556,0.44967246,0.04601796404037467,0.04601796404037467
6ACV.pdb,A56K,55,0.1854581505631305,0.31942287,0.1339647203112744,0.1339647203112744
6ACV.pdb,A56T,55,-0.047774825196786,0.05792871,0.10570353637270458,0.10570353637270458
6ACV.pdb,A56S,55,-0.1854229257628956,-0.17437017,0.011052756123308194,0.011052756123308194
6ACV.pdb,A56G,55,-0.1372308432923206,0.24860719,0.38583803175553166,0.38583803175553166
6ACV.pdb,A56M,55,0.383752060198133,0.6375569,0.2538048503166985,0.2538048503166985
6ACV.pdb,A56L,55,0.2465060853566871,0.39193183,0.14542574648001333,0.14542574648001333
6ACV.pdb,A56V,55,0.4433210620428074,0.44255248,-0.0007685849214542628,0.0007685849214542628
6ACV.pdb,A56I,55,0.741267661055045,0.55852294,-0.1827447213730382,0.1827447213730382
6ACV.pdb,A56W,55,1.2794653892025825,0.68869954,-0.5907658457264777,0.5907658457264777
6ACV.pdb,A56Y,55,0.8356986660579016,0.70775706,-0.12794161029847162,0.12794161029847162
6ACV.pdb,A56F,55,0.9425351624222827,0.8137762,-0.12875896737299686,0.12875896737299686
6ACV.pdb,A56P,55,-0.6226922462170466,-0.27062356,0.35206868149689274,0.35206868149689274
6ACV.pdb,A56C,55,0.436813202078838,0.2202988,-0.21651440518667187,0.21651440518667187
6ACV.pdb,I57Q,56,0.8204368571352996,1.0797595,0.2593226214337312,0.2593226214337312
6ACV.pdb,I57E,56,0.6359615518464317,1.0268816,0.39092002373797996,0.39092002373797996
6ACV.pdb,I57N,56,1.460795449699544,1.6770138,0.21621830514512164,0.21621830514512164
6ACV.pdb,I57H,56,1.4120171798384242,1.2736417,-0.13837547432542374,0.13837547432542374
6ACV.pdb,I57D,56,1.534596791602458,1.3481497,-0.18644713435300742,0.18644713435300742
6ACV.pdb,I57R,56,1.41739776268848,1.6404052,0.22300741538158841,0.22300741538158841
6ACV.pdb,I57K,56,1.275302547462075,1.4319389,0.1566363391803811,0.1566363391803811
6ACV.pdb,I57T,56,1.2294752022364577,1.1384774,-0.090997757587715,0.090997757587715
6ACV.pdb,I57S,56,0.6704160227059899,1.2832229,0.6128068910360756,0.6128068910360756
6ACV.pdb,I57A,56,0.3572368711258926,0.82187724,0.46464037000875097,0.46464037000875097
6ACV.pdb,I57G,56,1.3270945604905924,1.4883533,0.1612586919202963,0.1612586919202963
6ACV.pdb,I57M,56,0.0314208260896364,0.58772755,0.5563067206022582,0.5563067206022582
6ACV.pdb,I57L,56,-0.1167362675520475,0.057926655,0.17466292236772132,0.17466292236772132
6ACV.pdb,I57V,56,0.5003838303919421,0.4206313,-0.07975254090982542,0.07975254090982542
6ACV.pdb,I57W,56,0.9391934714254236,0.63767946,-0.3015140137609339,0.3015140137609339
6ACV.pdb,I57Y,56,0.0599455066198553,0.86163616,0.8016906551843439,0.8016906551843439
6ACV.pdb,I57F,56,-0.1958592045007678,0.6922951,0.8881542789636584,0.8881542789636584
6ACV.pdb,I57P,56,0.4228955126477154,0.89922005,0.4763245367335407,0.4763245367335407
6ACV.pdb,I57C,56,1.0954986731168674,0.6868533,-0.4086453835126804,0.4086453835126804
6ACV.pdb,A58Q,57,-0.2117205195328355,0.20116283,0.41288334952799083,0.41288334952799083
6ACV.pdb,A58E,57,-0.8436486413577877,0.17841315,1.0220617940524899,1.0220617940524899
6ACV.pdb,A58N,57,-0.2541159371943022,0.1884645,0.4425804297537352,0.4425804297537352
6ACV.pdb,A58H,57,-0.3681738653422703,0.2561278,0.6243016698600163,0.6243016698600163
6ACV.pdb,A58D,57,-0.484085302494222,0.17569245,0.6597777564746679,0.6597777564746679
6ACV.pdb,A58R,57,0.1655850703088925,0.3495592,0.18397411758020663,0.18397411758020663
6ACV.pdb,A58K,57,0.2249159351626,0.2195183,-0.005397631291445215,0.005397631291445215
6ACV.pdb,A58T,57,-0.3782497414947645,0.06309986,0.441349602639784,0.441349602639784
6ACV.pdb,A58S,57,-0.3881368860835699,-0.061526835,0.3266100511188177,0.3266100511188177
6ACV.pdb,A58G,57,-0.16139050164039,0.30257493,0.46396543421561587,0.46396543421561587
6ACV.pdb,A58M,57,0.3192830930264678,0.2906683,-0.02861478429157399,0.02861478429157399
6ACV.pdb,A58V,57,0.1558859369649803,0.41067478,0.2547888436422432,0.2547888436422432
6ACV.pdb,A58I,57,0.237954520620236,0.44920063,0.21124610956775228,0.21124610956775228
6ACV.pdb,A58W,57,-0.6622327716500771,0.28915218,0.9513849468381417,0.9513849468381417
6ACV.pdb,A58Y,57,-0.1816533876492245,0.36655626,0.5482096446587308,0.5482096446587308
6ACV.pdb,A58F,57,0.005639442525446,0.42839745,0.4227580043453578,0.4227580043453578
6ACV.pdb,A58P,57,1.4061105770388305,0.7458242,-0.6602863592425048,0.6602863592425048
6ACV.pdb,A58C,57,0.0935667024944524,-0.029925883,-0.1234925853107671,0.1234925853107671
6ACV.pdb,E59Q,58,0.5423257713509915,0.1435641,-0.39876166631711696,0.39876166631711696
6ACV.pdb,E59N,58,1.05214305290476,1.0084429,-0.043700174181615425,0.043700174181615425
6ACV.pdb,E59H,58,1.0089790203738114,0.79717517,-0.2118038513827225,0.2118038513827225
6ACV.pdb,E59D,58,0.2617977994517799,0.64098775,0.37918995441632314,0.37918995441632314
6ACV.pdb,E59R,58,1.319100149967599,0.90050733,-0.41859281907312873,0.41859281907312873
6ACV.pdb,E59K,58,1.4877223920223708,0.5897651,-0.8979573201534743,0.8979573201534743
6ACV.pdb,E59T,58,0.877573210633374,0.6579115,-0.21966173116026,0.21966173116026
6ACV.pdb,E59S,58,0.5836084565536059,0.4315663,-0.15204215854564085,0.15204215854564085
6ACV.pdb,E59A,58,0.3108836180319754,0.05816579,-0.2527178293814627,0.2527178293814627
6ACV.pdb,E59G,58,1.5324876788456905,0.87564266,-0.6568450215657222,0.6568450215657222
6ACV.pdb,E59M,58,0.3504872061389075,0.25832516,-0.09216204658919436,0.09216204658919436
6ACV.pdb,E59L,58,0.4442623204741354,0.43014857,-0.014113748744475352,0.014113748744475352
6ACV.pdb,E59V,58,0.9707664436289276,0.70419264,-0.2665738052317108,0.2665738052317108
6ACV.pdb,E59I,58,1.321530217937659,0.7289302,-0.5926000426332461,0.5926000426332461
6ACV.pdb,E59W,58,1.05256754936473,0.91077346,-0.1417940932680808,0.1417940932680808
6ACV.pdb,E59Y,58,1.1249704807301113,0.8633892,-0.26158128671842307,0.26158128671842307
6ACV.pdb,E59F,58,0.9419428234049364,0.86536545,-0.07657737779107532,0.07657737779107532
6ACV.pdb,E59P,58,2.733678329996922,1.9016137,-0.832064617686131,0.832064617686131
6ACV.pdb,E59C,58,-0.0955835858453584,0.26230705,0.3578906336892915,0.3578906336892915
6ACV.pdb,F60E,59,3.347022666664326,2.3824534,-0.9645692250444529,0.9645692250444529
6ACV.pdb,F60N,59,3.358541813898148,2.0546496,-1.3038922224522254,1.3038922224522254
6ACV.pdb,F60D,59,3.419909086100642,1.9961798,-1.4237292669935862,1.4237292669935862
6ACV.pdb,F60R,59,2.759237329632443,2.2203298,-0.5389075681273159,0.5389075681273159
6ACV.pdb,F60K,59,2.395142822495907,2.4862738,0.09113094306805802,0.09113094306805802
6ACV.pdb,F60T,59,3.603215561774805,2.1044793,-1.4987362488780764,1.4987362488780764
6ACV.pdb,F60S,59,3.12642214363188,2.137747,-0.9886750943002149,0.9886750943002149
6ACV.pdb,F60A,59,3.256153791778273,2.1520257,-1.1041280921627945,1.1041280921627945
6ACV.pdb,F60G,59,3.445741242726408,2.0132923,-1.4324489301043375,1.4324489301043375
6ACV.pdb,F60M,59,2.859902241473479,1.7182739,-1.1416283633759448,1.1416283633759448
6ACV.pdb,F60L,59,2.861046815214769,1.6131004,-1.2479464057070175,1.2479464057070175
6ACV.pdb,F60V,59,2.4615078056313617,1.7772924,-0.6842154348351581,0.6842154348351581
6ACV.pdb,F60I,59,3.0501560964968766,1.3995957,-1.6505603590396012,1.6505603590396012
6ACV.pdb,F60W,59,2.604314416619296,0.94096833,-1.6633460819444608,1.6633460819444608
6ACV.pdb,F60Y,59,1.90893509076955,0.3018055,-1.6071295945537296,1.6071295945537296
6ACV.pdb,F60C,59,2.6852357667661604,1.4767933,-1.20844247758159,1.20844247758159
6ACV.pdb,D61Q,60,0.778243300783874,0.18160063,-0.5966426705005183,0.5966426705005183
6ACV.pdb,D61E,60,0.7576425236412523,0.34161144,-0.4160310786911485,0.4160310786911485
6ACV.pdb,D61N,60,0.5926081993475125,-0.051137924,-0.6437461235418485,0.6437461235418485
6ACV.pdb,D61H,60,0.7087144430913028,0.29387173,-0.41484271252527805,0.41484271252527805
6ACV.pdb,D61R,60,1.1049293778942548,0.1743234,-0.9306059829996549,0.9306059829996549
6ACV.pdb,D61K,60,0.7713968480511861,0.15622763,-0.6151692146941381,0.6151692146941381
6ACV.pdb,D61T,60,0.5057122941673744,0.106695026,-0.3990172680080879,0.3990172680080879
6ACV.pdb,D61S,60,0.4456707270343805,-0.088326454,-0.5339971811969781,0.5339971811969781
6ACV.pdb,D61A,60,1.1740937339807334,0.28112516,-0.8929685759092154,0.8929685759092154
6ACV.pdb,D61G,60,1.5974086907056129,0.5125018,-1.0849069144871986,1.0849069144871986
6ACV.pdb,D61M,60,1.195364759794237,0.49280617,-0.7025585933837908,0.7025585933837908
6ACV.pdb,D61L,60,1.0077294224072777,0.42099512,-0.586734306173452,0.586734306173452
6ACV.pdb,D61V,60,0.6331387957792804,0.5409804,-0.0921583971243427,0.0921583971243427
6ACV.pdb,D61I,60,0.5979902246510207,0.49941012,-0.09858010201804035,0.09858010201804035
6ACV.pdb,D61W,60,1.559331347821904,0.7527244,-0.8066069387185104,0.8066069387185104
6ACV.pdb,D61Y,60,1.106357964353932,0.70561373,-0.4007442320159804,0.4007442320159804
6ACV.pdb,D61F,60,1.2672088644774062,0.78900456,-0.4782043001921279,0.4782043001921279
6ACV.pdb,D61P,60,2.3066534759722237,0.9022949,-1.4043586017809395,1.4043586017809395
6ACV.pdb,D61C,60,0.8163392506862646,0.22357684,-0.5927624069477087,0.5927624069477087
6ACV.pdb,W62Q,61,2.68754466348634,1.1798757,-1.5076689320181393,1.5076689320181393
6ACV.pdb,W62E,61,3.5226020179871664,0.98726237,-2.535339649784957,2.535339649784957
6ACV.pdb,W62N,61,2.696331358838863,1.1270705,-1.5692608126886554,1.5692608126886554
6ACV.pdb,W62H,61,2.9702140519353533,0.9074257,-2.0627883503171587,2.0627883503171587
6ACV.pdb,W62D,61,3.226184345187745,1.1388597,-2.087324596347413,2.087324596347413
6ACV.pdb,W62R,61,2.9052653851436583,1.2540852,-1.6511802020000426,1.6511802020000426
6ACV.pdb,W62K,61,3.607890756057818,1.1802171,-2.427673609184344,2.427673609184344
6ACV.pdb,W62T,61,2.8364520802741784,1.0326676,-1.8037844434028405,1.8037844434028405
6ACV.pdb,W62S,61,3.237442279417757,1.0256431,-2.2117991691424885,2.2117991691424885
6ACV.pdb,W62A,61,3.037896730282799,0.98104835,-2.056848384717003,2.056848384717003
6ACV.pdb,W62G,61,3.1192454803829,1.2469631,-1.872282337034206,1.872282337034206
6ACV.pdb,W62M,61,2.287316333116596,0.5919093,-1.6954070437565498,1.6954070437565498
6ACV.pdb,W62L,61,2.3600318778510267,0.9545577,-1.4054741610045607,1.4054741610045607
6ACV.pdb,W62V,61,2.618139839542699,0.8616866,-1.75645325220902,1.75645325220902
6ACV.pdb,W62I,61,2.534116871039889,0.9610084,-1.5731084415126064,1.5731084415126064
6ACV.pdb,W62Y,61,1.982362178144776,0.3795935,-1.6027686865905157,1.6027686865905157
6ACV.pdb,W62F,61,0.5067076527221266,0.0007520318,-0.5059556209189955,0.5059556209189955
6ACV.pdb,W62P,61,3.267628414002708,0.7029019,-2.564726514188102,2.564726514188102
6ACV.pdb,W62C,61,1.8519548350607664,0.31353438,-1.5384204560553343,1.5384204560553343
6ACV.pdb,T63Q,62,0.6404254040690134,0.73590505,0.0954796471623709,0.0954796471623709
6ACV.pdb,T63E,62,0.2754165656171037,0.8179104,0.5424938075938033,0.5424938075938033
6ACV.pdb,T63N,62,0.1547410220235234,0.24476337,0.09002235230508987,0.09002235230508987
6ACV.pdb,T63H,62,0.5154876936602495,0.6907799,0.1752922307324507,0.1752922307324507
6ACV.pdb,T63D,62,0.3039970055060665,0.38246563,0.0784686252636631,0.0784686252636631
6ACV.pdb,T63R,62,0.3418767882683884,0.6331155,0.2912386821410049,0.2912386821410049
6ACV.pdb,T63K,62,0.5679058491307098,0.6069459,0.03904002317611388,0.03904002317611388
6ACV.pdb,T63S,62,-0.2782174559117876,-0.0839926,0.1942248554708086,0.1942248554708086
6ACV.pdb,T63A,62,0.3433861933909661,0.6095123,0.2661261357105964,0.2661261357105964
6ACV.pdb,T63G,62,-0.0707326149734837,0.5179764,0.5887090182098729,0.5887090182098729
6ACV.pdb,T63M,62,0.7822236716428324,0.93690133,0.15467765930504362,0.15467765930504362
6ACV.pdb,T63L,62,1.1279525975132252,0.85274994,-0.27520265378000985,0.27520265378000985
6ACV.pdb,T63V,62,1.0980369688455285,0.85571134,-0.24232562794129264,0.24232562794129264
6ACV.pdb,T63I,62,1.1303576995676416,0.92604715,-0.20431055324729863,0.20431055324729863
6ACV.pdb,T63W,62,1.1898194738665755,0.9986144,-0.191205103043669,0.191205103043669
6ACV.pdb,T63Y,62,0.6899561770474261,0.8615085,0.17155231160766427,0.17155231160766427
6ACV.pdb,T63F,62,1.0226925070253232,0.9507954,-0.07189709496172458,0.07189709496172458
6ACV.pdb,T63P,62,1.7179588876467546,0.7538619,-0.9640969835024675,0.9640969835024675
6ACV.pdb,T63C,62,0.2147187734739679,0.49102506,0.27630628694130005,0.27630628694130005
6ACV.pdb,T64Q,63,0.6749903791499419,0.50766826,-0.1673221223902983,0.1673221223902983
6ACV.pdb,T64E,63,0.7206792926437391,0.4372923,-0.28338698502845894,0.28338698502845894
6ACV.pdb,T64N,63,0.2834074915714675,0.4493891,0.16598160850330057,0.16598160850330057
6ACV.pdb,T64H,63,-0.1088540853065973,0.39391893,0.5027730167908198,0.5027730167908198
6ACV.pdb,T64D,63,0.5086457468924666,0.49603403,-0.012611720746531496,0.012611720746531496
6ACV.pdb,T64R,63,0.1272444328092974,0.6230258,0.4957813421464521,0.4957813421464521
6ACV.pdb,T64K,63,0.6349184128877035,0.5773485,-0.05756994219983724,0.05756994219983724
6ACV.pdb,T64S,63,0.0873040904203494,0.20787193,0.12056783839072391,0.12056783839072391
6ACV.pdb,T64A,63,-0.2335718268367177,0.3254817,0.5590535396548635,0.5590535396548635
6ACV.pdb,T64G,63,0.2546536068098035,0.55525994,0.3006063361986194,0.3006063361986194
6ACV.pdb,T64M,63,0.2290103903768803,0.39298683,0.16397644367234454,0.16397644367234454
6ACV.pdb,T64L,63,-0.0849231885439434,0.3264702,0.41139338479104426,0.41139338479104426
6ACV.pdb,T64V,63,-0.5533980061392914,-0.013557166,0.5398408402781616,0.5398408402781616
6ACV.pdb,T64I,63,-0.3115602975400953,0.103263825,0.41482412271824165,0.41482412271824165
6ACV.pdb,T64W,63,-0.2589183269569095,0.23491499,0.4938333152362521,0.4938333152362521
6ACV.pdb,T64Y,63,-0.3269762774343494,0.27293846,0.5999147375459675,0.5999147375459675
6ACV.pdb,T64F,63,-0.2113954484984166,0.31759956,0.5289950132891423,0.5289950132891423
6ACV.pdb,T64P,63,-0.0845292275256079,0.39658314,0.4811123674220007,0.4811123674220007
6ACV.pdb,T64C,63,0.2292027654460966,0.05271402,-0.1764887454322874,0.1764887454322874
6ACV.pdb,S65Q,64,0.0107443409786744,0.061619386,0.05087504509825279,0.05087504509825279
6ACV.pdb,S65E,64,-0.0733676451889047,0.13022111,0.20358875875148863,0.20358875875148863
6ACV.pdb,S65N,64,-0.1678400898753533,-0.018247075,0.14959301449645848,0.14959301449645848
6ACV.pdb,S65H,64,-0.0186337297485437,0.037878282,0.05651201211672684,0.05651201211672684
6ACV.pdb,S65D,64,-0.2104153601247365,0.13551602,0.3459313778001363,0.3459313778001363
6ACV.pdb,S65R,64,0.1824642058134946,0.06968625,-0.11277795691498843,0.11277795691498843
6ACV.pdb,S65K,64,-0.0622837659803252,0.009421736,0.07170550198229358,0.07170550198229358
6ACV.pdb,S65T,64,-0.1697370036632213,0.09092897,0.26066597543064685,0.26066597543064685
6ACV.pdb,S65A,64,-0.145453247440312,0.0042903423,0.1497435897712446,0.1497435897712446
6ACV.pdb,S65G,64,-0.1161546537012121,0.19883227,0.31498692718448845,0.31498692718448845
6ACV.pdb,S65M,64,-0.0088153433150757,0.09035699,0.0991723340100754,0.0991723340100754
6ACV.pdb,S65L,64,0.1116190827003502,0.0716851,-0.03993398458872072,0.03993398458872072
6ACV.pdb,S65V,64,-0.0085718679142283,0.06256677,0.07113864001753793,0.07113864001753793
6ACV.pdb,S65I,64,0.0739119149980207,0.036300406,-0.0376115091380735,0.0376115091380735
6ACV.pdb,S65W,64,0.2165453762239959,0.0994252,-0.11712017957635185,0.11712017957635185
6ACV.pdb,S65Y,64,0.0078216186678274,0.121092975,0.11327135647179051,0.11327135647179051
6ACV.pdb,S65F,64,0.0984634184088273,0.19820262,0.09973920650820303,0.09973920650820303
6ACV.pdb,S65P,64,-0.7070221134803507,0.42840242,1.1354245373389933,1.1354245373389933
6ACV.pdb,G66Q,65,0.0686077624381225,0.048876215,-0.019731547665659654,0.019731547665659654
6ACV.pdb,G66E,65,-0.0098820398477124,-0.028159197,-0.018277157572169418,0.018277157572169418
6ACV.pdb,G66N,65,-0.0427282628039753,-0.063041866,-0.020313603021677777,0.020313603021677777
6ACV.pdb,G66H,65,0.0768767699638166,0.0063379146,-0.07053885534794707,0.07053885534794707
6ACV.pdb,G66D,65,-0.1757863137539712,-0.03376946,0.14201685522163782,0.14201685522163782
6ACV.pdb,G66R,65,0.3479001193312143,0.10574035,-0.24215976586613402,0.24215976586613402
6ACV.pdb,G66K,65,0.1721227049554263,0.008182056,-0.1639406487072383,0.1639406487072383
6ACV.pdb,G66T,65,-0.0400548923525363,0.033817995,0.07387288769216833,0.07387288769216833
6ACV.pdb,G66S,65,-0.0405114335580387,-0.071339294,-0.030827860756345762,0.030827860756345762
6ACV.pdb,G66A,65,-0.0905861078658842,-0.07361443,0.01697167445810069,0.01697167445810069
6ACV.pdb,G66M,65,0.0502350375120244,0.02926841,-0.020966627455194946,0.020966627455194946
6ACV.pdb,G66L,65,-0.1275954478005845,-0.038835768,0.08875968014401978,0.08875968014401978
6ACV.pdb,G66V,65,-0.0428468317292685,0.009657327,0.052504158815001915,0.052504158815001915
6ACV.pdb,G66I,65,-0.0474463273136738,0.038075365,0.08552169243980676,0.08552169243980676
6ACV.pdb,G66W,65,0.2768137336485394,0.015987348,-0.2608263858370789,0.2608263858370789
6ACV.pdb,G66Y,65,0.2367321439374441,0.07747333,-0.15925881641993464,0.15925881641993464
6ACV.pdb,G66F,65,-0.0292201382395642,0.15108177,0.18030190889805725,0.18030190889805725
6ACV.pdb,G66P,65,-0.1052866389678834,-0.105293974,-7.335312473960576e-06,7.335312473960576e-06
6ACV.pdb,G66C,65,-0.1730889756949372,-0.19634151,-0.023252538892465147,0.023252538892465147
HEEH_KT_rd6_1415.pdb,S1Q,0,0.2978214371733529,0.18763614,-0.11018530016468592,0.11018530016468592
HEEH_KT_rd6_1415.pdb,S1E,0,0.3570908657149276,0.2612116,-0.09587926183499901,0.09587926183499901
HEEH_KT_rd6_1415.pdb,S1N,0,0.148860877367686,-0.010846835,-0.1597077119974601,0.1597077119974601
HEEH_KT_rd6_1415.pdb,S1H,0,0.1959683004097705,0.036481097,-0.1594872030691867,0.1594872030691867
HEEH_KT_rd6_1415.pdb,S1D,0,0.3179596301210865,0.24643564,-0.07152398787865488,0.07152398787865488
HEEH_KT_rd6_1415.pdb,S1R,0,0.1708946587389528,0.09436425,-0.0765304105228006,0.0765304105228006
HEEH_KT_rd6_1415.pdb,S1K,0,0.2327476486854705,0.0035942793,-0.22915336939622488,0.22915336939622488
HEEH_KT_rd6_1415.pdb,S1T,0,0.0694995608027424,0.12399159,0.054492032915786345,0.054492032915786345
HEEH_KT_rd6_1415.pdb,S1A,0,0.1617133198188467,-0.03505101,-0.19676433036791516,0.19676433036791516
HEEH_KT_rd6_1415.pdb,S1G,0,0.2036925078980433,0.06652768,-0.13716482833547464,0.13716482833547464
HEEH_KT_rd6_1415.pdb,S1M,0,-0.0552467799671276,-0.054283775,0.0009630045779331145,0.0009630045779331145
HEEH_KT_rd6_1415.pdb,S1L,0,-0.1452544659547241,0.008644722,0.1538991883568199,0.1538991883568199
HEEH_KT_rd6_1415.pdb,S1V,0,0.0969691868285265,0.060900718,-0.03606846885481739,0.03606846885481739
HEEH_KT_rd6_1415.pdb,S1I,0,-0.0086982123194245,0.038838185,0.04753639768939291,0.04753639768939291
HEEH_KT_rd6_1415.pdb,S1W,0,-0.5369465823001565,-0.10634,0.430606583756894,0.430606583756894
HEEH_KT_rd6_1415.pdb,S1Y,0,-0.107020064421893,-0.03278193,0.0742381356441983,0.0742381356441983
HEEH_KT_rd6_1415.pdb,S1F,0,-0.1839322330267303,-0.039175488,0.14475674497197796,0.14475674497197796
HEEH_KT_rd6_1415.pdb,S1P,0,0.345839374519501,-0.03251136,-0.3783507354628184,0.3783507354628184
HEEH_KT_rd6_1415.pdb,S1C,0,-0.0684817609799739,-0.27634585,-0.20786408805719653,0.20786408805719653
HEEH_KT_rd6_1415.pdb,E2Q,1,-0.050406521887194,0.25864312,0.3090496424144615,0.3090496424144615
HEEH_KT_rd6_1415.pdb,E2N,1,-0.0012916035407042,0.20744568,0.2087372846358275,0.2087372846358275
HEEH_KT_rd6_1415.pdb,E2H,1,0.0489345081855452,0.23461178,0.18567727126582503,0.18567727126582503
HEEH_KT_rd6_1415.pdb,E2D,1,-0.1092254159832668,0.016558006,0.12578342238909718,0.12578342238909718
HEEH_KT_rd6_1415.pdb,E2R,1,0.0122674702902285,0.36377138,0.3515039087037595,0.3515039087037595
HEEH_KT_rd6_1415.pdb,E2K,1,0.0019945121408486,0.3179633,0.3159687899946189,0.3159687899946189
HEEH_KT_rd6_1415.pdb,E2T,1,0.0482608615129649,0.20679298,0.15853211891954547,0.15853211891954547
HEEH_KT_rd6_1415.pdb,E2S,1,0.0416686627274165,0.12480545,0.08313678771203663,0.08313678771203663
HEEH_KT_rd6_1415.pdb,E2A,1,-0.179510793801918,0.08573908,0.26524987739004136,0.26524987739004136
HEEH_KT_rd6_1415.pdb,E2G,1,0.2104661983681435,0.38847888,0.17801267679207378,0.17801267679207378
HEEH_KT_rd6_1415.pdb,E2M,1,-0.2370810754894003,0.2235994,0.46068047958600367,0.46068047958600367
HEEH_KT_rd6_1415.pdb,E2L,1,-0.432195338145577,0.1740458,0.6062411393082967,0.6062411393082967
HEEH_KT_rd6_1415.pdb,E2V,1,-0.0125719554965124,0.12718351,0.1397554673497305,0.1397554673497305
HEEH_KT_rd6_1415.pdb,E2I,1,-0.2811042888873265,0.17207217,0.4531764610522435,0.4531764610522435
HEEH_KT_rd6_1415.pdb,E2W,1,-0.5748092492467411,0.03244178,0.6072510292178639,0.6072510292178639
HEEH_KT_rd6_1415.pdb,E2Y,1,-0.283738033560784,0.1743893,0.4581273362913443,0.4581273362913443
HEEH_KT_rd6_1415.pdb,E2F,1,-0.3127712000864129,0.20532534,0.5180965353506188,0.5180965353506188
HEEH_KT_rd6_1415.pdb,E2P,1,-0.0067817972188919,0.11694799,0.12372979085502318,0.12372979085502318
HEEH_KT_rd6_1415.pdb,E2C,1,-0.2768009515371128,-0.02395749,0.2528434606160923,0.2528434606160923
HEEH_KT_rd6_1415.pdb,E3Q,2,-0.0084831149334561,0.013531581,0.022014695500816025,0.022014695500816025
HEEH_KT_rd6_1415.pdb,E3N,2,0.0051561202431145,0.041417517,0.03626139652486417,0.03626139652486417
HEEH_KT_rd6_1415.pdb,E3H,2,-0.0217024806499885,0.07295341,0.09465589109663233,0.09465589109663233
HEEH_KT_rd6_1415.pdb,E3D,2,0.0476709495333773,0.12257011,0.07489916281422554,0.07489916281422554
HEEH_KT_rd6_1415.pdb,E3R,2,-0.0826223076015151,-0.039284475,0.04333783245379094,0.04333783245379094
HEEH_KT_rd6_1415.pdb,E3K,2,-0.1139537185778647,-0.08983028,0.024123439227583934,0.024123439227583934
HEEH_KT_rd6_1415.pdb,E3T,2,0.0159148807273434,0.12581263,0.10989775409836308,0.10989775409836308
HEEH_KT_rd6_1415.pdb,E3S,2,0.0136833273217913,0.00399369,-0.009689637307905802,0.009689637307905802
HEEH_KT_rd6_1415.pdb,E3A,2,-0.0496532285739954,-0.06470545,-0.015052217788500022,0.015052217788500022
HEEH_KT_rd6_1415.pdb,E3G,2,0.0694920228960027,0.10664572,0.037153695320893354,0.037153695320893354
HEEH_KT_rd6_1415.pdb,E3M,2,0.031682833021934,0.04851848,0.01683564584845785,0.01683564584845785
HEEH_KT_rd6_1415.pdb,E3L,2,-0.045384565527434,0.02345255,0.06883711570023979,0.06883711570023979
HEEH_KT_rd6_1415.pdb,E3V,2,0.0999041991754308,0.123765595,0.023861396081851463,0.023861396081851463
HEEH_KT_rd6_1415.pdb,E3I,2,0.0925933290661231,0.11772619,0.02513286281219569,0.02513286281219569
HEEH_KT_rd6_1415.pdb,E3W,2,-0.2902369986088615,0.06562692,0.35586391787842325,0.35586391787842325
HEEH_KT_rd6_1415.pdb,E3Y,2,-0.1796962158827693,0.12042089,0.3001171039490611,0.3001171039490611
HEEH_KT_rd6_1415.pdb,E3F,2,-0.1969164447149611,0.18309477,0.3800112144312239,0.3800112144312239
HEEH_KT_rd6_1415.pdb,E3P,2,0.3343704657110597,0.06587769,-0.2684927747997667,0.2684927747997667
HEEH_KT_rd6_1415.pdb,E4Q,3,0.1236220144065676,-0.020520285,-0.14414229917848687,0.14414229917848687
HEEH_KT_rd6_1415.pdb,E4N,3,0.2056464284123071,0.2082669,0.002620470577370332,0.002620470577370332
HEEH_KT_rd6_1415.pdb,E4H,3,0.1852429812289959,0.082231805,-0.10301117650048791,0.10301117650048791
HEEH_KT_rd6_1415.pdb,E4D,3,0.1423012484549981,0.3134951,0.17119385108952703,0.17119385108952703
HEEH_KT_rd6_1415.pdb,E4R,3,-0.0145088294240203,-0.061184205,-0.04667537569082116,0.04667537569082116
HEEH_KT_rd6_1415.pdb,E4K,3,-0.0223042312936225,-0.056332394,-0.034028163187082766,0.034028163187082766
HEEH_KT_rd6_1415.pdb,E4T,3,0.0581990831212224,0.06058789,0.002388807324963667,0.002388807324963667
HEEH_KT_rd6_1415.pdb,E4S,3,0.0670288172599957,0.10928887,0.042260054028303864,0.042260054028303864
HEEH_KT_rd6_1415.pdb,E4A,3,-0.0243202210147801,-0.029941991,-0.005621769956785146,0.005621769956785146
HEEH_KT_rd6_1415.pdb,E4G,3,0.1935039020217228,0.33975014,0.14624623888365745,0.14624623888365745
HEEH_KT_rd6_1415.pdb,E4M,3,0.0291386230285297,-0.09036562,-0.11950424149586063,0.11950424149586063
HEEH_KT_rd6_1415.pdb,E4L,3,-0.044175564787197,-0.111563206,-0.06738764093179714,0.06738764093179714
HEEH_KT_rd6_1415.pdb,E4V,3,0.0809546918008798,-0.014009401,-0.09496409300308165,0.09496409300308165
HEEH_KT_rd6_1415.pdb,E4I,3,0.0112025029062934,-0.098759264,-0.1099617666601844,0.1099617666601844
HEEH_KT_rd6_1415.pdb,E4W,3,-0.595471220880639,-0.04676646,0.548704760938775,0.548704760938775
HEEH_KT_rd6_1415.pdb,E4Y,3,-0.0791720823003574,-0.02439402,0.05477806186216312,0.05477806186216312
HEEH_KT_rd6_1415.pdb,E4F,3,-0.0806313369943261,0.01368174,0.09431307656303643,0.09431307656303643
HEEH_KT_rd6_1415.pdb,E4P,3,0.4663311337470093,0.7555536,0.28922246942529295,0.28922246942529295
HEEH_KT_rd6_1415.pdb,E4C,3,-0.2397773776357574,-0.17686158,0.06291579344920345,0.06291579344920345
HEEH_KT_rd6_1415.pdb,L5Q,4,0.7263432412646411,1.5367517,0.8104085058667065,0.8104085058667065
HEEH_KT_rd6_1415.pdb,L5E,4,0.8749345200015739,1.6600778,0.7851432902859017,0.7851432902859017
HEEH_KT_rd6_1415.pdb,L5N,4,0.9548733747891148,1.89795,0.943076678425912,0.943076678425912
HEEH_KT_rd6_1415.pdb,L5H,4,0.9409220855025316,1.5298165,0.5888944227906202,0.5888944227906202
HEEH_KT_rd6_1415.pdb,L5D,4,0.7074491048013067,1.7562565,1.048807356342187,1.048807356342187
HEEH_KT_rd6_1415.pdb,L5R,4,0.950410799019207,1.7522796,0.8018688402248726,0.8018688402248726
HEEH_KT_rd6_1415.pdb,L5K,4,0.7937772384703035,1.7730961,0.9793188461244231,0.9793188461244231
HEEH_KT_rd6_1415.pdb,L5T,4,0.9792762330777992,1.3486894,0.3694132038347374,0.3694132038347374
HEEH_KT_rd6_1415.pdb,L5S,4,0.9156452565737516,1.5104038,0.5947584957532137,0.5947584957532137
HEEH_KT_rd6_1415.pdb,L5A,4,0.8930985572198278,1.3390576,0.4459590075155848,0.4459590075155848
HEEH_KT_rd6_1415.pdb,L5G,4,0.8910218269509436,1.7785926,0.8875707595663904,0.8875707595663904
HEEH_KT_rd6_1415.pdb,L5M,4,0.4022675164302551,0.589197,0.18692946356928714,0.18692946356928714
HEEH_KT_rd6_1415.pdb,L5V,4,0.6542631688854614,1.0737772,0.4195140299060425,0.4195140299060425
HEEH_KT_rd6_1415.pdb,L5I,4,0.3926287842911922,0.42735904,0.034730260260657175,0.034730260260657175
HEEH_KT_rd6_1415.pdb,L5W,4,0.0995745404072598,0.8990254,0.7994508402041599,0.7994508402041599
HEEH_KT_rd6_1415.pdb,L5Y,4,0.474283428700474,0.86778724,0.39350381323525596,0.39350381323525596
HEEH_KT_rd6_1415.pdb,L5F,4,0.3133319715298301,0.8731032,0.5597712298594826,0.5597712298594826
HEEH_KT_rd6_1415.pdb,L5P,4,1.047031898619694,1.8857338,0.8387019442300374,0.8387019442300374
HEEH_KT_rd6_1415.pdb,L5C,4,-0.2135321442723929,0.920763,1.1342951600194633,1.1342951600194633
HEEH_KT_rd6_1415.pdb,E6Q,5,0.0144110601634261,-0.06359305,-0.078004112491059,0.078004112491059
HEEH_KT_rd6_1415.pdb,E6N,5,0.2183621077913988,0.31737974,0.09901763506939526,0.09901763506939526
HEEH_KT_rd6_1415.pdb,E6H,5,-0.0517191534988268,0.076297365,0.1280165186278208,0.1280165186278208
HEEH_KT_rd6_1415.pdb,E6D,5,0.5815411178266494,0.58969057,0.008149448236277834,0.008149448236277834
HEEH_KT_rd6_1415.pdb,E6R,5,-0.5806201503726474,-0.43768668,0.14293346862521084,0.14293346862521084
HEEH_KT_rd6_1415.pdb,E6K,5,-0.0364367037499269,-0.22509909,-0.1886623830115477,0.1886623830115477
HEEH_KT_rd6_1415.pdb,E6T,5,-0.0861297064234678,0.1438072,0.22993690900105873,0.22993690900105873
HEEH_KT_rd6_1415.pdb,E6S,5,0.3443077907941338,-0.0054601617,-0.34976795250987974,0.34976795250987974
HEEH_KT_rd6_1415.pdb,E6A,5,-0.0052991701761495,-0.3376877,-0.3323885308107127,0.3323885308107127
HEEH_KT_rd6_1415.pdb,E6G,5,0.5549366608800415,0.48005575,-0.07488091146369014,0.07488091146369014
HEEH_KT_rd6_1415.pdb,E6M,5,-0.2804853435672161,-0.3071137,-0.02662836349836617,0.02662836349836617
HEEH_KT_rd6_1415.pdb,E6L,5,-0.5253679096835624,-0.18802539,0.3373425245421897,0.3373425245421897
HEEH_KT_rd6_1415.pdb,E6V,5,-0.3495808385795769,0.013572589,0.3631534271425423,0.3631534271425423
HEEH_KT_rd6_1415.pdb,E6I,5,-0.5491350658122958,-0.19787598,0.35125908924979576,0.35125908924979576
HEEH_KT_rd6_1415.pdb,E6W,5,-0.7332412783629629,-0.2375648,0.49567647619316313,0.49567647619316313
HEEH_KT_rd6_1415.pdb,E6Y,5,-0.8027386356470596,-0.25485745,0.5478811849234115,0.5478811849234115
HEEH_KT_rd6_1415.pdb,E6F,5,-0.5589019030651432,-0.2296184,0.3292835027298313,0.3292835027298313
HEEH_KT_rd6_1415.pdb,E6P,5,0.7056423124108293,1.3097034,0.6040610376563094,0.6040610376563094
HEEH_KT_rd6_1415.pdb,E6C,5,-0.690106962019744,-0.2670442,0.4230627754276419,0.4230627754276419
HEEH_KT_rd6_1415.pdb,E7Q,6,0.0547087300206765,-0.15660125,-0.21130998019233788,0.21130998019233788
HEEH_KT_rd6_1415.pdb,E7N,6,0.0248708021493486,0.07421598,0.049345176234669344,0.049345176234669344
HEEH_KT_rd6_1415.pdb,E7H,6,0.2159840939119979,0.046506945,-0.16947714886819565,0.16947714886819565
HEEH_KT_rd6_1415.pdb,E7D,6,0.2905293051127304,0.2867755,-0.0037538055304397466,0.0037538055304397466
HEEH_KT_rd6_1415.pdb,E7R,6,-0.0906938488031299,-0.3230874,-0.2323935454343884,0.2323935454343884
HEEH_KT_rd6_1415.pdb,E7K,6,0.0161521206496257,-0.27884838,-0.29500050050001325,0.29500050050001325
HEEH_KT_rd6_1415.pdb,E7T,6,0.1751581350283215,0.10374963,-0.07140850219293332,0.07140850219293332
HEEH_KT_rd6_1415.pdb,E7S,6,0.1440538017612209,0.066592574,-0.07746122764165303,0.07746122764165303
HEEH_KT_rd6_1415.pdb,E7A,6,-0.1783515309573742,-0.09135237,0.08699915759578666,0.08699915759578666
HEEH_KT_rd6_1415.pdb,E7G,6,0.5133772357094211,0.26761076,-0.24576647716640654,0.24576647716640654
HEEH_KT_rd6_1415.pdb,E7M,6,0.0902182291461781,-0.123176634,-0.21339486345785413,0.21339486345785413
HEEH_KT_rd6_1415.pdb,E7L,6,0.1446155781494082,-0.10109219,-0.24570776769980798,0.24570776769980798
HEEH_KT_rd6_1415.pdb,E7V,6,0.3335686491693685,0.065527245,-0.2680414037670324,0.2680414037670324
HEEH_KT_rd6_1415.pdb,E7I,6,0.2002115027576039,-0.0990715,-0.2992830054431508,0.2992830054431508
HEEH_KT_rd6_1415.pdb,E7W,6,-0.0448001521729972,0.07449725,0.11929740487571022,0.11929740487571022
HEEH_KT_rd6_1415.pdb,E7Y,6,0.1578658814506699,0.07232854,-0.08553734374810948,0.08553734374810948
HEEH_KT_rd6_1415.pdb,E7F,6,0.2340660222116684,0.1028198,-0.1312462218347763,0.1312462218347763
HEEH_KT_rd6_1415.pdb,E7P,6,1.0390889256518416,0.9055865,-0.13350244455748128,0.13350244455748128
HEEH_KT_rd6_1415.pdb,E7C,6,-0.2509183148890908,-0.12121186,0.12970645828546834,0.12970645828546834
HEEH_KT_rd6_1415.pdb,F8Q,7,0.935606895333692,0.7143772,-0.221229670888349,0.221229670888349
HEEH_KT_rd6_1415.pdb,F8E,7,1.1464833619700183,0.9157009,-0.23078244949443238,0.23078244949443238
HEEH_KT_rd6_1415.pdb,F8N,7,1.000155691404248,0.9849748,-0.015180889863873226,0.015180889863873226
HEEH_KT_rd6_1415.pdb,F8H,7,0.7682005822974967,0.56015927,-0.20804131630247102,0.20804131630247102
HEEH_KT_rd6_1415.pdb,F8D,7,1.0820205407002712,1.2291751,0.14715455008952372,0.14715455008952372
HEEH_KT_rd6_1415.pdb,F8R,7,0.676402896532097,0.49877003,-0.17763286817935953,0.17763286817935953
HEEH_KT_rd6_1415.pdb,F8K,7,1.102721189376466,0.58444,-0.5182811964718028,0.5182811964718028
HEEH_KT_rd6_1415.pdb,F8T,7,0.9703860318312588,0.564475,-0.40591103192662625,0.40591103192662625
HEEH_KT_rd6_1415.pdb,F8S,7,0.9877049773992632,0.74045944,-0.24724553526059134,0.24724553526059134
HEEH_KT_rd6_1415.pdb,F8A,7,0.8243057498602271,0.58449125,-0.23981449696105717,0.23981449696105717
HEEH_KT_rd6_1415.pdb,F8G,7,0.9772096559628723,1.0613418,0.08413210657985226,0.08413210657985226
HEEH_KT_rd6_1415.pdb,F8M,7,0.658587996482475,0.23037797,-0.42821002435646793,0.42821002435646793
HEEH_KT_rd6_1415.pdb,F8L,7,0.2513201375001141,0.24183637,-0.009483768462485942,0.009483768462485942
HEEH_KT_rd6_1415.pdb,F8V,7,0.8301791876440849,0.2599431,-0.5702360898142662,0.5702360898142662
HEEH_KT_rd6_1415.pdb,F8I,7,0.54425042937264,-0.011852622,-0.5561030514048055,0.5561030514048055
HEEH_KT_rd6_1415.pdb,F8W,7,-0.2861481488623552,0.12299782,0.40914596923970503,0.40914596923970503
HEEH_KT_rd6_1415.pdb,F8Y,7,0.1578483656899107,0.048639357,-0.10920900859991436,0.10920900859991436
HEEH_KT_rd6_1415.pdb,F8P,7,0.8885274445419453,1.3920596,0.5035321200485088,0.5035321200485088
HEEH_KT_rd6_1415.pdb,F8C,7,-0.0937116867801295,0.17663106,0.27034275000301466,0.27034275000301466
HEEH_KT_rd6_1415.pdb,A9Q,8,0.8445946838215099,1.9081527,1.06355801564901,1.06355801564901
HEEH_KT_rd6_1415.pdb,A9E,8,0.9308377521163732,2.122615,1.191777346836874,1.191777346836874
HEEH_KT_rd6_1415.pdb,A9N,8,1.0399887231049227,2.2672622,1.2272734972777677,1.2272734972777677
HEEH_KT_rd6_1415.pdb,A9H,8,0.8814470494299664,1.871345,0.9898979937524066,0.9898979937524066
HEEH_KT_rd6_1415.pdb,A9D,8,1.0259211124881569,2.3699136,1.3439924655452904,1.3439924655452904
HEEH_KT_rd6_1415.pdb,A9R,8,0.6698803679687422,2.0312605,1.3613801224487383,1.3613801224487383
HEEH_KT_rd6_1415.pdb,A9K,8,0.7424297062732217,2.024792,1.2823622496746543,1.2823622496746543
HEEH_KT_rd6_1415.pdb,A9T,8,0.7600102449601414,1.4426826,0.6826723789030789,0.6826723789030789
HEEH_KT_rd6_1415.pdb,A9S,8,0.6493788445452031,1.2941537,0.6447748457929317,0.6447748457929317
HEEH_KT_rd6_1415.pdb,A9G,8,0.8451365551887928,1.3767731,0.5316365637839855,0.5316365637839855
HEEH_KT_rd6_1415.pdb,A9M,8,0.0779601009584523,1.1309657,1.053005608727827,1.053005608727827
HEEH_KT_rd6_1415.pdb,A9L,8,-0.0884877111479749,0.9091821,0.997669782833766,0.997669782833766
HEEH_KT_rd6_1415.pdb,A9V,8,0.1708101242578878,0.9091414,0.7383312970601664,0.7383312970601664
HEEH_KT_rd6_1415.pdb,A9I,8,-0.2919385553310709,0.8360991,1.128037643523057,1.128037643523057
HEEH_KT_rd6_1415.pdb,A9W,8,-0.234639372719152,1.088465,1.3231043480762077,1.3231043480762077
HEEH_KT_rd6_1415.pdb,A9Y,8,0.3905566773268178,1.2003901,0.8098334231523081,0.8098334231523081
HEEH_KT_rd6_1415.pdb,A9F,8,0.060689459039537,1.0782707,1.017581214712294,1.017581214712294
HEEH_KT_rd6_1415.pdb,A9P,8,0.8961531488672279,2.0159736,1.1198204190954186,1.1198204190954186
HEEH_KT_rd6_1415.pdb,K10Q,9,0.3541799703804429,0.1388793,-0.21530067121662455,0.21530067121662455
HEEH_KT_rd6_1415.pdb,K10E,9,0.5670152332003462,0.20208696,-0.364928277891432,0.364928277891432
HEEH_KT_rd6_1415.pdb,K10N,9,0.5665358285877851,0.34604627,-0.22048955964781314,0.22048955964781314
HEEH_KT_rd6_1415.pdb,K10H,9,0.5174900100812705,0.24056447,-0.2769255445585044,0.2769255445585044
HEEH_KT_rd6_1415.pdb,K10D,9,0.9317960521221648,0.52062756,-0.411168493890811,0.411168493890811
HEEH_KT_rd6_1415.pdb,K10R,9,-0.3590360003650104,-0.07427494,0.2847610580861484,0.2847610580861484
HEEH_KT_rd6_1415.pdb,K10T,9,0.4158160558275723,0.24743778,-0.16837828069253202,0.16837828069253202
HEEH_KT_rd6_1415.pdb,K10S,9,0.606510312633509,0.29968736,-0.3068229568767493,0.3068229568767493
HEEH_KT_rd6_1415.pdb,K10A,9,0.2604151324859822,0.08721943,-0.17319570048963667,0.17319570048963667
HEEH_KT_rd6_1415.pdb,K10G,9,0.647636361344869,0.7630746,0.1154382155098368,0.1154382155098368
HEEH_KT_rd6_1415.pdb,K10M,9,0.1995104727431482,-0.022695318,-0.22220579060756623,0.22220579060756623
HEEH_KT_rd6_1415.pdb,K10L,9,0.0816023763079858,-0.007806316,-0.08940869232609035,0.08940869232609035
HEEH_KT_rd6_1415.pdb,K10V,9,0.2620108666798115,0.2437704,-0.01824046102967264,0.01824046102967264
HEEH_KT_rd6_1415.pdb,K10I,9,0.2580746669502418,0.035126686,-0.22294798085405038,0.22294798085405038
HEEH_KT_rd6_1415.pdb,K10W,9,0.1550538937829713,0.030911863,-0.12414203093278209,0.12414203093278209
HEEH_KT_rd6_1415.pdb,K10Y,9,0.2136005940512717,0.06595558,-0.14764501477041844,0.14764501477041844
HEEH_KT_rd6_1415.pdb,K10F,9,0.2676858407571267,0.092509404,-0.1751764369323205,0.1751764369323205
HEEH_KT_rd6_1415.pdb,K10P,9,0.7763971791033919,1.752405,0.9760078683132951,0.9760078683132951
HEEH_KT_rd6_1415.pdb,K10C,9,-0.092884019622315,-0.008398637,0.084485382446755,0.084485382446755
HEEH_KT_rd6_1415.pdb,E11Q,10,-0.0093564791948494,0.025290892,0.03464737072297898,0.03464737072297898
HEEH_KT_rd6_1415.pdb,E11N,10,0.0948930514088184,0.21609242,0.12119937119574245,0.12119937119574245
HEEH_KT_rd6_1415.pdb,E11H,10,0.2482618893582318,0.1291658,-0.11909609093255735,0.11909609093255735
HEEH_KT_rd6_1415.pdb,E11D,10,0.2373899242367692,0.2633043,0.025914368918900976,0.025914368918900976
HEEH_KT_rd6_1415.pdb,E11R,10,-0.2211590880323051,-0.0026635975,0.21849549056774364,0.21849549056774364
HEEH_KT_rd6_1415.pdb,E11K,10,-0.0997305876638661,0.003590718,0.10332130557558637,0.10332130557558637
HEEH_KT_rd6_1415.pdb,E11T,10,0.1658294840752692,0.2039909,0.03816142240170528,0.03816142240170528
HEEH_KT_rd6_1415.pdb,E11S,10,-0.0161483904421375,0.1406088,0.1567571928799198,0.1567571928799198
HEEH_KT_rd6_1415.pdb,E11A,10,-0.095352095678038,-0.034848407,0.0605036887671417,0.0605036887671417
HEEH_KT_rd6_1415.pdb,E11G,10,0.2631483542037931,0.35475278,0.09160442480316489,0.09160442480316489
HEEH_KT_rd6_1415.pdb,E11M,10,-0.0086945984399222,-0.031084344,-0.022389745351085795,0.022389745351085795
HEEH_KT_rd6_1415.pdb,E11L,10,0.1210681560463258,0.024872437,-0.09619571892684185,0.09619571892684185
HEEH_KT_rd6_1415.pdb,E11V,10,0.2918662250950725,0.18768728,-0.10417894730118821,0.10417894730118821
HEEH_KT_rd6_1415.pdb,E11I,10,0.1098625340218477,0.067580536,-0.04228199801396654,0.04228199801396654
HEEH_KT_rd6_1415.pdb,E11W,10,-0.1432903600444621,0.07464817,0.2179385317077464,0.2179385317077464
HEEH_KT_rd6_1415.pdb,E11Y,10,0.3686146028324053,0.09052698,-0.2780876196905062,0.2780876196905062
HEEH_KT_rd6_1415.pdb,E11F,10,0.307749570004733,0.12214431,-0.18560525833824437,0.18560525833824437
HEEH_KT_rd6_1415.pdb,E11P,10,1.0795116337848507,1.265123,0.18561137589685095,0.18561137589685095
HEEH_KT_rd6_1415.pdb,E11C,10,-0.9350436382064772,-0.10229607,0.8327475689420653,0.8327475689420653
HEEH_KT_rd6_1415.pdb,V12Q,11,0.558774991607554,0.7077138,0.14893879117976905,0.14893879117976905
HEEH_KT_rd6_1415.pdb,V12E,11,1.144499408522779,1.0729328,-0.07156656912916337,0.07156656912916337
HEEH_KT_rd6_1415.pdb,V12N,11,1.105898182698673,1.1162008,0.010302622011715279,0.010302622011715279
HEEH_KT_rd6_1415.pdb,V12H,11,0.8615900522954729,0.61202246,-0.2495675927884844,0.2495675927884844
HEEH_KT_rd6_1415.pdb,V12D,11,1.687196174382678,1.462413,-0.22478322100590797,0.22478322100590797
HEEH_KT_rd6_1415.pdb,V12R,11,0.7288712309474215,0.6211359,-0.10773534046356525,0.10773534046356525
HEEH_KT_rd6_1415.pdb,V12K,11,0.8292084313735311,0.65346956,-0.17573886884301348,0.17573886884301348
HEEH_KT_rd6_1415.pdb,V12T,11,0.3610371161252979,0.42359316,0.06255604736499754,0.06255604736499754
HEEH_KT_rd6_1415.pdb,V12S,11,0.7576622329177889,0.8579032,0.10024094958877239,0.10024094958877239
HEEH_KT_rd6_1415.pdb,V12A,11,0.3258648089563065,0.7005684,0.3747035690153427,0.3747035690153427
HEEH_KT_rd6_1415.pdb,V12G,11,1.118281349070358,1.3178043,0.19952298747749353,0.19952298747749353
HEEH_KT_rd6_1415.pdb,V12M,11,-0.254256812855834,0.22374612,0.47800293378555203,0.47800293378555203
HEEH_KT_rd6_1415.pdb,V12L,11,-0.3983685041858047,0.03225401,0.4306225146247238,0.4306225146247238
HEEH_KT_rd6_1415.pdb,V12I,11,0.0172201655870254,-0.23674852,-0.2539686821466262,0.2539686821466262
HEEH_KT_rd6_1415.pdb,V12W,11,0.037609171938425,0.10950434,0.0718951701407376,0.0718951701407376
HEEH_KT_rd6_1415.pdb,V12Y,11,0.2328781488254714,0.08526242,-0.14761573103219747,0.14761573103219747
HEEH_KT_rd6_1415.pdb,V12F,11,0.0250330268038911,0.16909558,0.14406254900558765,0.14406254900558765
HEEH_KT_rd6_1415.pdb,V12P,11,1.4222478645370782,1.5635617,0.14131381339566107,0.14131381339566107
HEEH_KT_rd6_1415.pdb,V12C,11,0.2668133738291218,0.08862901,-0.17818436648964425,0.17818436648964425
HEEH_KT_rd6_1415.pdb,L13Q,12,1.1651207413295877,1.967384,0.80226323942145,0.80226323942145
HEEH_KT_rd6_1415.pdb,L13E,12,1.3326397852732994,2.004102,0.671462206380143,0.671462206380143
HEEH_KT_rd6_1415.pdb,L13N,12,1.166720657549865,1.9788678,0.812147111691468,0.812147111691468
HEEH_KT_rd6_1415.pdb,L13H,12,1.0377396140831152,1.8385899,0.8008502926093897,0.8008502926093897
HEEH_KT_rd6_1415.pdb,L13D,12,1.464186329517941,1.995533,0.5313466599840122,0.5313466599840122
HEEH_KT_rd6_1415.pdb,L13R,12,1.106193479476228,2.0039327,0.8977392349860522,0.8977392349860522
HEEH_KT_rd6_1415.pdb,L13K,12,1.2367805793609838,2.0632696,0.826489035812356,0.826489035812356
HEEH_KT_rd6_1415.pdb,L13T,12,1.22783245767644,1.1902968,-0.03753568853428901,0.03753568853428901
HEEH_KT_rd6_1415.pdb,L13S,12,1.0672407892903049,1.6773193,0.6100784989634793,0.6100784989634793
HEEH_KT_rd6_1415.pdb,L13A,12,1.1332785774734226,1.4896755,0.3563969443771633,0.3563969443771633
HEEH_KT_rd6_1415.pdb,L13G,12,1.2316893838611362,1.8080677,0.5763782955440762,0.5763782955440762
HEEH_KT_rd6_1415.pdb,L13M,12,0.3128443752187317,0.5256793,0.2128349150759155,0.2128349150759155
HEEH_KT_rd6_1415.pdb,L13V,12,0.9337647588720128,0.54542744,-0.38833731727502796,0.38833731727502796
HEEH_KT_rd6_1415.pdb,L13I,12,0.2080329464599279,0.0057908297,-0.2022421168014196,0.2022421168014196
HEEH_KT_rd6_1415.pdb,L13W,12,0.2232820411271006,1.3780582,1.1547761539870351,1.1547761539870351
HEEH_KT_rd6_1415.pdb,L13Y,12,0.4049361439834689,1.3219626,0.917026451002493,0.917026451002493
HEEH_KT_rd6_1415.pdb,L13F,12,-0.3001432274240265,0.9342899,1.2344331000703583,1.2344331000703583
HEEH_KT_rd6_1415.pdb,L13P,12,1.6273968249964974,1.9729869,0.34559011157271646,0.34559011157271646
HEEH_KT_rd6_1415.pdb,L13C,12,1.026728042884464,0.9628099,-0.06391812257348994,0.06391812257348994
HEEH_KT_rd6_1415.pdb,R14Q,13,0.5202985397972699,-0.025783524,-0.5460820637144681,0.5460820637144681
HEEH_KT_rd6_1415.pdb,R14E,13,0.5695354682244176,-0.019498646,-0.5890341144837254,0.5890341144837254
HEEH_KT_rd6_1415.pdb,R14N,13,0.388321975436229,0.1152869,-0.27303507384302067,0.27303507384302067
HEEH_KT_rd6_1415.pdb,R14H,13,0.5968212595458833,0.10848452,-0.4883367380376664,0.4883367380376664
HEEH_KT_rd6_1415.pdb,R14D,13,0.6661484660832082,0.09392764,-0.5722208293406164,0.5722208293406164
HEEH_KT_rd6_1415.pdb,R14K,13,0.1530883496486299,-0.011825845,-0.1649141942941301,0.1649141942941301
HEEH_KT_rd6_1415.pdb,R14T,13,0.6097350372315109,0.18766168,-0.42207335963255765,0.42207335963255765
HEEH_KT_rd6_1415.pdb,R14S,13,0.1822098680295929,-0.06990597,-0.2521158345499024,0.2521158345499024
HEEH_KT_rd6_1415.pdb,R14A,13,0.1960434328784446,-0.16314209,-0.35918551795382303,0.35918551795382303
HEEH_KT_rd6_1415.pdb,R14G,13,0.2911287087818985,0.21545108,-0.07567763215512086,0.07567763215512086
HEEH_KT_rd6_1415.pdb,R14M,13,0.2748827681041499,-0.10728836,-0.38217112869985304,0.38217112869985304
HEEH_KT_rd6_1415.pdb,R14L,13,0.3657640237053137,0.0174876,-0.3482764232595663,0.3482764232595663
HEEH_KT_rd6_1415.pdb,R14V,13,0.8141534472316048,0.35860065,-0.45555280097420425,0.45555280097420425
HEEH_KT_rd6_1415.pdb,R14I,13,0.5510523409134418,0.2128848,-0.3381675422674686,0.3381675422674686
HEEH_KT_rd6_1415.pdb,R14W,13,-0.0444787462445992,0.053227216,0.09770596224992452,0.09770596224992452
HEEH_KT_rd6_1415.pdb,R14Y,13,0.5882696385777089,0.10889836,-0.47937128202081647,0.47937128202081647
HEEH_KT_rd6_1415.pdb,R14F,13,0.4247148681906596,0.14968427,-0.2750306029347316,0.2750306029347316
HEEH_KT_rd6_1415.pdb,R14P,13,1.345753461301536,1.0223992,-0.32335427421352336,0.32335427421352336
HEEH_KT_rd6_1415.pdb,R14C,13,0.7816729545804595,-0.20338449,-0.9850574434014892,0.9850574434014892
HEEH_KT_rd6_1415.pdb,R15Q,14,0.451877736950665,0.20046723,-0.2514105080611997,0.2514105080611997
HEEH_KT_rd6_1415.pdb,R15E,14,0.818071516725309,0.5577838,-0.26028773424316176,0.26028773424316176
HEEH_KT_rd6_1415.pdb,R15N,14,0.4987121840189741,0.43548512,-0.06322705943096141,0.06322705943096141
HEEH_KT_rd6_1415.pdb,R15H,14,0.559505274437349,0.40239954,-0.15710573448983922,0.15710573448983922
HEEH_KT_rd6_1415.pdb,R15D,14,0.7904563454303539,0.8382036,0.04774726355936165,0.04774726355936165
HEEH_KT_rd6_1415.pdb,R15K,14,0.3387634304163653,0.039584786,-0.29917864471652095,0.29917864471652095
HEEH_KT_rd6_1415.pdb,R15T,14,0.4491919585880257,0.53245324,0.08326128037605512,0.08326128037605512
HEEH_KT_rd6_1415.pdb,R15S,14,0.3216826969715773,0.43728548,0.11560278591187606,0.11560278591187606
HEEH_KT_rd6_1415.pdb,R15A,14,0.5011717861784049,0.34602198,-0.1551498061311789,0.1551498061311789
HEEH_KT_rd6_1415.pdb,R15G,14,0.5165567923749403,0.62036884,0.10381204593530136,0.10381204593530136
HEEH_KT_rd6_1415.pdb,R15M,14,0.3348965247764628,0.1924591,-0.1424374183311503,0.1424374183311503
HEEH_KT_rd6_1415.pdb,R15L,14,0.1401760574422468,0.21420279,0.07402673401016105,0.07402673401016105
HEEH_KT_rd6_1415.pdb,R15V,14,0.6823315696055081,0.59688884,-0.08544272940699127,0.08544272940699127
HEEH_KT_rd6_1415.pdb,R15I,14,0.6425667741362742,0.4315414,-0.2110253610675028,0.2110253610675028
HEEH_KT_rd6_1415.pdb,R15W,14,-0.0343578780822508,0.52823895,0.5625968302421324,0.5625968302421324
HEEH_KT_rd6_1415.pdb,R15Y,14,0.2792147874510071,0.55553013,0.2763153434121826,0.2763153434121826
HEEH_KT_rd6_1415.pdb,R15F,14,0.2516168518625044,0.5575342,0.3059173659719683,0.3059173659719683
HEEH_KT_rd6_1415.pdb,R15P,14,0.8412728333135799,1.5625881,0.7213152623513981,0.7213152623513981
HEEH_KT_rd6_1415.pdb,R15C,14,0.1138052615156661,0.18397388,0.07016861710638896,0.07016861710638896
HEEH_KT_rd6_1415.pdb,G16Q,15,0.3188751174125088,0.71184075,0.3929656313744175,0.3929656313744175
HEEH_KT_rd6_1415.pdb,G16E,15,0.5833716199712073,0.87803066,0.29465903779704217,0.29465903779704217
HEEH_KT_rd6_1415.pdb,G16N,15,0.2977780069795614,0.3959138,0.09813580255832616,0.09813580255832616
HEEH_KT_rd6_1415.pdb,G16H,15,-0.0188575249350901,0.67148244,0.6903399687445994,0.6903399687445994
HEEH_KT_rd6_1415.pdb,G16D,15,0.6423519429056994,0.6702108,0.027858835807526905,0.027858835807526905
HEEH_KT_rd6_1415.pdb,G16R,15,0.3132461407609019,0.8750432,0.5617970726065602,0.5617970726065602
HEEH_KT_rd6_1415.pdb,G16K,15,0.397180441281618,0.7467541,0.34957366857784855,0.34957366857784855
HEEH_KT_rd6_1415.pdb,G16T,15,0.5343880909838803,1.1554592,0.6210710745892398,0.6210710745892398
HEEH_KT_rd6_1415.pdb,G16S,15,0.2659726831357072,0.7866907,0.5207180288393904,0.5207180288393904
HEEH_KT_rd6_1415.pdb,G16A,15,0.0952930551754809,0.88007545,0.7847823995364331,0.7847823995364331
HEEH_KT_rd6_1415.pdb,G16M,15,-0.2327874258411677,0.9028342,1.1356216028583797,1.1356216028583797
HEEH_KT_rd6_1415.pdb,G16L,15,-0.6693728506208778,0.9049078,1.5742806732298256,1.5742806732298256
HEEH_KT_rd6_1415.pdb,G16V,15,-0.1808559498564941,1.3051267,1.4859826168791992,1.4859826168791992
HEEH_KT_rd6_1415.pdb,G16I,15,-0.4248814953403159,1.3450453,1.7699268234805747,1.7699268234805747
HEEH_KT_rd6_1415.pdb,G16W,15,-0.6366272871598668,0.86796427,1.5045915548905797,1.5045915548905797
HEEH_KT_rd6_1415.pdb,G16Y,15,-0.4105683212310125,0.8552023,1.2657706384688665,1.2657706384688665
HEEH_KT_rd6_1415.pdb,G16F,15,-0.740782966076043,0.7526872,1.4934701818810967,1.4934701818810967
HEEH_KT_rd6_1415.pdb,G16P,15,0.6252439074966771,1.3689158,0.7436718887832301,0.7436718887832301
HEEH_KT_rd6_1415.pdb,G16C,15,-0.3305674714717765,0.31382942,0.6443968934688469,0.6443968934688469
HEEH_KT_rd6_1415.pdb,I17Q,16,0.2697893824818367,0.38105392,0.11126454207871017,0.11126454207871017
HEEH_KT_rd6_1415.pdb,I17E,16,0.2453476442937643,0.56870174,0.3233540997858255,0.3233540997858255
HEEH_KT_rd6_1415.pdb,I17N,16,0.4487568709462834,0.5472754,0.09851855305731766,0.09851855305731766
HEEH_KT_rd6_1415.pdb,I17H,16,0.1853844983167851,0.33690956,0.15152506403253435,0.15152506403253435
HEEH_KT_rd6_1415.pdb,I17D,16,0.3869075709298601,0.843849,0.4569414323851118,0.4569414323851118
HEEH_KT_rd6_1415.pdb,I17R,16,0.3081993907441518,0.38552234,0.07732294502359416,0.07732294502359416
HEEH_KT_rd6_1415.pdb,I17K,16,0.3227015291611468,0.40412876,0.0814272309382642,0.0814272309382642
HEEH_KT_rd6_1415.pdb,I17T,16,0.3202722430776523,0.44654036,0.12626811260472076,0.12626811260472076
HEEH_KT_rd6_1415.pdb,I17S,16,0.5227466591696075,0.56225556,0.039508902182168626,0.039508902182168626
HEEH_KT_rd6_1415.pdb,I17A,16,0.1961832384202333,0.5225278,0.32634457549120466,0.32634457549120466
HEEH_KT_rd6_1415.pdb,I17G,16,0.0306857754968765,0.90226364,0.8715778658605454,0.8715778658605454
HEEH_KT_rd6_1415.pdb,I17M,16,0.015794032933456,0.18044704,0.1646530090549168,0.1646530090549168
HEEH_KT_rd6_1415.pdb,I17L,16,-0.0367289319950829,0.2258875,0.26261643919532396,0.26261643919532396
HEEH_KT_rd6_1415.pdb,I17V,16,-0.1355969667109824,0.17618635,0.31178331967919837,0.31178331967919837
HEEH_KT_rd6_1415.pdb,I17W,16,-0.6236899015397981,0.18638858,0.8100784835309938,0.8100784835309938
HEEH_KT_rd6_1415.pdb,I17Y,16,-0.2900016064085191,0.14172284,0.4317244494594758,0.4317244494594758
HEEH_KT_rd6_1415.pdb,I17F,16,-0.244796767667319,0.15156928,0.39636604471542997,0.39636604471542997
HEEH_KT_rd6_1415.pdb,I17P,16,0.7415679604078544,1.4811273,0.7395593017076241,0.7395593017076241
HEEH_KT_rd6_1415.pdb,I17C,16,-0.2713915957890966,0.02967164,0.3010632349931219,0.3010632349931219
HEEH_KT_rd6_1415.pdb,T18Q,17,-0.032758218159187,0.23688972,0.26964793812226073,0.26964793812226073
HEEH_KT_rd6_1415.pdb,T18E,17,-0.033739627475974,0.24116434,0.2749039690449208,0.2749039690449208
HEEH_KT_rd6_1415.pdb,T18N,17,0.2685911292015883,0.62190634,0.3533152109206346,0.3533152109206346
HEEH_KT_rd6_1415.pdb,T18H,17,-0.0266787319348589,0.38627213,0.4129508643315569,0.4129508643315569
HEEH_KT_rd6_1415.pdb,T18D,17,0.3499818211738832,0.6495944,0.2996126049812071,0.2996126049812071
HEEH_KT_rd6_1415.pdb,T18R,17,-0.0861869748550048,0.53587717,0.6220641430335632,0.6220641430335632
HEEH_KT_rd6_1415.pdb,T18K,17,-0.0179510729047578,0.49285495,0.5108060257169527,0.5108060257169527
HEEH_KT_rd6_1415.pdb,T18S,17,0.1847131731288058,0.37255412,0.18784095027283604,0.18784095027283604
HEEH_KT_rd6_1415.pdb,T18A,17,-0.0107707986730347,0.33955187,0.3503226647275696,0.3503226647275696
HEEH_KT_rd6_1415.pdb,T18G,17,0.4328689616027299,0.8093755,0.3765065629181441,0.3765065629181441
HEEH_KT_rd6_1415.pdb,T18M,17,-0.0736392938287338,0.14449532,0.21813461712909543,0.21813461712909543
HEEH_KT_rd6_1415.pdb,T18L,17,-0.1761719183058612,0.1059899,0.28216182151745484,0.28216182151745484
HEEH_KT_rd6_1415.pdb,T18V,17,-0.2092418860198108,-0.20465162,0.004590262055501115,0.004590262055501115
HEEH_KT_rd6_1415.pdb,T18I,17,-0.2787243387427081,-0.15922242,0.11950191471240412,0.11950191471240412
HEEH_KT_rd6_1415.pdb,T18W,17,-0.168119934355734,-0.00018681586,0.16793311849784673,0.16793311849784673
HEEH_KT_rd6_1415.pdb,T18Y,17,-0.0750448912201831,0.11493757,0.18998246489152404,0.18998246489152404
HEEH_KT_rd6_1415.pdb,T18F,17,-0.1096374946975471,0.104276076,0.21391357065675273,0.21391357065675273
HEEH_KT_rd6_1415.pdb,T18P,17,-0.0871562930012785,0.7332895,0.8204457732106291,0.8204457732106291
HEEH_KT_rd6_1415.pdb,T18C,17,0.1297830495911882,-0.09450704,-0.22429008818448043,0.22429008818448043
HEEH_KT_rd6_1415.pdb,I19Q,18,1.257279706916973,1.8643204,0.6070406904600412,0.6070406904600412
HEEH_KT_rd6_1415.pdb,I19E,18,1.225822018140148,2.3095388,1.0837168231074106,1.0837168231074106
HEEH_KT_rd6_1415.pdb,I19N,18,1.4517904102746657,2.2935104,0.841720026737053,0.841720026737053
HEEH_KT_rd6_1415.pdb,I19H,18,1.3130451013010906,1.6738858,0.36084072099505193,0.36084072099505193
HEEH_KT_rd6_1415.pdb,I19D,18,1.5962800896081828,2.332879,0.7365989768591024,0.7365989768591024
HEEH_KT_rd6_1415.pdb,I19R,18,1.1167346856430536,2.0461614,0.9294267275496955,0.9294267275496955
HEEH_KT_rd6_1415.pdb,I19K,18,1.1369326524124488,1.9690826,0.8321499415053979,0.8321499415053979
HEEH_KT_rd6_1415.pdb,I19T,18,1.000738643021879,1.6082956,0.6075569168612387,0.6075569168612387
HEEH_KT_rd6_1415.pdb,I19S,18,1.0484195392521924,2.0641098,1.0156902629939013,1.0156902629939013
HEEH_KT_rd6_1415.pdb,I19A,18,0.917854673130342,1.492729,0.5748742754627977,0.5748742754627977
HEEH_KT_rd6_1415.pdb,I19G,18,1.3452521236967951,2.3062508,0.9609986869263738,0.9609986869263738
HEEH_KT_rd6_1415.pdb,I19M,18,0.686542236623207,0.73501617,0.04847393054064186,0.04847393054064186
HEEH_KT_rd6_1415.pdb,I19L,18,0.2418995790508766,0.33091676,0.08901718330111313,0.08901718330111313
HEEH_KT_rd6_1415.pdb,I19V,18,0.1008270573314211,0.5975136,0.4966865587536314,0.4966865587536314
HEEH_KT_rd6_1415.pdb,I19W,18,0.4575077842940032,0.7843501,0.32684231288540966,0.32684231288540966
HEEH_KT_rd6_1415.pdb,I19Y,18,0.6420505601535345,0.84175164,0.19970107492108102,0.19970107492108102
HEEH_KT_rd6_1415.pdb,I19F,18,0.2943624106515887,0.70412165,0.4097592386137006,0.4097592386137006
HEEH_KT_rd6_1415.pdb,I19P,18,0.7930987728894254,2.3307471,1.5376483546435336,1.5376483546435336
HEEH_KT_rd6_1415.pdb,I19C,18,0.7270681119929328,0.8460908,0.11902268161668639,0.11902268161668639
HEEH_KT_rd6_1415.pdb,I20Q,19,0.5374540535329411,0.7969182,0.2594641598345211,0.2594641598345211
HEEH_KT_rd6_1415.pdb,I20E,19,0.3925232232914455,0.72034454,0.32782132016558574,0.32782132016558574
HEEH_KT_rd6_1415.pdb,I20N,19,0.861085435317086,0.859933,-0.0011524166326988272,0.0011524166326988272
HEEH_KT_rd6_1415.pdb,I20H,19,0.373531332262079,0.5237391,0.15020776724048446,0.15020776724048446
HEEH_KT_rd6_1415.pdb,I20D,19,0.9037891548210846,1.0057724,0.10198319739754336,0.10198319739754336
HEEH_KT_rd6_1415.pdb,I20R,19,0.3786353584446456,0.94336,0.5647246126018022,0.5647246126018022
HEEH_KT_rd6_1415.pdb,I20K,19,0.3717684145838418,0.94969195,0.57792353669103,0.57792353669103
HEEH_KT_rd6_1415.pdb,I20T,19,0.2104861155797621,0.5674651,0.3569790109346727,0.3569790109346727
HEEH_KT_rd6_1415.pdb,I20S,19,0.4817206891508929,0.7995365,0.31781583705226263,0.31781583705226263
HEEH_KT_rd6_1415.pdb,I20A,19,0.5716726947563489,0.7060096,0.13433693163220095,0.13433693163220095
HEEH_KT_rd6_1415.pdb,I20G,19,1.004287921173631,1.2691083,0.26482037426704275,0.26482037426704275
HEEH_KT_rd6_1415.pdb,I20M,19,0.1853453918983949,0.37111828,0.18577288541293016,0.18577288541293016
HEEH_KT_rd6_1415.pdb,I20L,19,0.2495618224648996,0.25514215,0.005580329844518117,0.005580329844518117
HEEH_KT_rd6_1415.pdb,I20V,19,0.2296212469099288,0.1496565,-0.0799647425173049,0.0799647425173049
HEEH_KT_rd6_1415.pdb,I20W,19,0.1860766232560089,-0.12765819,-0.31373481159905703,0.31373481159905703
HEEH_KT_rd6_1415.pdb,I20Y,19,0.2192917493170729,0.007368028,-0.211923721153163,0.211923721153163
HEEH_KT_rd6_1415.pdb,I20F,19,0.2401975910066807,0.055268705,-0.18492888611547587,0.18492888611547587
HEEH_KT_rd6_1415.pdb,I20P,19,1.4920395762375684,1.5147533,0.022713765437236244,0.022713765437236244
HEEH_KT_rd6_1415.pdb,I20C,19,0.1626063522234355,0.08732852,-0.07527782882598982,0.07527782882598982
HEEH_KT_rd6_1415.pdb,V21Q,20,0.7130389979721068,0.96968776,0.25664876190414443,0.25664876190414443
HEEH_KT_rd6_1415.pdb,V21E,20,1.1162405821061296,1.1096084,-0.006632170317189212,0.006632170317189212
HEEH_KT_rd6_1415.pdb,V21N,20,0.8693244214467017,1.2189656,0.3496412281580956,0.3496412281580956
HEEH_KT_rd6_1415.pdb,V21H,20,0.2304358527171119,0.72855425,0.4981183960927026,0.4981183960927026
HEEH_KT_rd6_1415.pdb,V21D,20,1.1784177662803956,1.50966,0.3312422392890624,0.3312422392890624
HEEH_KT_rd6_1415.pdb,V21R,20,0.593654379897548,1.0805051,0.4868507527776229,0.4868507527776229
HEEH_KT_rd6_1415.pdb,V21K,20,0.6681613858338182,1.123982,0.4558205668334181,0.4558205668334181
HEEH_KT_rd6_1415.pdb,V21T,20,0.7088669352868222,0.80914986,0.10028292604893219,0.10028292604893219
HEEH_KT_rd6_1415.pdb,V21S,20,0.7673664093134982,1.0613638,0.2939974069477933,0.2939974069477933
HEEH_KT_rd6_1415.pdb,V21A,20,0.4108143684342238,0.81125593,0.40044156342002424,0.40044156342002424
HEEH_KT_rd6_1415.pdb,V21G,20,0.7983379685797032,1.4023094,0.6039714491449062,0.6039714491449062
HEEH_KT_rd6_1415.pdb,V21M,20,0.0851293865198843,0.4080552,0.32292579975178315,0.32292579975178315
HEEH_KT_rd6_1415.pdb,V21L,20,-0.149889958532607,0.26225,0.41213996473149006,0.41213996473149006
HEEH_KT_rd6_1415.pdb,V21I,20,-0.2240327891534046,-0.14307606,0.08095672695095099,0.08095672695095099
HEEH_KT_rd6_1415.pdb,V21W,20,-0.4436700637198081,0.3407085,0.7843785579062095,0.7843785579062095
HEEH_KT_rd6_1415.pdb,V21Y,20,-0.4271050556835791,0.25483328,0.6819383367237708,0.6819383367237708
HEEH_KT_rd6_1415.pdb,V21F,20,-0.2702520111886288,0.34105307,0.6113050798264767,0.6113050798264767
HEEH_KT_rd6_1415.pdb,V21P,20,1.1748340670596078,1.4304173,0.2555832322110221,0.2555832322110221
HEEH_KT_rd6_1415.pdb,V21C,20,0.0802382246160298,0.16238415,0.08214592779638476,0.08214592779638476
HEEH_KT_rd6_1415.pdb,N22Q,21,0.3755327730180222,0.4309798,0.05544701528535306,0.05544701528535306
HEEH_KT_rd6_1415.pdb,N22E,21,0.5530660399662857,0.19808239,-0.3549836525189285,0.3549836525189285
HEEH_KT_rd6_1415.pdb,N22H,21,0.2935746668619741,0.23495877,-0.05861589897104391,0.05861589897104391
HEEH_KT_rd6_1415.pdb,N22D,21,0.3198115139773954,0.03411728,-0.2856942325404752,0.2856942325404752
HEEH_KT_rd6_1415.pdb,N22R,21,0.2395288558024577,0.6896349,0.45010606336410725,0.45010606336410725
HEEH_KT_rd6_1415.pdb,N22K,21,0.2842843078185142,0.67601776,0.39173345341195454,0.39173345341195454
HEEH_KT_rd6_1415.pdb,N22T,21,0.496903039417095,0.80372775,0.30682470659273164,0.30682470659273164
HEEH_KT_rd6_1415.pdb,N22S,21,0.5337632176522438,0.49427652,-0.03948669406215588,0.03948669406215588
HEEH_KT_rd6_1415.pdb,N22A,21,0.3382363369999619,0.51553845,0.17730211705582422,0.17730211705582422
HEEH_KT_rd6_1415.pdb,N22G,21,0.2917206087921657,0.32930169,0.03758107630266766,0.03758107630266766
HEEH_KT_rd6_1415.pdb,N22M,21,0.0668932970986269,0.48186824,0.4149749401583769,0.4149749401583769
HEEH_KT_rd6_1415.pdb,N22L,21,0.1488267766401643,0.52944005,0.3806132687165862,0.3806132687165862
HEEH_KT_rd6_1415.pdb,N22V,21,0.4107895519438567,0.7441203,0.3333307478722749,0.3333307478722749
HEEH_KT_rd6_1415.pdb,N22I,21,0.3688160302268288,0.7926834,0.4238673923386314,0.4238673923386314
HEEH_KT_rd6_1415.pdb,N22W,21,-0.1643877069089585,0.34452093,0.5089086333844834,0.5089086333844834
HEEH_KT_rd6_1415.pdb,N22Y,21,0.1019135810450126,0.29922438,0.19731079563345422,0.19731079563345422
HEEH_KT_rd6_1415.pdb,N22F,21,0.1161165047501118,0.3317905,0.21567400208964038,0.21567400208964038
HEEH_KT_rd6_1415.pdb,N22P,21,0.6701373308198701,1.3351419,0.6650045663816679,0.6650045663816679
HEEH_KT_rd6_1415.pdb,N22C,21,0.0380273396615491,-0.06567094,-0.1036982769612775,0.1036982769612775
HEEH_KT_rd6_1415.pdb,G23Q,22,0.548323556760451,0.8384856,0.290162041803697,0.290162041803697
HEEH_KT_rd6_1415.pdb,G23E,22,0.8126608360470522,0.8964848,0.08382395618546123,0.08382395618546123
HEEH_KT_rd6_1415.pdb,G23N,22,0.3323155546361129,0.48644567,0.15413011072338417,0.15413011072338417
HEEH_KT_rd6_1415.pdb,G23H,22,0.4238516462922597,0.7742144,0.35036274064774275,0.35036274064774275
HEEH_KT_rd6_1415.pdb,G23D,22,0.7341675487241348,0.60996985,-0.12419769436927641,0.12419769436927641
HEEH_KT_rd6_1415.pdb,G23R,22,0.3161555443781596,1.03347,0.7173144902211446,0.7173144902211446
HEEH_KT_rd6_1415.pdb,G23K,22,0.6346418383023762,0.90864646,0.27400462604546316,0.27400462604546316
HEEH_KT_rd6_1415.pdb,G23T,22,0.4520802136378652,1.1012634,0.6491831902546519,0.6491831902546519
HEEH_KT_rd6_1415.pdb,G23S,22,0.4912517965636511,0.80954885,0.31829705826422977,0.31829705826422977
HEEH_KT_rd6_1415.pdb,G23A,22,0.0215035744930203,0.9973014,0.9757978252147739,0.9757978252147739
HEEH_KT_rd6_1415.pdb,G23M,22,0.0380016260787705,0.97688985,0.9388882226303359,0.9388882226303359
HEEH_KT_rd6_1415.pdb,G23L,22,-0.0649924903547538,0.95239854,1.0173910289442314,1.0173910289442314
HEEH_KT_rd6_1415.pdb,G23V,22,0.2213214234352221,1.379257,1.1579355402946363,1.1579355402946363
HEEH_KT_rd6_1415.pdb,G23I,22,0.0162006830744507,1.4316902,1.4154895329900024,1.4154895329900024
HEEH_KT_rd6_1415.pdb,G23W,22,-0.4415371704139619,0.8653349,1.306872098449698,1.306872098449698
HEEH_KT_rd6_1415.pdb,G23Y,22,-0.1623300160430498,0.8275046,0.9898345912955828,0.9898345912955828
HEEH_KT_rd6_1415.pdb,G23F,22,-0.2563430416100818,0.7519578,1.0083008157723743,1.0083008157723743
HEEH_KT_rd6_1415.pdb,G23P,22,0.6488177594049902,1.4396493,0.7908315840856104,0.7908315840856104
HEEH_KT_rd6_1415.pdb,G23C,22,-0.1919855929239458,0.3824032,0.5743887878282732,0.5743887878282732
HEEH_KT_rd6_1415.pdb,I24Q,23,0.1915518154920428,0.57224846,0.3806966433702619,0.3806966433702619
HEEH_KT_rd6_1415.pdb,I24E,23,0.3913090678439328,0.806265,0.41495592868469267,0.41495592868469267
HEEH_KT_rd6_1415.pdb,I24N,23,0.5744423458198882,0.8585298,0.2840874603171968,0.2840874603171968
HEEH_KT_rd6_1415.pdb,I24H,23,0.2464119755830163,0.55875695,0.3123449719343787,0.3123449719343787
HEEH_KT_rd6_1415.pdb,I24D,23,0.6713837221066701,1.090832,0.4194482729037059,0.4194482729037059
HEEH_KT_rd6_1415.pdb,I24R,23,0.3731746451227602,0.66144365,0.28826900559974344,0.28826900559974344
HEEH_KT_rd6_1415.pdb,I24K,23,0.2962244392504138,0.656393,0.36016855229240236,0.36016855229240236
HEEH_KT_rd6_1415.pdb,I24T,23,0.2441312162202429,0.5603213,0.3161900551992822,0.3161900551992822
HEEH_KT_rd6_1415.pdb,I24S,23,0.5439636234068805,0.79912007,0.2551564451432293,0.2551564451432293
HEEH_KT_rd6_1415.pdb,I24A,23,0.5860797585799902,0.6737151,0.08763535601351569,0.08763535601351569
HEEH_KT_rd6_1415.pdb,I24G,23,0.8003836509729636,1.1145909,0.3142072322820413,0.3142072322820413
HEEH_KT_rd6_1415.pdb,I24M,23,0.1725703709255972,0.31841028,0.14583990644104097,0.14583990644104097
HEEH_KT_rd6_1415.pdb,I24L,23,-0.0894301665602324,0.3020422,0.3914723528204558,0.3914723528204558
HEEH_KT_rd6_1415.pdb,I24V,23,0.1203528556673485,0.19509175,0.07473889853072584,0.07473889853072584
HEEH_KT_rd6_1415.pdb,I24W,23,-0.0725957680807916,0.32696542,0.39956118951900876,0.39956118951900876
HEEH_KT_rd6_1415.pdb,I24Y,23,0.2564725781987889,0.26862028,0.012147704212786437,0.012147704212786437
HEEH_KT_rd6_1415.pdb,I24F,23,0.1233267147149299,0.27080196,0.14747524670703666,0.14747524670703666
HEEH_KT_rd6_1415.pdb,I24P,23,0.5708763401462829,1.4660312,0.8951548535869325,0.8951548535869325
HEEH_KT_rd6_1415.pdb,I24C,23,0.0335901048764837,0.14316857,0.10957846373466132,0.10957846373466132
HEEH_KT_rd6_1415.pdb,R25Q,24,0.1836497845352451,0.14627951,-0.037370270699338126,0.037370270699338126
HEEH_KT_rd6_1415.pdb,R25E,24,0.2556514146332822,0.2830298,0.02737838005971094,0.02737838005971094
HEEH_KT_rd6_1415.pdb,R25N,24,0.2618808645989858,0.3301963,0.06831542660928142,0.06831542660928142
HEEH_KT_rd6_1415.pdb,R25H,24,0.082474350650739,0.045109905,-0.03736444534821444,0.03736444534821444
HEEH_KT_rd6_1415.pdb,R25D,24,0.3823185624994329,0.7396743,0.3573557672582575,0.3573557672582575
HEEH_KT_rd6_1415.pdb,R25K,24,0.1817680688280849,0.06625932,-0.11550875172803685,0.11550875172803685
HEEH_KT_rd6_1415.pdb,R25T,24,0.1903087683684283,0.16993465,-0.020374123073285177,0.020374123073285177
HEEH_KT_rd6_1415.pdb,R25S,24,0.3182096442215467,0.24588574,-0.0723238995306516,0.0723238995306516
HEEH_KT_rd6_1415.pdb,R25A,24,0.2639314130961394,0.1309731,-0.13295831243390793,0.13295831243390793
HEEH_KT_rd6_1415.pdb,R25G,24,0.695906743464211,0.6255609,-0.07034586375687457,0.07034586375687457
HEEH_KT_rd6_1415.pdb,R25M,24,0.2564510231419774,0.022708759,-0.2337422644301625,0.2337422644301625
HEEH_KT_rd6_1415.pdb,R25L,24,-0.0737336071361971,-0.08571297,-0.011979362166934002,0.011979362166934002
HEEH_KT_rd6_1415.pdb,R25V,24,0.1374520557960528,-0.07251337,-0.2099654275020617,0.2099654275020617
HEEH_KT_rd6_1415.pdb,R25I,24,0.0769288151456208,-0.1532127,-0.23014151145947884,0.23014151145947884
HEEH_KT_rd6_1415.pdb,R25W,24,0.1871221565378973,-0.12736915,-0.31449130705726835,0.31449130705726835
HEEH_KT_rd6_1415.pdb,R25Y,24,0.1670373810685701,-0.10185933,-0.2688967121995516,0.2688967121995516
HEEH_KT_rd6_1415.pdb,R25F,24,0.3713864460700966,-0.030892879,-0.4022793248409248,0.4022793248409248
HEEH_KT_rd6_1415.pdb,R25P,24,0.0394648426409354,0.77998304,0.7405182010297189,0.7405182010297189
HEEH_KT_rd6_1415.pdb,R25C,24,0.4392827396230978,-0.16319475,-0.6024774854021353,0.6024774854021353
HEEH_KT_rd6_1415.pdb,I26Q,25,0.9084660373853172,1.993724,1.0852579511477027,1.0852579511477027
HEEH_KT_rd6_1415.pdb,I26E,25,0.8570058452907867,2.309622,1.4526162040408783,1.4526162040408783
HEEH_KT_rd6_1415.pdb,I26N,25,0.6031226090848305,2.21255,1.6094273157656334,1.6094273157656334
HEEH_KT_rd6_1415.pdb,I26H,25,0.6910591223739448,1.8759191,1.1848599812484917,1.1848599812484917
HEEH_KT_rd6_1415.pdb,I26D,25,0.6643259920313729,2.3753,1.7109739385411369,1.7109739385411369
HEEH_KT_rd6_1415.pdb,I26R,25,0.6334769708025738,2.2208138,1.5873367804181293,1.5873367804181293
HEEH_KT_rd6_1415.pdb,I26K,25,0.7687598834763198,2.2501028,1.481342874931273,1.481342874931273
HEEH_KT_rd6_1415.pdb,I26T,25,0.6030854192622082,1.609356,1.0062706264607533,1.0062706264607533
HEEH_KT_rd6_1415.pdb,I26S,25,0.5712987923870982,1.9110022,1.339703366731554,1.339703366731554
HEEH_KT_rd6_1415.pdb,I26A,25,0.8273566429247072,1.4315124,0.6041557128797361,0.6041557128797361
HEEH_KT_rd6_1415.pdb,I26G,25,0.8506355472085008,2.0576541,1.20701859517126,1.20701859517126
HEEH_KT_rd6_1415.pdb,I26M,25,0.5083503757564012,1.0106688,0.5023183788212355,0.5023183788212355
HEEH_KT_rd6_1415.pdb,I26L,25,0.3396414748694529,0.6093335,0.26969204029778343,0.26969204029778343
HEEH_KT_rd6_1415.pdb,I26V,25,0.3021108212586036,0.42038763,0.11827680443567129,0.11827680443567129
HEEH_KT_rd6_1415.pdb,I26W,25,0.4461562552155538,1.5686067,1.122450479060264,1.122450479060264
HEEH_KT_rd6_1415.pdb,I26Y,25,0.573087237099192,1.4714093,0.8983220837321069,0.8983220837321069
HEEH_KT_rd6_1415.pdb,I26F,25,0.5607719220970289,1.2377777,0.6770057878639086,0.6770057878639086
HEEH_KT_rd6_1415.pdb,I26P,25,0.562518244294596,2.0518084,1.4892901129441736,1.4892901129441736
HEEH_KT_rd6_1415.pdb,I26C,25,0.2280704543522316,1.0514513,0.8233808710643333,0.8233808710643333
HEEH_KT_rd6_1415.pdb,T27Q,26,0.4899052686873473,0.26791447,-0.22199079467687977,0.22199079467687977
HEEH_KT_rd6_1415.pdb,T27E,26,0.4814870055482139,0.28889048,-0.19259652455303566,0.19259652455303566
HEEH_KT_rd6_1415.pdb,T27N,26,0.2611198967644799,0.20748216,-0.053637737626754056,0.053637737626754056
HEEH_KT_rd6_1415.pdb,T27H,26,0.2480243286511809,0.15386438,-0.09415994495367114,0.09415994495367114
HEEH_KT_rd6_1415.pdb,T27D,26,0.3938295147460557,0.33210683,-0.061722686056480514,0.061722686056480514
HEEH_KT_rd6_1415.pdb,T27R,26,0.3924232615401455,0.43118227,0.03875900374153174,0.03875900374153174
HEEH_KT_rd6_1415.pdb,T27K,26,0.4364237231634851,0.33044282,-0.10598090714442687,0.10598090714442687
HEEH_KT_rd6_1415.pdb,T27S,26,0.057843750469714,0.18814528,0.13030152941462436,0.13030152941462436
HEEH_KT_rd6_1415.pdb,T27A,26,0.4983488574284411,0.4945526,-0.0037962451237535944,0.0037962451237535944
HEEH_KT_rd6_1415.pdb,T27G,26,0.6348088788030721,0.44512942,-0.18967945446949974,0.18967945446949974
HEEH_KT_rd6_1415.pdb,T27M,26,0.3188369845342835,0.33981496,0.02097797642228999,0.02097797642228999
HEEH_KT_rd6_1415.pdb,T27L,26,0.1997845146212107,0.3399496,0.1401650932279104,0.1401650932279104
HEEH_KT_rd6_1415.pdb,T27V,26,0.0575846875368357,0.24443093,0.18684624188554283,0.18684624188554283
HEEH_KT_rd6_1415.pdb,T27I,26,0.4046235564913738,0.34994286,-0.054680693503855515,0.054680693503855515
HEEH_KT_rd6_1415.pdb,T27W,26,0.0401944493255461,0.13345847,0.0932640160122072,0.0932640160122072
HEEH_KT_rd6_1415.pdb,T27Y,26,-0.1316411069607501,0.10435824,0.2359993479227786,0.2359993479227786
HEEH_KT_rd6_1415.pdb,T27F,26,0.146711583495402,0.22464208,0.07793049955341849,0.07793049955341849
HEEH_KT_rd6_1415.pdb,T27P,26,0.4150700559921096,1.0640408,0.6489707240753342,0.6489707240753342
HEEH_KT_rd6_1415.pdb,T27C,26,0.2265648441484447,-0.07454312,-0.30110796262531236,0.30110796262531236
HEEH_KT_rd6_1415.pdb,E28Q,27,0.1316312316027792,0.16499844,0.03336721033180637,0.03336721033180637
HEEH_KT_rd6_1415.pdb,E28N,27,0.046010665426627,-0.15827744,-0.2042881025175007,0.2042881025175007
HEEH_KT_rd6_1415.pdb,E28H,27,0.3637424846520192,0.1273885,-0.23635397752425735,0.23635397752425735
HEEH_KT_rd6_1415.pdb,E28D,27,-0.0471431572166363,-0.21449812,-0.1673549603494724,0.1673549603494724
HEEH_KT_rd6_1415.pdb,E28R,27,0.2219980741086447,0.29542428,0.07342620844216707,0.07342620844216707
HEEH_KT_rd6_1415.pdb,E28K,27,0.2537626202819738,0.22364008,-0.03012253601531123,0.03012253601531123
HEEH_KT_rd6_1415.pdb,E28T,27,-0.2495975673943617,-0.33589184,-0.08629427544774035,0.08629427544774035
HEEH_KT_rd6_1415.pdb,E28S,27,-0.3877612579919147,-0.3235777,0.06418355594647401,0.06418355594647401
HEEH_KT_rd6_1415.pdb,E28A,27,0.0716889775585771,0.159764,0.08807502917531725,0.08807502917531725
HEEH_KT_rd6_1415.pdb,E28G,27,0.3773027194302369,0.16101725,-0.2162854654352952,0.2162854654352952
HEEH_KT_rd6_1415.pdb,E28M,27,0.2907009705499215,0.33923405,0.04853308353867103,0.04853308353867103
HEEH_KT_rd6_1415.pdb,E28L,27,0.0626957610188636,0.3206182,0.2579224512041894,0.2579224512041894
HEEH_KT_rd6_1415.pdb,E28V,27,0.4018341890588779,0.2749445,-0.12688967502269932,0.12688967502269932
HEEH_KT_rd6_1415.pdb,E28I,27,0.3995517873733467,0.42529494,0.02574314832993091,0.02574314832993091
HEEH_KT_rd6_1415.pdb,E28W,27,0.0695776803850889,0.2538012,0.1842235164284945,0.1842235164284945
HEEH_KT_rd6_1415.pdb,E28Y,27,0.0741263654188788,0.23797448,0.16384811437562347,0.16384811437562347
HEEH_KT_rd6_1415.pdb,E28F,27,0.2741253986108152,0.32940388,0.055278478647485585,0.055278478647485585
HEEH_KT_rd6_1415.pdb,E28P,27,0.62455857282393,0.4771418,-0.147416775281358,0.147416775281358
HEEH_KT_rd6_1415.pdb,E28C,27,0.5535125776044123,-0.13277148,-0.6862840547076456,0.6862840547076456
HEEH_KT_rd6_1415.pdb,V29Q,28,0.8550635449502582,0.7945206,-0.06054292841888609,0.06054292841888609
HEEH_KT_rd6_1415.pdb,V29E,28,0.7784558086150102,0.7637591,-0.014696732019703784,0.014696732019703784
HEEH_KT_rd6_1415.pdb,V29N,28,0.9966803184024324,1.1751341,0.17845374436459638,0.17845374436459638
HEEH_KT_rd6_1415.pdb,V29H,28,0.6100074209641821,0.97718287,0.3671754441786401,0.3671754441786401
HEEH_KT_rd6_1415.pdb,V29D,28,0.989334791435093,1.2282968,0.2389619653092918,0.2389619653092918
HEEH_KT_rd6_1415.pdb,V29R,28,0.7598340672962784,1.021433,0.26159892849992517,0.26159892849992517
HEEH_KT_rd6_1415.pdb,V29K,28,0.8122550144367082,0.95891404,0.14665902708245682,0.14665902708245682
HEEH_KT_rd6_1415.pdb,V29T,28,0.7048714146831094,0.5276953,-0.17717611648822418,0.17717611648822418
HEEH_KT_rd6_1415.pdb,V29S,28,0.4059009438059622,0.8716366,0.46573568529865206,0.46573568529865206
HEEH_KT_rd6_1415.pdb,V29A,28,0.4024232055859951,0.6752382,0.2728149864954563,0.2728149864954563
HEEH_KT_rd6_1415.pdb,V29G,28,0.97270376205348,1.170275,0.19757121086216944,0.19757121086216944
HEEH_KT_rd6_1415.pdb,V29M,28,0.42525884189646,0.5699508,0.1446919771190429,0.1446919771190429
HEEH_KT_rd6_1415.pdb,V29L,28,-0.0687608062915288,0.43951106,0.5082718670062505,0.5082718670062505
HEEH_KT_rd6_1415.pdb,V29I,28,0.1067078851830709,0.12122363,0.014515743337894682,0.014515743337894682
HEEH_KT_rd6_1415.pdb,V29W,28,-0.3937997307388681,0.6097956,1.0035953011124032,1.0035953011124032
HEEH_KT_rd6_1415.pdb,V29Y,28,0.0983765656107755,0.7279973,0.6296207373982577,0.6296207373982577
HEEH_KT_rd6_1415.pdb,V29F,28,0.0455056443707126,0.699862,0.6543563589557034,0.6543563589557034
HEEH_KT_rd6_1415.pdb,V29P,28,0.3455097777379947,0.56184214,0.21633236579761933,0.21633236579761933
HEEH_KT_rd6_1415.pdb,V29C,28,0.1255272388309465,0.3677044,0.2421771526485457,0.2421771526485457
HEEH_KT_rd6_1415.pdb,E30Q,29,0.148046457388367,0.18323453,0.03518807031873292,0.03518807031873292
HEEH_KT_rd6_1415.pdb,E30N,29,0.1635023608034451,0.09282845,-0.07067390821631742,0.07067390821631742
HEEH_KT_rd6_1415.pdb,E30H,29,-0.0622411213364642,0.16988546,0.23212657789850644,0.23212657789850644
HEEH_KT_rd6_1415.pdb,E30D,29,0.1578098323409742,0.051321536,-0.10648829603840768,0.10648829603840768
HEEH_KT_rd6_1415.pdb,E30R,29,0.1174839665635918,0.20451711,0.08703314461862104,0.08703314461862104
HEEH_KT_rd6_1415.pdb,E30K,29,0.0481530431263479,0.14661592,0.09846287932467139,0.09846287932467139
HEEH_KT_rd6_1415.pdb,E30T,29,0.152159527774919,0.16347271,0.011313184265028503,0.011313184265028503
HEEH_KT_rd6_1415.pdb,E30S,29,-0.0828245865509451,0.014930785,0.09775537125324613,0.09775537125324613
HEEH_KT_rd6_1415.pdb,E30A,29,-0.2006158037011105,0.050346017,0.25096182058496064,0.25096182058496064
HEEH_KT_rd6_1415.pdb,E30G,29,0.169267170118867,0.1621467,-0.007120467710076406,0.007120467710076406
HEEH_KT_rd6_1415.pdb,E30M,29,-0.1161715746450542,0.28645912,0.4026306927728771,0.4026306927728771
HEEH_KT_rd6_1415.pdb,E30L,29,-0.0313595552967771,0.2222194,0.25357894795405705,0.25357894795405705
HEEH_KT_rd6_1415.pdb,E30V,29,0.0687695295391277,0.29336768,0.224598154348354,0.224598154348354
HEEH_KT_rd6_1415.pdb,E30I,29,0.1118296639270379,0.37134886,0.25951919395260076,0.25951919395260076
HEEH_KT_rd6_1415.pdb,E30W,29,-0.2784427557789986,0.16232075,0.4407635037505333,0.4407635037505333
HEEH_KT_rd6_1415.pdb,E30Y,29,-0.0266068907803123,0.23469293,0.26129982195554424,0.26129982195554424
HEEH_KT_rd6_1415.pdb,E30F,29,-0.0617573980227366,0.32492822,0.3866856221094981,0.3866856221094981
HEEH_KT_rd6_1415.pdb,E30P,29,0.4925929088442289,0.2843022,-0.2082907039968931,0.2082907039968931
HEEH_KT_rd6_1415.pdb,E30C,29,-0.0322128710546678,-0.010760799,0.021452072004336686,0.021452072004336686
HEEH_KT_rd6_1415.pdb,I31Q,30,-0.1864306795452917,-0.13996136,0.04646931766022089,0.04646931766022089
HEEH_KT_rd6_1415.pdb,I31E,30,-0.134992998972236,-0.15288076,-0.017887759074867893,0.017887759074867893
HEEH_KT_rd6_1415.pdb,I31N,30,0.3923610475629804,0.01344014,-0.3789209079712865,0.3789209079712865
HEEH_KT_rd6_1415.pdb,I31H,30,0.043995540080564,0.12894893,0.08495338684509518,0.08495338684509518
HEEH_KT_rd6_1415.pdb,I31D,30,0.0077195247805805,-0.03187546,-0.03959498612053106,0.03959498612053106
HEEH_KT_rd6_1415.pdb,I31R,30,0.5204455125026892,0.018187448,-0.5022580641203116,0.5022580641203116
HEEH_KT_rd6_1415.pdb,I31K,30,0.1852152302714698,-0.04730016,-0.23251539020265266,0.23251539020265266
HEEH_KT_rd6_1415.pdb,I31T,30,0.2005366539012314,0.15525562,-0.045281038190019246,0.045281038190019246
HEEH_KT_rd6_1415.pdb,I31S,30,0.1400891418489611,0.10708819,-0.03300094855157493,0.03300094855157493
HEEH_KT_rd6_1415.pdb,I31A,30,-0.1332207155035298,-0.1549491,-0.02172838332192492,0.02172838332192492
HEEH_KT_rd6_1415.pdb,I31G,30,0.3801320485406969,0.5261762,0.14604416567744277,0.14604416567744277
HEEH_KT_rd6_1415.pdb,I31M,30,0.0627223165849919,-0.21695596,-0.2796782763818974,0.2796782763818974
HEEH_KT_rd6_1415.pdb,I31L,30,0.1554491850908008,-0.22483349,-0.38028267355515627,0.38028267355515627
HEEH_KT_rd6_1415.pdb,I31V,30,0.0593298012461676,0.2033383,0.14400849397516113,0.14400849397516113
HEEH_KT_rd6_1415.pdb,I31W,30,0.0724271738201691,-0.05001752,-0.12244469460550082,0.12244469460550082
HEEH_KT_rd6_1415.pdb,I31Y,30,0.2652531377746339,0.096644446,-0.16860869152085733,0.16860869152085733
HEEH_KT_rd6_1415.pdb,I31F,30,0.1539723642273522,0.059346773,-0.0946255914970017,0.0946255914970017
HEEH_KT_rd6_1415.pdb,I31P,30,0.4338872699819451,1.4163606,0.9824733467020148,0.9824733467020148
HEEH_KT_rd6_1415.pdb,I31C,30,0.2577459467239631,-0.27740884,-0.5351547849960578,0.5351547849960578
HEEH_KT_rd6_1415.pdb,F32Q,31,1.206400904688692,2.0122192,0.8058182859088421,0.8058182859088421
HEEH_KT_rd6_1415.pdb,F32E,31,1.2795574371667255,2.304204,1.0246465499548565,1.0246465499548565
HEEH_KT_rd6_1415.pdb,F32N,31,1.2138409395714147,2.1195703,0.9057293157081263,0.9057293157081263
HEEH_KT_rd6_1415.pdb,F32H,31,1.084206938221697,1.6565863,0.5723793511841258,0.5723793511841258
HEEH_KT_rd6_1415.pdb,F32D,31,1.33950143403497,2.0876486,0.7481471961072419,0.7481471961072419
HEEH_KT_rd6_1415.pdb,F32R,31,0.976758642074901,2.2645988,1.2878402043606458,1.2878402043606458
HEEH_KT_rd6_1415.pdb,F32K,31,1.0147430892138662,2.1390157,1.1242725853771982,1.1242725853771982
HEEH_KT_rd6_1415.pdb,F32T,31,1.047336368106476,1.2739451,0.22660872504843121,0.22660872504843121
HEEH_KT_rd6_1415.pdb,F32S,31,1.157941076878443,1.7110811,0.5531400703154656,0.5531400703154656
HEEH_KT_rd6_1415.pdb,F32A,31,0.6565060870678145,0.8341998,0.17769369911840371,0.17769369911840371
HEEH_KT_rd6_1415.pdb,F32G,31,1.3139849007092566,1.7221092,0.4081242978609949,0.4081242978609949
HEEH_KT_rd6_1415.pdb,F32M,31,0.1274412353353122,0.74446636,0.6170251290483852,0.6170251290483852
HEEH_KT_rd6_1415.pdb,F32L,31,-0.4560047830876996,0.6049725,1.0609772648152997,1.0609772648152997
HEEH_KT_rd6_1415.pdb,F32V,31,0.6070766238718139,0.58747005,-0.019606569245349093,0.019606569245349093
HEEH_KT_rd6_1415.pdb,F32I,31,0.3652747531586522,0.34528023,-0.019994523113333607,0.019994523113333607
HEEH_KT_rd6_1415.pdb,F32W,31,0.6957287856917009,0.4382499,-0.25747889965578175,0.25747889965578175
HEEH_KT_rd6_1415.pdb,F32Y,31,0.5282061271764276,0.49949968,-0.028706448564672193,0.028706448564672193
HEEH_KT_rd6_1415.pdb,F32P,31,1.6201737713690751,1.746157,0.12598327876367632,0.12598327876367632
HEEH_KT_rd6_1415.pdb,F32C,31,1.1342525775646837,0.48462707,-0.6496255095219285,0.6496255095219285
HEEH_KT_rd6_1415.pdb,V33Q,32,1.095595006853942,1.0981698,0.0025747967654428106,0.0025747967654428106
HEEH_KT_rd6_1415.pdb,V33E,32,1.1044338967077485,1.4666971,0.3622632001168975,0.3622632001168975
HEEH_KT_rd6_1415.pdb,V33N,32,1.0534044901267068,1.5303459,0.4769414266213401,0.4769414266213401
HEEH_KT_rd6_1415.pdb,V33H,32,1.016013226749784,1.2420254,0.22601214861642704,0.22601214861642704
HEEH_KT_rd6_1415.pdb,V33D,32,1.1672826231695792,1.9182546,0.7509719907067636,0.7509719907067636
HEEH_KT_rd6_1415.pdb,V33R,32,0.4015224591972819,1.1905704,0.789047895264388,0.789047895264388
HEEH_KT_rd6_1415.pdb,V33K,32,0.595108561153741,1.167532,0.5724234060093449,0.5724234060093449
HEEH_KT_rd6_1415.pdb,V33T,32,0.7213977381957459,0.8289826,0.10758485343328239,0.10758485343328239
HEEH_KT_rd6_1415.pdb,V33S,32,0.5761596185197355,1.275996,0.6998363512526034,0.6998363512526034
HEEH_KT_rd6_1415.pdb,V33A,32,0.8279876281040135,1.0786054,0.25061778533287615,0.25061778533287615
HEEH_KT_rd6_1415.pdb,V33G,32,0.9481412252018112,1.6842129,0.7360716978481155,0.7360716978481155
HEEH_KT_rd6_1415.pdb,V33M,32,-0.0349085738605525,0.64655805,0.6814666202014948,0.6814666202014948
HEEH_KT_rd6_1415.pdb,V33L,32,-0.0158288257991956,0.46422115,0.48004997548219425,0.48004997548219425
HEEH_KT_rd6_1415.pdb,V33I,32,-0.0834832136987242,-0.033359885,0.05012332848296493,0.05012332848296493
HEEH_KT_rd6_1415.pdb,V33W,32,0.091308043907937,0.96617794,0.8748698964607153,0.8748698964607153
HEEH_KT_rd6_1415.pdb,V33Y,32,0.5310594964721234,0.8924013,0.36134178154682806,0.36134178154682806
HEEH_KT_rd6_1415.pdb,V33F,32,0.3093206667773391,0.8775104,0.5681897616513107,0.5681897616513107
HEEH_KT_rd6_1415.pdb,V33P,32,1.531687042186611,1.8066763,0.2749892263909648,0.2749892263909648
HEEH_KT_rd6_1415.pdb,V33C,32,0.0515535265515785,0.4703991,0.4188455849577446,0.4188455849577446
HEEH_KT_rd6_1415.pdb,K34Q,33,0.1573685554519222,0.17136243,0.013993874405331841,0.013993874405331841
HEEH_KT_rd6_1415.pdb,K34E,33,0.6017573467176027,0.4061927,-0.19556465658355426,0.19556465658355426
HEEH_KT_rd6_1415.pdb,K34N,33,0.3299827441234928,0.43811023,0.10812748822971763,0.10812748822971763
HEEH_KT_rd6_1415.pdb,K34H,33,0.5351506306818852,0.3140606,-0.2210900320700535,0.2210900320700535
HEEH_KT_rd6_1415.pdb,K34D,33,0.806407140802369,0.71904695,-0.08736019046209798,0.08736019046209798
HEEH_KT_rd6_1415.pdb,K34R,33,0.0218743559155156,-0.026958466,-0.048832821491687474,0.048832821491687474
HEEH_KT_rd6_1415.pdb,K34T,33,0.4658956479625074,0.2635871,-0.20230856056970037,0.20230856056970037
HEEH_KT_rd6_1415.pdb,K34S,33,0.3164285156988669,0.37400556,0.05757704040770051,0.05757704040770051
HEEH_KT_rd6_1415.pdb,K34A,33,0.2035701067193902,0.2654888,0.061918696667298045,0.061918696667298045
HEEH_KT_rd6_1415.pdb,K34G,33,0.6357130270609299,0.7041185,0.0684054631581863,0.0684054631581863
HEEH_KT_rd6_1415.pdb,K34M,33,-0.0528414725808472,0.11543319,0.16827465887349552,0.16827465887349552
HEEH_KT_rd6_1415.pdb,K34L,33,0.1266960130310708,0.13154562,0.004849605145389457,0.004849605145389457
HEEH_KT_rd6_1415.pdb,K34V,33,0.5208835690826676,0.23800799,-0.2828755765766404,0.2828755765766404
HEEH_KT_rd6_1415.pdb,K34I,33,0.296512032596417,0.072413966,-0.22409806653673225,0.22409806653673225
HEEH_KT_rd6_1415.pdb,K34W,33,-0.0785901645202331,0.28020847,0.3587986329574279,0.3587986329574279
HEEH_KT_rd6_1415.pdb,K34Y,33,0.3575540453844326,0.25737146,-0.10018258995344809,0.10018258995344809
HEEH_KT_rd6_1415.pdb,K34F,33,0.0769499127183435,0.275908,0.19895808059830689,0.19895808059830689
HEEH_KT_rd6_1415.pdb,K34P,33,1.2864003008059888,1.5206144,0.23421408479886963,0.23421408479886963
HEEH_KT_rd6_1415.pdb,K34C,33,-0.3265335504217068,0.10935423,0.43588777820300256,0.43588777820300256
HEEH_KT_rd6_1415.pdb,V35Q,34,0.864364021046331,1.2015052,0.33714116312725295,0.33714116312725295
HEEH_KT_rd6_1415.pdb,V35E,34,0.9513633477168372,1.4013127,0.4499493611378381,0.4499493611378381
HEEH_KT_rd6_1415.pdb,V35N,34,0.8441610909990098,1.6076295,0.7634684465833876,0.7634684465833876
HEEH_KT_rd6_1415.pdb,V35H,34,0.4386466180015609,1.1425244,0.7038777436088517,0.7038777436088517
HEEH_KT_rd6_1415.pdb,V35D,34,1.2512730048130265,1.920358,0.6690849377681503,0.6690849377681503
HEEH_KT_rd6_1415.pdb,V35R,34,0.4980042595351501,1.3625373,0.8645330052887634,0.8645330052887634
HEEH_KT_rd6_1415.pdb,V35K,34,0.5248924351468887,1.4244814,0.8995889567598496,0.8995889567598496
HEEH_KT_rd6_1415.pdb,V35T,34,0.5098421128180579,0.78459144,0.2747493235680505,0.2747493235680505
HEEH_KT_rd6_1415.pdb,V35S,34,0.7872429444894009,1.3028015,0.5155585453406162,0.5155585453406162
HEEH_KT_rd6_1415.pdb,V35A,34,0.3924540143617809,1.1065056,0.7140516180387317,0.7140516180387317
HEEH_KT_rd6_1415.pdb,V35G,34,1.038405507929067,1.8146591,0.7762536107232767,0.7762536107232767
HEEH_KT_rd6_1415.pdb,V35M,34,0.0119759533427914,0.6094777,0.5975017454601566,0.5975017454601566
HEEH_KT_rd6_1415.pdb,V35L,34,-0.1216537117269425,0.47863114,0.6002848505285172,0.6002848505285172
HEEH_KT_rd6_1415.pdb,V35I,34,-0.2085630827099498,-0.071136475,0.1374266081005748,0.1374266081005748
HEEH_KT_rd6_1415.pdb,V35W,34,-0.3152489657049981,0.6583874,0.9736363882666437,0.9736363882666437
HEEH_KT_rd6_1415.pdb,V35Y,34,-0.255738720628428,0.58114576,0.8368844840256449,0.8368844840256449
HEEH_KT_rd6_1415.pdb,V35F,34,-0.2361792557195032,0.6277042,0.863883458848318,0.863883458848318
HEEH_KT_rd6_1415.pdb,V35P,34,1.271954796898935,2.1330814,0.8611266392582915,0.8611266392582915
HEEH_KT_rd6_1415.pdb,V35C,34,0.4002248699229369,0.36207014,-0.03815472670012804,0.03815472670012804
HEEH_KT_rd6_1415.pdb,L36Q,35,1.065493205701367,1.3342882,0.26879503377769787,0.26879503377769787
HEEH_KT_rd6_1415.pdb,L36E,35,1.018898847950715,1.9412769,0.9223780599701223,0.9223780599701223
HEEH_KT_rd6_1415.pdb,L36N,35,1.1833920405720204,1.6272545,0.44386244551196397,0.44386244551196397
HEEH_KT_rd6_1415.pdb,L36H,35,1.0136057516816797,1.0353489,0.021743140530234406,0.021743140530234406
HEEH_KT_rd6_1415.pdb,L36D,35,1.028149891118799,2.1908777,1.1627277848913329,1.1627277848913329
HEEH_KT_rd6_1415.pdb,L36R,35,0.82215969930688,1.4049803,0.5828206025501146,0.5828206025501146
HEEH_KT_rd6_1415.pdb,L36K,35,0.9442469190044108,1.4794152,0.5351682592945394,0.5351682592945394
HEEH_KT_rd6_1415.pdb,L36T,35,0.8331873216513488,1.1255898,0.2924025259133485,0.2924025259133485
HEEH_KT_rd6_1415.pdb,L36S,35,1.1070845164005283,1.3706295,0.26354503262596096,0.26354503262596096
HEEH_KT_rd6_1415.pdb,L36A,35,1.1025896438750105,0.71687037,-0.3857192763480024,0.3857192763480024
HEEH_KT_rd6_1415.pdb,L36G,35,1.1878421977986888,1.8071048,0.6192626281748219,0.6192626281748219
HEEH_KT_rd6_1415.pdb,L36M,35,0.2960096650018937,-0.1668899,-0.4628995709314591,0.4628995709314591
HEEH_KT_rd6_1415.pdb,L36V,35,0.6871095154756865,0.31092453,-0.3761849854463897,0.3761849854463897
HEEH_KT_rd6_1415.pdb,L36I,35,0.3155974583408323,0.022810519,-0.29278693959922464,0.29278693959922464
HEEH_KT_rd6_1415.pdb,L36W,35,0.3087096972249168,0.0027050376,-0.30600465963107526,0.30600465963107526
HEEH_KT_rd6_1415.pdb,L36Y,35,0.7011764845125188,0.095342815,-0.605833669590186,0.605833669590186
HEEH_KT_rd6_1415.pdb,L36F,35,0.4451747472737075,-0.038646698,-0.48382144527175436,0.48382144527175436
HEEH_KT_rd6_1415.pdb,L36P,35,1.0464689679247707,2.3616576,1.3151886515515476,1.3151886515515476
HEEH_KT_rd6_1415.pdb,L36C,35,0.3674613904877484,-0.1528312,-0.5202925872727215,0.5202925872727215
HEEH_KT_rd6_1415.pdb,R37Q,36,0.4012545912732372,0.43507797,0.0338233739863148,0.0338233739863148
HEEH_KT_rd6_1415.pdb,R37E,36,1.0179584728465485,0.7210779,-0.29688055384020084,0.29688055384020084
HEEH_KT_rd6_1415.pdb,R37N,36,0.7157368680615765,0.47056592,-0.2451709529538495,0.2451709529538495
HEEH_KT_rd6_1415.pdb,R37H,36,0.5491718910973953,0.442365,-0.10680690038618312,0.10680690038618312
HEEH_KT_rd6_1415.pdb,R37D,36,1.0840723436509732,0.9177494,-0.1663229387437466,0.1663229387437466
HEEH_KT_rd6_1415.pdb,R37K,36,-0.0277528678555025,0.103172705,0.13092557243294847,0.13092557243294847
HEEH_KT_rd6_1415.pdb,R37T,36,0.4933661449747495,0.11924064,-0.3741255033808164,0.3741255033808164
HEEH_KT_rd6_1415.pdb,R37S,36,0.683948258978631,0.30209437,-0.38185388885190674,0.38185388885190674
HEEH_KT_rd6_1415.pdb,R37A,36,0.6339186258989704,0.31067348,-0.3232451506334675,0.3232451506334675
HEEH_KT_rd6_1415.pdb,R37G,36,0.9498993956276808,0.7467929,-0.20310648314446544,0.20310648314446544
HEEH_KT_rd6_1415.pdb,R37M,36,0.1984948864481182,0.14229128,-0.05620360880109976,0.05620360880109976
HEEH_KT_rd6_1415.pdb,R37L,36,-0.0617918052211492,0.080287695,0.14207950015217946,0.14207950015217946
HEEH_KT_rd6_1415.pdb,R37V,36,0.4746592386433947,0.2870286,-0.18763062793706536,0.18763062793706536
HEEH_KT_rd6_1415.pdb,R37I,36,0.27748494357804,0.058442473,-0.21904247016647993,0.21904247016647993
HEEH_KT_rd6_1415.pdb,R37W,36,0.1476821884477068,0.19725454,0.04957235008836497,0.04957235008836497
HEEH_KT_rd6_1415.pdb,R37Y,36,0.5913270606306833,0.23602706,-0.3552999986914438,0.3552999986914438
HEEH_KT_rd6_1415.pdb,R37F,36,0.4258225315971748,0.23700362,-0.1888189071579353,0.1888189071579353
HEEH_KT_rd6_1415.pdb,R37P,36,1.2624400049933848,1.1572846,-0.10515538756937359,0.10515538756937359
HEEH_KT_rd6_1415.pdb,R37C,36,0.5779103910360601,0.12070891,-0.45720147842505243,0.45720147842505243
HEEH_KT_rd6_1415.pdb,E38Q,37,0.0912937723203297,0.17399292,0.08269914462131306,0.08269914462131306
HEEH_KT_rd6_1415.pdb,E38N,37,0.1984907009997236,0.4080113,0.2095205864510668,0.2095205864510668
HEEH_KT_rd6_1415.pdb,E38H,37,0.02532264618549,0.26496744,0.2396447953733479,0.2396447953733479
HEEH_KT_rd6_1415.pdb,E38D,37,0.1366421190199953,0.32674468,0.19010255661629621,0.19010255661629621
HEEH_KT_rd6_1415.pdb,E38R,37,0.1391804439825792,0.27148154,0.13230109979679397,0.13230109979679397
HEEH_KT_rd6_1415.pdb,E38K,37,-0.0243852735540226,0.2704825,0.29486778388231544,0.29486778388231544
HEEH_KT_rd6_1415.pdb,E38T,37,0.0890553514963317,0.33082354,0.24176818919122933,0.24176818919122933
HEEH_KT_rd6_1415.pdb,E38S,37,0.150166446190556,0.29677656,0.14661011673859745,0.14661011673859745
HEEH_KT_rd6_1415.pdb,E38A,37,-0.0319639784689655,0.15923463,0.19119860655028723,0.19119860655028723
HEEH_KT_rd6_1415.pdb,E38G,37,0.2904974398647417,0.50707424,0.21657679700507032,0.21657679700507032
HEEH_KT_rd6_1415.pdb,E38M,37,-0.1047124624225488,0.16812573,0.27283819615572596,0.27283819615572596
HEEH_KT_rd6_1415.pdb,E38L,37,-0.2385192136777094,0.16953456,0.4080537776959589,0.4080537776959589
HEEH_KT_rd6_1415.pdb,E38V,37,0.0815741421433067,0.23702663,0.1554524896888161,0.1554524896888161
HEEH_KT_rd6_1415.pdb,E38I,37,-0.0293547600106385,0.18735173,0.2167064934567597,0.2167064934567597
HEEH_KT_rd6_1415.pdb,E38W,37,-0.438764401547814,0.17058054,0.6093449376749045,0.6093449376749045
HEEH_KT_rd6_1415.pdb,E38Y,37,-0.4564983659288932,0.19431882,0.6508171819946815,0.6508171819946815
HEEH_KT_rd6_1415.pdb,E38F,37,-0.6248872296293642,0.24188036,0.8667675868948366,0.8667675868948366
HEEH_KT_rd6_1415.pdb,E38P,37,0.9568670981777384,1.1654587,0.20859158102148034,0.20859158102148034
HEEH_KT_rd6_1415.pdb,E38C,37,-0.8874730641456972,0.05332917,0.9408022338959108,0.9408022338959108
HEEH_KT_rd6_1415.pdb,I39Q,38,0.5658730411364576,0.7701413,0.20426826240281848,0.20426826240281848
HEEH_KT_rd6_1415.pdb,I39E,38,0.6820679704636285,0.8552929,0.17322494583428405,0.17322494583428405
HEEH_KT_rd6_1415.pdb,I39N,38,0.9505449630174172,1.238837,0.28829204069046854,0.28829204069046854
HEEH_KT_rd6_1415.pdb,I39H,38,0.4792182743266222,0.7473097,0.2680914104267958,0.2680914104267958
HEEH_KT_rd6_1415.pdb,I39D,38,1.0981463362454196,1.233793,0.1356466840029935,0.1356466840029935
HEEH_KT_rd6_1415.pdb,I39R,38,0.5082666336928945,0.9280162,0.41974955206760356,0.41974955206760356
HEEH_KT_rd6_1415.pdb,I39K,38,0.8496484721650099,0.9568415,0.10719305625067,0.10719305625067
HEEH_KT_rd6_1415.pdb,I39T,38,0.6789443675468059,0.75015295,0.07120857797168778,0.07120857797168778
HEEH_KT_rd6_1415.pdb,I39S,38,0.6403676615342686,0.9167087,0.27634104627517964,0.27634104627517964
HEEH_KT_rd6_1415.pdb,I39A,38,0.5096376527386051,0.6645719,0.15493422855564543,0.15493422855564543
HEEH_KT_rd6_1415.pdb,I39G,38,0.6036107734649114,1.231403,0.627792219737298,0.627792219737298
HEEH_KT_rd6_1415.pdb,I39M,38,0.083335805347843,0.2506932,0.16735739667089478,0.16735739667089478
HEEH_KT_rd6_1415.pdb,I39L,38,-0.1053785395194726,-0.02909404,0.07628449912564325,0.07628449912564325
HEEH_KT_rd6_1415.pdb,I39V,38,0.5162864285453841,0.38527587,-0.13101055798378436,0.13101055798378436
HEEH_KT_rd6_1415.pdb,I39W,38,-0.3741611157952849,0.21009624,0.584257355838925,0.584257355838925
HEEH_KT_rd6_1415.pdb,I39Y,38,-0.0203659498336117,0.19302917,0.21339511510155604,0.21339511510155604
HEEH_KT_rd6_1415.pdb,I39F,38,-0.1493010197977318,0.2792517,0.42855271447699206,0.42855271447699206
HEEH_KT_rd6_1415.pdb,I39P,38,1.2451295051087832,1.5426607,0.2975312080870176,0.2975312080870176
HEEH_KT_rd6_1415.pdb,I39C,38,-0.0937330719897771,0.2850436,0.3787766692111516,0.3787766692111516
HEEH_KT_rd6_1415.pdb,L40Q,39,0.6418929096858625,0.54219925,-0.09969365564991284,0.09969365564991284
HEEH_KT_rd6_1415.pdb,L40E,39,0.8657874745504737,0.61410844,-0.2516790312902808,0.2516790312902808
HEEH_KT_rd6_1415.pdb,L40N,39,0.8110693323983558,0.6980833,-0.11298605088132696,0.11298605088132696
HEEH_KT_rd6_1415.pdb,L40H,39,0.6458237274047938,0.40706363,-0.2387600942012873,0.2387600942012873
HEEH_KT_rd6_1415.pdb,L40D,39,1.1614865373284868,0.89260197,-0.2688845704705767,0.2688845704705767
HEEH_KT_rd6_1415.pdb,L40R,39,0.6188347784063826,0.5101976,-0.10863719854569531,0.10863719854569531
HEEH_KT_rd6_1415.pdb,L40K,39,0.6403322195617216,0.5706978,-0.06963443513789347,0.06963443513789347
HEEH_KT_rd6_1415.pdb,L40T,39,0.7357158150349816,0.54438686,-0.19132895132648553,0.19132895132648553
HEEH_KT_rd6_1415.pdb,L40S,39,0.8539906596975091,0.5900283,-0.2639623737172845,0.2639623737172845
HEEH_KT_rd6_1415.pdb,L40A,39,0.5772084857851887,0.41719943,-0.16000905293530465,0.16000905293530465
HEEH_KT_rd6_1415.pdb,L40G,39,0.80459396123381,0.79318774,-0.01140622376890521,0.01140622376890521
HEEH_KT_rd6_1415.pdb,L40M,39,0.2034142433570598,0.145587,-0.05782724608647569,0.05782724608647569
HEEH_KT_rd6_1415.pdb,L40V,39,0.6625481811809859,0.27314883,-0.3893993464756331,0.3893993464756331
HEEH_KT_rd6_1415.pdb,L40I,39,0.2378006222986513,0.0851675,-0.15263312490218217,0.15263312490218217
HEEH_KT_rd6_1415.pdb,L40W,39,-0.2601611125655378,0.13406938,0.3942304957099165,0.3942304957099165
HEEH_KT_rd6_1415.pdb,L40Y,39,0.2011736089142424,0.0920046,-0.10916901172720017,0.10916901172720017
HEEH_KT_rd6_1415.pdb,L40F,39,-0.0321646125743311,0.21366253,0.2458271475264948,0.2458271475264948
HEEH_KT_rd6_1415.pdb,L40P,39,0.8444117939358255,1.1952133,0.3508015239352682,0.3508015239352682
HEEH_KT_rd6_1415.pdb,L40C,39,-0.093905934690897,0.06943932,0.16334525644725992,0.16334525644725992
HEEH_KT_rd6_1415.pdb,E41Q,40,-0.068252960956948,0.00090767443,0.06916063538874884,0.06916063538874884
HEEH_KT_rd6_1415.pdb,E41N,40,-0.1968186786221646,0.15657431,0.3533929874943875,0.3533929874943875
HEEH_KT_rd6_1415.pdb,E41H,40,0.0416491319400496,0.078679256,0.03703012420113616,0.03703012420113616
HEEH_KT_rd6_1415.pdb,E41D,40,0.1417767801165372,0.21748884,0.07571206010582152,0.07571206010582152
HEEH_KT_rd6_1415.pdb,E41R,40,-0.2482913462969218,0.025031604,0.2733229501696978,0.2733229501696978
HEEH_KT_rd6_1415.pdb,E41K,40,-0.0173113566538436,0.015507475,0.03281883119550773,0.03281883119550773
HEEH_KT_rd6_1415.pdb,E41T,40,0.1020610621706596,0.18550164,0.08344057290395587,0.08344057290395587
HEEH_KT_rd6_1415.pdb,E41S,40,-0.0359977998425966,0.12605618,0.16205397924685533,0.16205397924685533
HEEH_KT_rd6_1415.pdb,E41A,40,-0.2085279633335579,-0.021780625,0.186747338347863,0.186747338347863
HEEH_KT_rd6_1415.pdb,E41G,40,-0.0232734865862198,0.32299602,0.34626950690329744,0.34626950690329744
HEEH_KT_rd6_1415.pdb,E41M,40,-0.0707384725345781,-0.062050477,0.008687995864312903,0.008687995864312903
HEEH_KT_rd6_1415.pdb,E41L,40,-0.1463417901349801,-0.072944716,0.07339707451589289,0.07339707451589289
HEEH_KT_rd6_1415.pdb,E41V,40,0.2777050432617507,0.1345118,-0.14319324464152672,0.14319324464152672
HEEH_KT_rd6_1415.pdb,E41I,40,0.0782590002968079,0.01086764,-0.0673913599207169,0.0673913599207169
HEEH_KT_rd6_1415.pdb,E41W,40,0.0312749046398184,0.049100816,0.017825911610029013,0.017825911610029013
HEEH_KT_rd6_1415.pdb,E41Y,40,0.0456156546246053,0.057202116,0.011586461030340077,0.011586461030340077
HEEH_KT_rd6_1415.pdb,E41F,40,-0.1699500940574938,0.112110525,0.282060619427138,0.282060619427138
HEEH_KT_rd6_1415.pdb,E41P,40,0.6118630555248736,0.90308654,0.2912234875583173,0.2912234875583173
HEEH_KT_rd6_1415.pdb,E41C,40,-0.5106707873177871,-0.1325592,0.37811159215692136,0.37811159215692136
HEEH_KT_rd6_1415.pdb,K42Q,41,0.0229861056457898,0.14304966,0.12006355169902831,0.12006355169902831
HEEH_KT_rd6_1415.pdb,K42E,41,0.2652635619081316,0.30912507,0.043861503895396226,0.043861503895396226
HEEH_KT_rd6_1415.pdb,K42N,41,0.0848148207261192,0.111558944,0.026744123260773495,0.026744123260773495
HEEH_KT_rd6_1415.pdb,K42H,41,0.1046474379450153,0.14118135,0.0365339118093182,0.0365339118093182
HEEH_KT_rd6_1415.pdb,K42D,41,0.3335826822112704,0.42181915,0.08823646823657505,0.08823646823657505
HEEH_KT_rd6_1415.pdb,K42R,41,-0.0366644091446222,0.004063681,0.0407280899126352,0.0407280899126352
HEEH_KT_rd6_1415.pdb,K42T,41,0.1822585513807229,0.18688658,0.004628027417571179,0.004628027417571179
HEEH_KT_rd6_1415.pdb,K42S,41,0.0480150317813814,0.20939311,0.16137808207016585,0.16137808207016585
HEEH_KT_rd6_1415.pdb,K42A,41,0.0578308282190209,0.21971771,0.16188688299122994,0.16188688299122994
HEEH_KT_rd6_1415.pdb,K42G,41,0.0781882228757639,0.45947653,0.3812883076761465,0.3812883076761465
HEEH_KT_rd6_1415.pdb,K42M,41,0.0054768088499104,0.1482838,0.14280698567237507,0.14280698567237507
HEEH_KT_rd6_1415.pdb,K42L,41,0.0686788750470479,0.13072054,0.06204166583410903,0.06204166583410903
HEEH_KT_rd6_1415.pdb,K42V,41,0.3464523375384312,0.2324188,-0.11403353217763712,0.11403353217763712
HEEH_KT_rd6_1415.pdb,K42I,41,0.1334514145710499,0.13745469,0.004003273977991856,0.004003273977991856
HEEH_KT_rd6_1415.pdb,K42W,41,0.0264701964524904,0.24145013,0.21497993448699323,0.21497993448699323
HEEH_KT_rd6_1415.pdb,K42Y,41,0.1669711872312578,0.24545066,0.0784794733550993,0.0784794733550993
HEEH_KT_rd6_1415.pdb,K42F,41,-0.053840242112193,0.28424844,0.33808868356994143,0.33808868356994143
HEEH_KT_rd6_1415.pdb,K42P,41,0.5621382823048924,0.96144456,0.39930627440821187,0.39930627440821187
HEEH_KT_rd6_1415.pdb,K42C,41,0.0353109771752797,0.025159135,-0.010151841714426124,0.010151841714426124
HEEH_KT_rd6_1415.pdb,R43Q,42,0.2028592243779234,0.048163958,-0.15469526648407497,0.15469526648407497
HEEH_KT_rd6_1415.pdb,R43E,42,0.4571467311657464,0.0434921,-0.41365463003287667,0.41365463003287667
HEEH_KT_rd6_1415.pdb,R43N,42,0.2590897275765815,0.054098554,-0.20499117362102653,0.20499117362102653
HEEH_KT_rd6_1415.pdb,R43H,42,0.1273632880382607,0.029681057,-0.09768223130036091,0.09768223130036091
HEEH_KT_rd6_1415.pdb,R43D,42,0.4098177708726274,0.18066633,-0.22915144339612592,0.22915144339612592
HEEH_KT_rd6_1415.pdb,R43K,42,0.1151922703311005,-0.020916916,-0.13610918676109698,0.13610918676109698
HEEH_KT_rd6_1415.pdb,R43T,42,0.2612048335373904,0.018444583,-0.24276025071745172,0.24276025071745172
HEEH_KT_rd6_1415.pdb,R43S,42,0.3137082898177716,-0.019814502,-0.33352279226561515,0.33352279226561515
HEEH_KT_rd6_1415.pdb,R43A,42,0.0781545229763609,-0.06759661,-0.14575112988658961,0.14575112988658961
HEEH_KT_rd6_1415.pdb,R43G,42,0.362197955540593,0.20884788,-0.15335007517712862,0.15335007517712862
HEEH_KT_rd6_1415.pdb,R43M,42,-0.1839230934598918,-0.08016767,0.10375541993169737,0.10375541993169737
HEEH_KT_rd6_1415.pdb,R43L,42,-0.2924438254893791,-0.10360209,0.18884173650155178,0.18884173650155178
HEEH_KT_rd6_1415.pdb,R43V,42,0.0575496995883577,-0.0021569654,-0.05970666502290894,0.05970666502290894
HEEH_KT_rd6_1415.pdb,R43I,42,-0.1240446112559015,-0.025376253,0.09866835842587296,0.09866835842587296
HEEH_KT_rd6_1415.pdb,R43W,42,-0.4944866127683518,-0.067371584,0.4271150282933114,0.4271150282933114
HEEH_KT_rd6_1415.pdb,R43Y,42,-0.2668278292344568,-0.02689416,0.23993366961941698,0.23993366961941698
HEEH_KT_rd6_1415.pdb,R43F,42,-0.2660627255120245,0.046058826,0.31212155166053446,0.31212155166053446
HEEH_KT_rd6_1415.pdb,R43P,42,0.4628300769475308,0.45878747,-0.004042605891546314,0.004042605891546314
HEEH_rd4_0094.pdb,I1Q,0,0.0955549872879228,0.26416638,0.16861139764745622,0.16861139764745622
HEEH_rd4_0094.pdb,I1E,0,-0.2792549409506724,0.24421678,0.5234717257855341,0.5234717257855341
HEEH_rd4_0094.pdb,I1N,0,0.1367505685119141,0.12240134,-0.014349226715992786,0.014349226715992786
HEEH_rd4_0094.pdb,I1H,0,0.1368287013251294,0.12551601,-0.011312689014147642,0.011312689014147642
HEEH_rd4_0094.pdb,I1D,0,-0.1515492469271193,0.16811103,0.31966027321419815,0.31966027321419815
HEEH_rd4_0094.pdb,I1R,0,0.3125024698813994,0.3270417,0.014539215699807873,0.014539215699807873
HEEH_rd4_0094.pdb,I1K,0,0.3526380094788344,0.22629885,-0.12633915572383714,0.12633915572383714
HEEH_rd4_0094.pdb,I1T,0,0.0351834280561145,0.1592127,0.12402926551592988,0.12402926551592988
HEEH_rd4_0094.pdb,I1S,0,-0.1099015505697273,0.10090865,0.21081020251770244,0.21081020251770244
HEEH_rd4_0094.pdb,I1A,0,-0.0647193369798113,0.049847625,0.11456696217579138,0.11456696217579138
HEEH_rd4_0094.pdb,I1G,0,0.2345063245304146,0.14908326,-0.08542306780891801,0.08542306780891801
HEEH_rd4_0094.pdb,I1M,0,-0.0019793281589817,-0.02652365,-0.024544321533553702,0.024544321533553702
HEEH_rd4_0094.pdb,I1L,0,-0.2767048169911574,0.033455223,0.3101600398362349,0.3101600398362349
HEEH_rd4_0094.pdb,I1V,0,0.255936207725814,0.05159933,-0.20433687652569116,0.20433687652569116
HEEH_rd4_0094.pdb,I1W,0,-0.4017030258568943,-0.09458704,0.3071159829291523,0.3071159829291523
HEEH_rd4_0094.pdb,I1Y,0,-0.0476317843871556,-0.020157821,0.0274739629106961,0.0274739629106961
HEEH_rd4_0094.pdb,I1F,0,-0.0598489392088779,-0.053947553,0.005901386170280791,0.005901386170280791
HEEH_rd4_0094.pdb,I1P,0,0.1114160824553294,0.1959789,0.08456281237442066,0.08456281237442066
HEEH_rd4_0094.pdb,I1C,0,-0.6629623861746823,-0.23814254,0.4248198510842358,0.4248198510842358
HEEH_rd4_0094.pdb,E2Q,1,0.5563422839001713,0.1636974,-0.3926448772505817,0.3926448772505817
HEEH_rd4_0094.pdb,E2N,1,0.4012739167488623,0.22504692,-0.17622699895272737,0.17622699895272737
HEEH_rd4_0094.pdb,E2H,1,0.5271337723270544,0.20301291,-0.3241208588615545,0.3241208588615545
HEEH_rd4_0094.pdb,E2D,1,-0.0024819141224261,0.11206612,0.1145480340317126,0.1145480340317126
HEEH_rd4_0094.pdb,E2R,1,0.7453859449820368,0.26103264,-0.48435330404804633,0.48435330404804633
HEEH_rd4_0094.pdb,E2K,1,0.6673905554188313,0.17525065,-0.4921399059666218,0.4921399059666218
HEEH_rd4_0094.pdb,E2T,1,0.4847263397205998,0.17933118,-0.3053951562870671,0.3053951562870671
HEEH_rd4_0094.pdb,E2S,1,0.3843562666870923,0.11757207,-0.26678419751900145,0.26678419751900145
HEEH_rd4_0094.pdb,E2A,1,0.3076198252227411,-0.0069176555,-0.3145374806907282,0.3145374806907282
HEEH_rd4_0094.pdb,E2G,1,0.6243923703929541,0.3092764,-0.3151159683963416,0.3151159683963416
HEEH_rd4_0094.pdb,E2M,1,0.2197108024695819,0.15548658,-0.06422421875986511,0.06422421875986511
HEEH_rd4_0094.pdb,E2L,1,0.3500769534570964,0.08281554,-0.2672614106399806,0.2672614106399806
HEEH_rd4_0094.pdb,E2V,1,0.188004486855851,0.15287042,-0.03513407021461565,0.03513407021461565
HEEH_rd4_0094.pdb,E2I,1,-0.0245018211562411,0.1541709,0.17867272173950832,0.17867272173950832
HEEH_rd4_0094.pdb,E2W,1,0.1509190441228858,0.07184737,-0.0790716723658553,0.0790716723658553
HEEH_rd4_0094.pdb,E2Y,1,0.539321833039804,0.19633488,-0.3429869494691329,0.3429869494691329
HEEH_rd4_0094.pdb,E2F,1,0.2916680010480097,0.22574896,-0.06591904484454902,0.06591904484454902
HEEH_rd4_0094.pdb,E2P,1,0.7142486037686524,0.35311866,-0.3611299457028565,0.3611299457028565
HEEH_rd4_0094.pdb,E3Q,2,0.0151581489139647,-0.002115801,-0.017273949890717934,0.017273949890717934
HEEH_rd4_0094.pdb,E3N,2,0.2070364404836353,0.23570165,0.02866520989745297,0.02866520989745297
HEEH_rd4_0094.pdb,E3H,2,0.1606527709826344,0.20755592,0.046903148903000985,0.046903148903000985
HEEH_rd4_0094.pdb,E3D,2,0.0963440645477899,0.3402598,0.24391572587274232,0.24391572587274232
HEEH_rd4_0094.pdb,E3R,2,-0.0762657285439063,0.036002994,0.1122687221275855,0.1122687221275855
HEEH_rd4_0094.pdb,E3K,2,0.1975230748997556,-0.06046152,-0.25798459604843726,0.25798459604843726
HEEH_rd4_0094.pdb,E3T,2,0.0381390869699553,0.17025399,0.13211490511073318,0.13211490511073318
HEEH_rd4_0094.pdb,E3S,2,0.1912154547595048,0.1392326,-0.05198284906378031,0.05198284906378031
HEEH_rd4_0094.pdb,E3A,2,-0.1109379266345276,-0.21533966,-0.10440173401000365,0.10440173401000365
HEEH_rd4_0094.pdb,E3G,2,0.6886816613603794,0.4674192,-0.2212624542642796,0.2212624542642796
HEEH_rd4_0094.pdb,E3M,2,-0.3693096903441297,-0.06566261,0.30364708279350866,0.30364708279350866
HEEH_rd4_0094.pdb,E3L,2,-0.5539118596975316,-0.090654895,0.46325696498794455,0.46325696498794455
HEEH_rd4_0094.pdb,E3V,2,0.0606237200534072,0.061182324,0.0005586037898335366,0.0005586037898335366
HEEH_rd4_0094.pdb,E3I,2,-0.2446212298576622,-0.0033704713,0.24125075855896758,0.24125075855896758
HEEH_rd4_0094.pdb,E3W,2,-0.919725828734662,0.015782505,0.935508334008481,0.935508334008481
HEEH_rd4_0094.pdb,E3Y,2,-0.4561734262268979,0.13966931,0.5958427402537305,0.5958427402537305
HEEH_rd4_0094.pdb,E3F,2,-0.7264058153420416,0.11530231,0.8417081247359244,0.8417081247359244
HEEH_rd4_0094.pdb,E3P,2,0.8802291212665265,0.6570854,-0.22314370256535465,0.22314370256535465
HEEH_rd4_0094.pdb,V4Q,3,0.7314264487080724,1.2060881,0.47466161739300183,0.47466161739300183
HEEH_rd4_0094.pdb,V4E,3,0.5620713486387061,1.1257312,0.5636598811433984,0.5636598811433984
HEEH_rd4_0094.pdb,V4N,3,1.6123207556855603,1.7113254,0.09900465134263792,0.09900465134263792
HEEH_rd4_0094.pdb,V4H,3,0.7924417332072924,1.0856898,0.2932480498890211,0.2932480498890211
HEEH_rd4_0094.pdb,V4D,3,1.5539580678369411,1.588135,0.034176936206637976,0.034176936206637976
HEEH_rd4_0094.pdb,V4R,3,1.1539056263440517,1.478456,0.3245503940111729,0.3245503940111729
HEEH_rd4_0094.pdb,V4K,3,1.3532923030446355,1.5075107,0.15421835903422187,0.15421835903422187
HEEH_rd4_0094.pdb,V4T,3,1.292779033753022,0.65018046,-0.6425985747305001,0.6425985747305001
HEEH_rd4_0094.pdb,V4S,3,1.085968410255731,0.9878705,-0.0980978958628782,0.0980978958628782
HEEH_rd4_0094.pdb,V4A,3,0.4385623866143171,0.58680856,0.14824617566443044,0.14824617566443044
HEEH_rd4_0094.pdb,V4G,3,1.3571155091492813,1.4765292,0.11941373145893408,0.11941373145893408
HEEH_rd4_0094.pdb,V4M,3,-0.5665364642821396,0.57486665,1.141403116770848,1.141403116770848
HEEH_rd4_0094.pdb,V4L,3,-0.9400507398891862,0.48765472,1.4277054556656297,1.4277054556656297
HEEH_rd4_0094.pdb,V4I,3,-0.2257109651989561,-0.022747397,0.20296356777616556,0.20296356777616556
HEEH_rd4_0094.pdb,V4W,3,-0.4919589744043731,0.29036146,0.7823204384279632,0.7823204384279632
HEEH_rd4_0094.pdb,V4Y,3,-0.4217896217638985,0.32120085,0.742990469389631,0.742990469389631
HEEH_rd4_0094.pdb,V4F,3,-0.8418803648039437,0.30090433,1.1427846983954049,1.1427846983954049
HEEH_rd4_0094.pdb,V4P,3,1.286268012117362,1.7164857,0.4302177266369105,0.4302177266369105
HEEH_rd4_0094.pdb,V4C,3,-0.7944611311379091,0.38071346,1.175174593967499,1.175174593967499
HEEH_rd4_0094.pdb,K5Q,4,-0.2914675259086179,0.10668485,0.398152374574809,0.398152374574809
HEEH_rd4_0094.pdb,K5E,4,-0.8826000477105977,0.240626,1.1232260550290945,1.1232260550290945
HEEH_rd4_0094.pdb,K5N,4,-0.3016051548944776,0.26367128,0.5652764338480298,0.5652764338480298
HEEH_rd4_0094.pdb,K5H,4,-0.0929631353386595,0.12923484,0.22219797084414505,0.22219797084414505
HEEH_rd4_0094.pdb,K5D,4,-0.4610952120221254,0.48775667,0.9488518815434572,0.9488518815434572
HEEH_rd4_0094.pdb,K5R,4,-0.0290979007202483,0.016123042,0.04522094223083027,0.04522094223083027
HEEH_rd4_0094.pdb,K5T,4,-0.0071134575848206,0.102475755,0.10958921250148854,0.10958921250148854
HEEH_rd4_0094.pdb,K5S,4,-0.103048673628344,0.25745273,0.36050139999247977,0.36050139999247977
HEEH_rd4_0094.pdb,K5A,4,-0.2388211885943323,0.16948193,0.40830312171124516,0.40830312171124516
HEEH_rd4_0094.pdb,K5G,4,0.1840380029841304,0.6171851,0.43314711283007856,0.43314711283007856
HEEH_rd4_0094.pdb,K5M,4,-0.2971897603380213,-0.047562584,0.2496271760570536,0.2496271760570536
HEEH_rd4_0094.pdb,K5L,4,-0.2552843841803605,-0.13073249,0.12455189256792609,0.12455189256792609
HEEH_rd4_0094.pdb,K5V,4,0.2698513431334133,-0.037695423,-0.30754676590200614,0.30754676590200614
HEEH_rd4_0094.pdb,K5I,4,-0.0122362440231014,-0.1751618,-0.16292554980490917,0.16292554980490917
HEEH_rd4_0094.pdb,K5W,4,-0.462837291022129,0.028633028,0.4914703192909431,0.4914703192909431
HEEH_rd4_0094.pdb,K5Y,4,-0.0612724968357176,0.015823632,0.07709612931443159,0.07709612931443159
HEEH_rd4_0094.pdb,K5F,4,-0.0842955621195322,0.06264622,0.14694177976374684,0.14694177976374684
HEEH_rd4_0094.pdb,K5P,4,1.1084281665603692,1.4139873,0.3055591123779242,0.3055591123779242
HEEH_rd4_0094.pdb,K5C,4,-0.4428520585158977,-0.094918594,0.3479334647515926,0.3479334647515926
HEEH_rd4_0094.pdb,K6Q,5,0.357020624659464,0.2945386,-0.06248203732769214,0.06248203732769214
HEEH_rd4_0094.pdb,K6E,5,0.7638879675438259,0.63457215,-0.12931581922076685,0.12931581922076685
HEEH_rd4_0094.pdb,K6N,5,0.4610184134107502,0.5086389,0.047620504989060564,0.047620504989060564
HEEH_rd4_0094.pdb,K6H,5,0.30483767388426,0.40146378,0.09662610294259855,0.09662610294259855
HEEH_rd4_0094.pdb,K6D,5,0.6458634878728455,0.9835992,0.337735698070758,0.337735698070758
HEEH_rd4_0094.pdb,K6R,5,-0.1735522886702254,-0.07039201,0.10316027607409503,0.10316027607409503
HEEH_rd4_0094.pdb,K6T,5,0.6537059371036504,0.24897584,-0.4047300939125036,0.4047300939125036
HEEH_rd4_0094.pdb,K6S,5,0.4691784360653903,0.4561398,-0.013038633132651023,0.013038633132651023
HEEH_rd4_0094.pdb,K6A,5,0.2052529553378952,0.42102677,0.21577381096230622,0.21577381096230622
HEEH_rd4_0094.pdb,K6G,5,0.877349671316995,0.9316759,0.05432623963271199,0.05432623963271199
HEEH_rd4_0094.pdb,K6M,5,0.3037148296893375,0.17949261,-0.12422222197659183,0.12422222197659183
HEEH_rd4_0094.pdb,K6L,5,0.3086747255775344,0.17345253,-0.13522219924658652,0.13522219924658652
HEEH_rd4_0094.pdb,K6V,5,0.4060375014587705,0.2076914,-0.19834610021556065,0.19834610021556065
HEEH_rd4_0094.pdb,K6I,5,0.6065645536034017,0.010512769,-0.5960517843811421,0.5960517843811421
HEEH_rd4_0094.pdb,K6W,5,-0.0935193547764585,0.3711248,0.4646441587963865,0.4646441587963865
HEEH_rd4_0094.pdb,K6Y,5,0.4558123318041867,0.3486339,-0.10717844642058072,0.10717844642058072
HEEH_rd4_0094.pdb,K6F,5,0.1949629406305475,0.32942614,0.13446319896257689,0.13446319896257689
HEEH_rd4_0094.pdb,K6P,5,1.5207157662388773,1.7447798,0.224064058971694,0.224064058971694
HEEH_rd4_0094.pdb,K6C,5,-0.0006029916620255,0.18908559,0.18968857952117923,0.18968857952117923
HEEH_rd4_0094.pdb,I7Q,6,1.196528384021985,1.2815435,0.08501510924888911,0.08501510924888911
HEEH_rd4_0094.pdb,I7E,6,2.0630118047298343,1.8991989,-0.1638129149974734,0.1638129149974734
HEEH_rd4_0094.pdb,I7N,6,1.794723904288969,1.7709897,-0.02373424784060485,0.02373424784060485
HEEH_rd4_0094.pdb,I7H,6,1.3789259171998256,1.1405078,-0.23841809993145402,0.23841809993145402
HEEH_rd4_0094.pdb,I7D,6,1.2043303414643702,2.351906,1.1475757197081151,1.1475757197081151
HEEH_rd4_0094.pdb,I7R,6,1.6204927321752682,0.9822406,-0.6382521149000302,0.6382521149000302
HEEH_rd4_0094.pdb,I7K,6,1.3886052275547418,1.0801418,-0.3084634447941217,0.3084634447941217
HEEH_rd4_0094.pdb,I7T,6,1.319084812071532,0.9327291,-0.38635568704864376,0.38635568704864376
HEEH_rd4_0094.pdb,I7S,6,1.903373226313913,1.4619321,-0.44144116321119076,0.44144116321119076
HEEH_rd4_0094.pdb,I7A,6,1.059822735690886,1.1668789,0.10705620298404073,0.10705620298404073
HEEH_rd4_0094.pdb,I7G,6,1.91067095467431,2.083279,0.17260793975012856,0.17260793975012856
HEEH_rd4_0094.pdb,I7M,6,0.5559921341688996,0.39732802,-0.1586641150267487,0.1586641150267487
HEEH_rd4_0094.pdb,I7L,6,-0.1283560958753837,0.23127168,0.359627780045153,0.359627780045153
HEEH_rd4_0094.pdb,I7V,6,0.6836575948630155,0.4096895,-0.27396810883625156,0.27396810883625156
HEEH_rd4_0094.pdb,I7W,6,-0.0391681067923257,0.4207551,0.45992319512164087,0.45992319512164087
HEEH_rd4_0094.pdb,I7Y,6,0.3817125547399893,0.41547996,0.03376740331741429,0.03376740331741429
HEEH_rd4_0094.pdb,I7F,6,0.7134117197552725,0.40236127,-0.31105044598970855,0.31105044598970855
HEEH_rd4_0094.pdb,I7P,6,1.9997400961052367,2.5837903,0.5840502061713746,0.5840502061713746
HEEH_rd4_0094.pdb,V8Q,7,1.4490370698884265,0.767612,-0.6814250894501941,0.6814250894501941
HEEH_rd4_0094.pdb,V8E,7,1.18605641974119,0.82943195,-0.35662446869520004,0.35662446869520004
HEEH_rd4_0094.pdb,V8N,7,1.8674176301074272,1.5436969,-0.32372074976685106,0.32372074976685106
HEEH_rd4_0094.pdb,V8H,7,1.7464310502987053,1.0880641,-0.6583669757824089,0.6583669757824089
HEEH_rd4_0094.pdb,V8D,7,1.751690713792731,1.4883804,-0.26331028166382464,0.26331028166382464
HEEH_rd4_0094.pdb,V8R,7,1.4463051861313845,1.3920999,-0.054205328801062214,0.054205328801062214
HEEH_rd4_0094.pdb,V8K,7,1.6282489687911192,1.3498547,-0.27839426107322374,0.27839426107322374
HEEH_rd4_0094.pdb,V8T,7,0.9182803021963796,0.1741975,-0.7440828072127065,0.7440828072127065
HEEH_rd4_0094.pdb,V8S,7,1.919602421338853,0.5920273,-1.3275751147821513,1.3275751147821513
HEEH_rd4_0094.pdb,V8A,7,1.0194723579760507,0.5230701,-0.49640226100644624,0.49640226100644624
HEEH_rd4_0094.pdb,V8G,7,1.8081243681129069,1.3100986,-0.4980257200416178,0.4980257200416178
HEEH_rd4_0094.pdb,V8M,7,0.4476119615729073,0.26347774,-0.18413421890094073,0.18413421890094073
HEEH_rd4_0094.pdb,V8L,7,-0.0506879373566415,0.4991302,0.5498181267754342,0.5498181267754342
HEEH_rd4_0094.pdb,V8I,7,-0.5473071578022046,0.20257789,0.7498850467678113,0.7498850467678113
HEEH_rd4_0094.pdb,V8W,7,0.9301162809132884,0.6069027,-0.323213562369282,0.323213562369282
HEEH_rd4_0094.pdb,V8Y,7,0.928408775736996,0.5850145,-0.3433942536613429,0.3433942536613429
HEEH_rd4_0094.pdb,V8F,7,0.7015039159376695,0.5899652,-0.11153869167161723,0.11153869167161723
HEEH_rd4_0094.pdb,V8P,7,1.6288735599975177,1.6528218,0.023948219253580927,0.023948219253580927
HEEH_rd4_0094.pdb,V8C,7,0.5326623997444901,0.15655589,-0.37610650870750284,0.37610650870750284
HEEH_rd4_0094.pdb,S9Q,8,-0.4999991410507243,-0.033922672,0.4660764687789958,0.4660764687789958
HEEH_rd4_0094.pdb,S9E,8,-0.2359087093445255,0.09385707,0.3297657816382839,0.3297657816382839
HEEH_rd4_0094.pdb,S9N,8,0.0932846041433781,0.24466962,0.1513850120790035,0.1513850120790035
HEEH_rd4_0094.pdb,S9H,8,-0.1751644386488657,0.1312918,0.3064562453467111,0.3064562453467111
HEEH_rd4_0094.pdb,S9D,8,-0.1783896192873677,0.31960925,0.4979988738859853,0.4979988738859853
HEEH_rd4_0094.pdb,S9R,8,-0.1522975855846868,-0.064207226,0.08809035954670769,0.08809035954670769
HEEH_rd4_0094.pdb,S9K,8,-0.2306302587305357,-0.093493596,0.13713666301119823,0.13713666301119823
HEEH_rd4_0094.pdb,S9T,8,0.2495593179417174,0.15673533,-0.09282398712163378,0.09282398712163378
HEEH_rd4_0094.pdb,S9A,8,-0.3514208853685194,-0.26504543,0.08637545113199291,0.08637545113199291
HEEH_rd4_0094.pdb,S9G,8,0.4755480024096026,0.301697,-0.17385101644959589,0.17385101644959589
HEEH_rd4_0094.pdb,S9M,8,-0.2755362562232362,-0.1448079,0.1307283512645112,0.1307283512645112
HEEH_rd4_0094.pdb,S9L,8,-0.4437977780240767,-0.020210013,0.42358776523053576,0.42358776523053576
HEEH_rd4_0094.pdb,S9V,8,0.403121369667073,0.25734755,-0.14577381569864345,0.14577381569864345
HEEH_rd4_0094.pdb,S9I,8,0.0700454673871315,0.06788486,-0.0021606049641883784,0.0021606049641883784
HEEH_rd4_0094.pdb,S9W,8,-0.3677412298943818,0.041034788,0.4087760177876771,0.4087760177876771
HEEH_rd4_0094.pdb,S9Y,8,-0.2259512063157109,0.08998771,0.3159389164340046,0.3159389164340046
HEEH_rd4_0094.pdb,S9F,8,-0.2971354490770808,0.09441352,0.39154896798272043,0.39154896798272043
HEEH_rd4_0094.pdb,S9P,8,1.589497186710942,1.491167,-0.09833023743878622,0.09833023743878622
HEEH_rd4_0094.pdb,S9C,8,-0.0315271946495032,-0.18057787,-0.14905067953415158,0.14905067953415158
HEEH_rd4_0094.pdb,E10Q,9,0.5242996317871065,0.18168113,-0.3426185054309816,0.3426185054309816
HEEH_rd4_0094.pdb,E10N,9,0.8295637501812525,0.72512937,-0.104434384260232,0.104434384260232
HEEH_rd4_0094.pdb,E10H,9,0.4033619482219244,0.43831396,0.03495201280712834,0.03495201280712834
HEEH_rd4_0094.pdb,E10D,9,0.5492868065870677,0.6053242,0.056037402149351934,0.056037402149351934
HEEH_rd4_0094.pdb,E10R,9,-0.5035004793423803,0.32290313,0.8264036058205755,0.8264036058205755
HEEH_rd4_0094.pdb,E10K,9,0.8192874021469145,0.3761933,-0.4430940873561888,0.4430940873561888
HEEH_rd4_0094.pdb,E10T,9,0.7035246931769414,0.33547142,-0.3680532716967626,0.3680532716967626
HEEH_rd4_0094.pdb,E10S,9,0.9243789125424966,0.4633894,-0.46098951587501613,0.46098951587501613
HEEH_rd4_0094.pdb,E10A,9,0.6704250585673144,0.2020821,-0.4683429610369494,0.4683429610369494
HEEH_rd4_0094.pdb,E10G,9,1.4011380848738884,1.0753487,-0.3257893500182365,0.3257893500182365
HEEH_rd4_0094.pdb,E10M,9,-0.2295808296065837,0.0043002665,0.2338810961108714,0.2338810961108714
HEEH_rd4_0094.pdb,E10L,9,-0.2301347097272734,-0.063818455,0.16631625498484176,0.16631625498484176
HEEH_rd4_0094.pdb,E10V,9,0.2921253532927808,0.15728948,-0.13483587809022035,0.13483587809022035
HEEH_rd4_0094.pdb,E10I,9,-0.0569285815621598,-0.080516756,-0.023588174018742303,0.023588174018742303
HEEH_rd4_0094.pdb,E10W,9,-0.0816570321212664,0.049705118,0.13136215006216911,0.13136215006216911
HEEH_rd4_0094.pdb,E10Y,9,-0.2325171486240518,0.088004634,0.32052178240834595,0.32052178240834595
HEEH_rd4_0094.pdb,E10F,9,0.0211275590082258,0.13941881,0.11829125159777701,0.11829125159777701
HEEH_rd4_0094.pdb,E10P,9,1.7331104331706575,2.1701808,0.4370703644062468,0.4370703644062468
HEEH_rd4_0094.pdb,E10C,9,-0.3723923466220595,0.06489441,0.4372867546096541,0.4372867546096541
HEEH_rd4_0094.pdb,I11Q,10,1.8633203281228443,2.449715,0.586394570940266,0.586394570940266
HEEH_rd4_0094.pdb,I11E,10,1.9981818061975456,2.6552236,0.6570418018194222,0.6570418018194222
HEEH_rd4_0094.pdb,I11N,10,1.7478535610825598,2.714406,0.9665524524062097,0.9665524524062097
HEEH_rd4_0094.pdb,I11H,10,1.846774865741788,2.3931925,0.5464176639365568,0.5464176639365568
HEEH_rd4_0094.pdb,I11D,10,1.9006335382155577,2.6494253,0.7487917299576601,0.7487917299576601
HEEH_rd4_0094.pdb,I11R,10,1.4299276762211903,2.583753,1.1538254327570812,1.1538254327570812
HEEH_rd4_0094.pdb,I11K,10,1.714286332752924,2.7578907,1.0436043685410212,1.0436043685410212
HEEH_rd4_0094.pdb,I11T,10,1.96594929259394,2.1349735,0.16902423340703665,0.16902423340703665
HEEH_rd4_0094.pdb,I11S,10,1.8432113727049573,2.3616822,0.5184708038850085,0.5184708038850085
HEEH_rd4_0094.pdb,I11A,10,1.6977583598297428,1.6956475,-0.002110881726105074,0.002110881726105074
HEEH_rd4_0094.pdb,I11G,10,1.6296762126918454,2.4837565,0.8540803295139652,0.8540803295139652
HEEH_rd4_0094.pdb,I11M,10,1.5452418513747108,1.1215724,-0.42366947607716443,0.42366947607716443
HEEH_rd4_0094.pdb,I11L,10,1.4042225854514077,0.7954254,-0.6087971704123452,0.6087971704123452
HEEH_rd4_0094.pdb,I11V,10,1.2722634359040907,0.80163634,-0.470627097670143,0.470627097670143
HEEH_rd4_0094.pdb,I11W,10,1.3543428925338965,1.6926539,0.338311001890542,0.338311001890542
HEEH_rd4_0094.pdb,I11Y,10,1.674708658744155,1.6126244,-0.06208425192957989,0.06208425192957989
HEEH_rd4_0094.pdb,I11F,10,1.7172456755129266,1.1785972,-0.5386484636751581,0.5386484636751581
HEEH_rd4_0094.pdb,I11P,10,1.9560162875575464,3.0010402,1.0450239327030737,1.0450239327030737
HEEH_rd4_0094.pdb,I11C,10,1.3841612825598366,1.4653877,0.0812264194283836,0.0812264194283836
HEEH_rd4_0094.pdb,Q12E,11,0.3918098596092698,0.34942457,-0.04238528881039588,0.04238528881039588
HEEH_rd4_0094.pdb,Q12N,11,0.7656418688345241,0.4121325,-0.35350936723235127,0.35350936723235127
HEEH_rd4_0094.pdb,Q12H,11,0.2663221337506281,-0.050048415,-0.31637054836840495,0.31637054836840495
HEEH_rd4_0094.pdb,Q12D,11,1.4334526641355518,0.9676657,-0.46578699183330574,0.46578699183330574
HEEH_rd4_0094.pdb,Q12R,11,-0.5654920616029524,-0.09248689,0.4730051734327101,0.4730051734327101
HEEH_rd4_0094.pdb,Q12K,11,0.2566468246544291,0.023379616,-0.23326720821508662,0.23326720821508662
HEEH_rd4_0094.pdb,Q12T,11,0.3299326476614195,-0.062432893,-0.392365540281983,0.392365540281983
HEEH_rd4_0094.pdb,Q12S,11,0.8894973391205447,0.32798147,-0.5615158671051639,0.5615158671051639
HEEH_rd4_0094.pdb,Q12A,11,0.7797666447947686,0.07716162,-0.7026050272176927,0.7026050272176927
HEEH_rd4_0094.pdb,Q12G,11,1.1646048604877397,0.96788836,-0.19671650523261275,0.19671650523261275
HEEH_rd4_0094.pdb,Q12M,11,-0.8729098629623944,-0.6216499,0.2512599420219952,0.2512599420219952
HEEH_rd4_0094.pdb,Q12L,11,-1.1013896004254191,-0.86525345,0.236136151939091,0.236136151939091
HEEH_rd4_0094.pdb,Q12V,11,-0.1930082171913416,-0.47001806,-0.27700984182393246,0.27700984182393246
HEEH_rd4_0094.pdb,Q12I,11,-0.8382023645969254,-0.7567909,0.08141148820837563,0.08141148820837563
HEEH_rd4_0094.pdb,Q12W,11,-0.2653322391425567,-0.65874213,-0.39340989066014714,0.39340989066014714
HEEH_rd4_0094.pdb,Q12Y,11,-0.4488914655091283,-0.5767359,-0.12784444824438124,0.12784444824438124
HEEH_rd4_0094.pdb,Q12F,11,-0.4746973092917477,-0.43381816,0.04087914780416835,0.04087914780416835
HEEH_rd4_0094.pdb,Q12P,11,1.490560247622983,1.7848246,0.29426436213348683,0.29426436213348683
HEEH_rd4_0094.pdb,Q12C,11,-0.3902520587423117,-0.69792145,-0.3076693961641519,0.3076693961641519
HEEH_rd4_0094.pdb,S13Q,12,0.0419003635484784,-0.09658087,-0.1384812339980214,0.1384812339980214
HEEH_rd4_0094.pdb,S13E,12,0.0649090316141358,-0.014237873,-0.07914690487034232,0.07914690487034232
HEEH_rd4_0094.pdb,S13N,12,0.316006953976395,0.17361331,-0.1423936441161655,0.1423936441161655
HEEH_rd4_0094.pdb,S13D,12,0.1992230671601023,0.21997932,0.020756248836067748,0.020756248836067748
HEEH_rd4_0094.pdb,S13R,12,0.0170932366463079,-0.060418464,-0.07751170088971993,0.07751170088971993
HEEH_rd4_0094.pdb,S13K,12,0.0539859109928659,-0.08051071,-0.1344966241529039,0.1344966241529039
HEEH_rd4_0094.pdb,S13T,12,0.1651227842852436,0.16117673,-0.003946058063205332,0.003946058063205332
HEEH_rd4_0094.pdb,S13A,12,-0.0265717387496917,-0.21765235,-0.19108061191444708,0.19108061191444708
HEEH_rd4_0094.pdb,S13G,12,0.6970044339349573,0.35979053,-0.3372139001539056,0.3372139001539056
HEEH_rd4_0094.pdb,S13M,12,0.1791259611064135,-0.17950457,-0.3586305344515978,0.3586305344515978
HEEH_rd4_0094.pdb,S13L,12,0.0502634333595017,-0.10579584,-0.15605927129828726,0.15605927129828726
HEEH_rd4_0094.pdb,S13V,12,0.4643324583492587,0.22585952,-0.23847293552973964,0.23847293552973964
HEEH_rd4_0094.pdb,S13I,12,0.0723022198756426,0.013518296,-0.05878392369348699,0.05878392369348699
HEEH_rd4_0094.pdb,S13W,12,0.579466379182576,-0.011820786,-0.5912871648838509,0.5912871648838509
HEEH_rd4_0094.pdb,S13Y,12,0.6237430799891277,0.039589055,-0.5841540251066013,0.5841540251066013
HEEH_rd4_0094.pdb,S13F,12,0.3452097542292418,0.051411048,-0.29379870665138386,0.29379870665138386
HEEH_rd4_0094.pdb,S13P,12,1.851550663681383,1.3772644,-0.4742862832263659,0.4742862832263659
HEEH_rd4_0094.pdb,S13C,12,0.3421841809627115,-0.19398972,-0.5361739048835337,0.5361739048835337
HEEH_rd4_0094.pdb,K14Q,13,0.4605447005911136,0.33320743,-0.1273372721357608,0.1273372721357608
HEEH_rd4_0094.pdb,K14E,13,1.2352030479204363,0.8745961,-0.3606069289934344,0.3606069289934344
HEEH_rd4_0094.pdb,K14N,13,0.581963901969776,0.61029255,0.028328651931896376,0.028328651931896376
HEEH_rd4_0094.pdb,K14H,13,0.6260739762116136,0.42237514,-0.20369883363730334,0.20369883363730334
HEEH_rd4_0094.pdb,K14D,13,1.5888785468854698,1.3402327,-0.2486458169736656,0.2486458169736656
HEEH_rd4_0094.pdb,K14R,13,0.286966631017584,0.03767234,-0.24929429014768045,0.24929429014768045
HEEH_rd4_0094.pdb,K14T,13,0.8040094951329162,0.71831083,-0.08569866215562127,0.08569866215562127
HEEH_rd4_0094.pdb,K14S,13,0.6259677600604736,0.70152175,0.07555399420435793,0.07555399420435793
HEEH_rd4_0094.pdb,K14A,13,0.8876490568370827,0.5733586,-0.3142904614658364,0.3142904614658364
HEEH_rd4_0094.pdb,K14G,13,0.6177136582293736,0.9204544,0.3027407246670497,0.3027407246670497
HEEH_rd4_0094.pdb,K14M,13,0.0374513652748573,0.20473942,0.16728805633120655,0.16728805633120655
HEEH_rd4_0094.pdb,K14L,13,0.1870495421103344,0.16710138,-0.019948158901105878,0.019948158901105878
HEEH_rd4_0094.pdb,K14V,13,1.2781387263407804,0.60954154,-0.668597190963278,0.668597190963278
HEEH_rd4_0094.pdb,K14I,13,1.173733800766764,0.5402558,-0.6334780157783606,0.6334780157783606
HEEH_rd4_0094.pdb,K14W,13,0.1052241934591635,0.6400378,0.5348135815805093,0.5348135815805093
HEEH_rd4_0094.pdb,K14Y,13,0.7196560780634516,0.58043116,-0.13922491475244692,0.13922491475244692
HEEH_rd4_0094.pdb,K14F,13,0.924490919738346,0.56584865,-0.35864227119021974,0.35864227119021974
HEEH_rd4_0094.pdb,K14P,13,1.019626355484598,2.006254,0.9866276022638152,0.9866276022638152
HEEH_rd4_0094.pdb,K14C,13,-0.1631855249428637,0.18792284,0.3511083602929003,0.3511083602929003
HEEH_rd4_0094.pdb,Q15E,14,0.9660456361912956,0.44802356,-0.5180220785283317,0.5180220785283317
HEEH_rd4_0094.pdb,Q15N,14,0.3913243855442574,0.14648892,-0.2448354656900933,0.2448354656900933
HEEH_rd4_0094.pdb,Q15H,14,0.3536100609630517,0.122944534,-0.23066552713813104,0.23066552713813104
HEEH_rd4_0094.pdb,Q15D,14,1.5117516936037665,0.6319607,-0.8797910035822516,0.8797910035822516
HEEH_rd4_0094.pdb,Q15R,14,-0.2398705818701949,0.021789998,0.2616605796862807,0.2616605796862807
HEEH_rd4_0094.pdb,Q15K,14,-0.0214340069020693,-0.011935204,0.009498802634567469,0.009498802634567469
HEEH_rd4_0094.pdb,Q15T,14,1.2675864591742243,0.65230405,-0.6152824058676447,0.6152824058676447
HEEH_rd4_0094.pdb,Q15S,14,0.361700377601005,0.33437282,-0.027327559131003765,0.027327559131003765
HEEH_rd4_0094.pdb,Q15A,14,0.3836261807136294,0.20780239,-0.1758237956218478,0.1758237956218478
HEEH_rd4_0094.pdb,Q15G,14,-0.0995641282981991,0.24798195,0.3475460789388775,0.3475460789388775
HEEH_rd4_0094.pdb,Q15M,14,0.3518026448698435,0.15491673,-0.1968859113665018,0.1968859113665018
HEEH_rd4_0094.pdb,Q15L,14,0.3103467642266477,0.28441662,-0.02593014826366552,0.02593014826366552
HEEH_rd4_0094.pdb,Q15V,14,1.0690750186138365,0.63392276,-0.43515226289560527,0.43515226289560527
HEEH_rd4_0094.pdb,Q15I,14,0.8468731219483416,0.5573535,-0.28951962539682796,0.28951962539682796
HEEH_rd4_0094.pdb,Q15W,14,0.6138647219126057,0.41286117,-0.20100355352805366,0.20100355352805366
HEEH_rd4_0094.pdb,Q15Y,14,0.8509130553345969,0.4172187,-0.43369437018445045,0.43369437018445045
HEEH_rd4_0094.pdb,Q15F,14,0.5614180722086197,0.4275095,-0.13390858553335727,0.13390858553335727
HEEH_rd4_0094.pdb,Q15P,14,1.4927761556498609,1.5117738,0.01899766904191158,0.01899766904191158
HEEH_rd4_0094.pdb,Q15C,14,0.1581518874958303,-0.063004225,-0.22115611298830773,0.22115611298830773
HEEH_rd4_0094.pdb,L16Q,15,1.439703077113384,1.1059506,-0.3337524831650198,0.3337524831650198
HEEH_rd4_0094.pdb,L16E,15,1.6594860225184178,1.4888101,-0.17067596010997055,0.17067596010997055
HEEH_rd4_0094.pdb,L16N,15,1.892520412429013,1.7701812,-0.12233923338238206,0.12233923338238206
HEEH_rd4_0094.pdb,L16H,15,1.4014320168670582,1.2303944,-0.1710376534637379,0.1710376534637379
HEEH_rd4_0094.pdb,L16D,15,2.100753420939152,1.9580373,-0.14271616374463303,0.14271616374463303
HEEH_rd4_0094.pdb,L16R,15,1.7799618888143158,1.2586021,-0.5213597464803315,0.5213597464803315
HEEH_rd4_0094.pdb,L16K,15,1.0177267265095649,1.148853,0.1311262178645196,0.1311262178645196
HEEH_rd4_0094.pdb,L16T,15,1.781678443647419,1.2704823,-0.5111961419353828,0.5111961419353828
HEEH_rd4_0094.pdb,L16S,15,1.7997115744132444,1.3591468,-0.44056474099344456,0.44056474099344456
HEEH_rd4_0094.pdb,L16A,15,1.577762435718006,1.0420967,-0.53566570167107,0.53566570167107
HEEH_rd4_0094.pdb,L16G,15,0.8840378907823889,1.6141958,0.7301579328870447,0.7301579328870447
HEEH_rd4_0094.pdb,L16M,15,0.744600644172849,0.38289267,-0.3617079759256261,0.3617079759256261
HEEH_rd4_0094.pdb,L16V,15,0.8666600550571795,1.0758208,0.20916074858509348,0.20916074858509348
HEEH_rd4_0094.pdb,L16I,15,1.1316156111247242,0.6546228,-0.47699281792709236,0.47699281792709236
HEEH_rd4_0094.pdb,L16W,15,0.8958304575581015,0.77744305,-0.11838740621990573,0.11838740621990573
HEEH_rd4_0094.pdb,L16Y,15,1.093753257156204,0.7633974,-0.33035586154539476,0.33035586154539476
HEEH_rd4_0094.pdb,L16F,15,0.7791184932097128,0.7664282,-0.012690320621364437,0.012690320621364437
HEEH_rd4_0094.pdb,L16P,15,1.780526146748766,2.3351498,0.5546236182658824,0.5546236182658824
HEEH_rd4_0094.pdb,L16C,15,-0.1311341685765437,0.62741494,0.7585491103642634,0.7585491103642634
HEEH_rd4_0094.pdb,T17Q,16,1.4967772056757054,0.7977425,-0.6990347196756443,0.6990347196756443
HEEH_rd4_0094.pdb,T17E,16,1.9524364412186723,1.3501383,-0.6022981346009355,0.6022981346009355
HEEH_rd4_0094.pdb,T17N,16,0.973528649510614,0.77687037,-0.19665827959942017,0.19665827959942017
HEEH_rd4_0094.pdb,T17H,16,0.929067290360011,0.9039312,-0.025136089855708033,0.025136089855708033
HEEH_rd4_0094.pdb,T17D,16,0.986179421190852,1.4473743,0.4611949226812183,0.4611949226812183
HEEH_rd4_0094.pdb,T17R,16,0.7466280612719238,0.51208067,-0.23454739186884765,0.23454739186884765
HEEH_rd4_0094.pdb,T17K,16,0.7800043694915151,0.5943905,-0.18561385797875873,0.18561385797875873
HEEH_rd4_0094.pdb,T17S,16,0.9417921910083182,0.5620632,-0.3797289738452323,0.3797289738452323
HEEH_rd4_0094.pdb,T17A,16,1.1405966585402605,0.89458203,-0.24601462538291186,0.24601462538291186
HEEH_rd4_0094.pdb,T17G,16,1.770031663574569,1.2707577,-0.49927398840367054,0.49927398840367054
HEEH_rd4_0094.pdb,T17M,16,0.8309761570103515,0.6922395,-0.13873663407639159,0.13873663407639159
HEEH_rd4_0094.pdb,T17L,16,0.5670490079322033,0.7652889,0.19823988147590832,0.19823988147590832
HEEH_rd4_0094.pdb,T17V,16,0.4838142109893693,0.4718136,-0.01200062165488136,0.01200062165488136
HEEH_rd4_0094.pdb,T17I,16,0.2379139410507886,0.47798198,0.24006804356453731,0.24006804356453731
HEEH_rd4_0094.pdb,T17W,16,0.7918733952342292,1.0831912,0.29131776115309993,0.29131776115309993
HEEH_rd4_0094.pdb,T17Y,16,0.7030498068805784,0.9142218,0.21117201633490623,0.21117201633490623
HEEH_rd4_0094.pdb,T17F,16,0.2662827374973449,0.8861343,0.6198515889606324,0.6198515889606324
HEEH_rd4_0094.pdb,T17P,16,1.94288418983202,1.8905007,-0.0523835251210214,0.0523835251210214
HEEH_rd4_0094.pdb,T17C,16,-0.0704686412521335,0.42409372,0.4945623645492526,0.4945623645492526
HEEH_rd4_0094.pdb,R18Q,17,0.3763388144007362,-0.12093838,-0.49727719744354854,0.49727719744354854
HEEH_rd4_0094.pdb,R18E,17,0.3996835281046125,0.026393117,-0.37329041072149005,0.37329041072149005
HEEH_rd4_0094.pdb,R18N,17,0.8313334879751337,0.47533947,-0.35599401568128,0.35599401568128
HEEH_rd4_0094.pdb,R18H,17,0.7160008724580176,0.09941702,-0.6165838490972884,0.6165838490972884
HEEH_rd4_0094.pdb,R18D,17,1.719940823855096,0.76874506,-0.9511957591196833,0.9511957591196833
HEEH_rd4_0094.pdb,R18K,17,0.1836845487738876,0.04016333,-0.1435212180401115,0.1435212180401115
HEEH_rd4_0094.pdb,R18T,17,0.2902520627587472,-0.19640046,-0.4866525263398324,0.4866525263398324
HEEH_rd4_0094.pdb,R18S,17,0.0876754236257344,0.019200187,-0.06847523644926841,0.06847523644926841
HEEH_rd4_0094.pdb,R18A,17,0.1694745224781653,0.08427099,-0.08520353109318224,0.08520353109318224
HEEH_rd4_0094.pdb,R18G,17,1.2386524472460745,0.70936024,-0.5292922053561209,0.5292922053561209
HEEH_rd4_0094.pdb,R18M,17,0.0997590332947342,-0.26320216,-0.36296119389158177,0.36296119389158177
HEEH_rd4_0094.pdb,R18L,17,0.5743320366026945,-0.08649252,-0.6608245601536817,0.6608245601536817
HEEH_rd4_0094.pdb,R18V,17,0.1613562933479637,-0.21067807,-0.3720343641315788,0.3720343641315788
HEEH_rd4_0094.pdb,R18I,17,0.3425180398003582,-0.24864587,-0.5911639116780285,0.5911639116780285
HEEH_rd4_0094.pdb,R18W,17,0.2557582151708062,-0.12807828,-0.38383649705023126,0.38383649705023126
HEEH_rd4_0094.pdb,R18Y,17,0.6276383207965603,-0.14812115,-0.775759469144415,0.775759469144415
HEEH_rd4_0094.pdb,R18F,17,0.4979270637796849,-0.14035583,-0.6382828892038792,0.6382828892038792
HEEH_rd4_0094.pdb,R18P,17,2.317696775109207,1.3750091,-0.9426877152032009,0.9426877152032009
HEEH_rd4_0094.pdb,R18C,17,-0.2584571813129002,-0.37259015,-0.11413297309650838,0.11413297309650838
HEEH_rd4_0094.pdb,I19Q,18,2.176815872655063,2.061045,-0.11577094124331966,0.11577094124331966
HEEH_rd4_0094.pdb,I19E,18,2.58257779873106,2.3389459,-0.24363193309995657,0.24363193309995657
HEEH_rd4_0094.pdb,I19N,18,2.6898625330201416,2.3677511,-0.32211141149914546,0.32211141149914546
HEEH_rd4_0094.pdb,I19H,18,2.147658630044617,1.5717247,-0.5759339768005987,0.5759339768005987
HEEH_rd4_0094.pdb,I19D,18,2.5617920696337286,2.3697653,-0.19202678795648254,0.19202678795648254
HEEH_rd4_0094.pdb,I19R,18,2.416526166489525,2.222514,-0.19401225238124864,0.19401225238124864
HEEH_rd4_0094.pdb,I19K,18,2.1289700424474924,2.3789444,0.2499743545251638,0.2499743545251638
HEEH_rd4_0094.pdb,I19T,18,2.1513618921800943,1.5341983,-0.6171636080309244,0.6171636080309244
HEEH_rd4_0094.pdb,I19S,18,2.5338517916016468,1.9539444,-0.5799073469452747,0.5799073469452747
HEEH_rd4_0094.pdb,I19A,18,1.7721548643609653,1.2748363,-0.4973185625573764,0.4973185625573764
HEEH_rd4_0094.pdb,I19G,18,1.905297942356348,2.2702742,0.3649762199361324,0.3649762199361324
HEEH_rd4_0094.pdb,I19M,18,0.8335727553635008,0.94557244,0.11199968049236464,0.11199968049236464
HEEH_rd4_0094.pdb,I19L,18,0.7893986989841801,0.6285256,-0.16087308424571578,0.16087308424571578
HEEH_rd4_0094.pdb,I19V,18,0.7359100622734973,0.36869234,-0.367217723806853,0.367217723806853
HEEH_rd4_0094.pdb,I19W,18,0.7779897642378983,0.77307665,-0.004913110757368555,0.004913110757368555
HEEH_rd4_0094.pdb,I19Y,18,0.4903801063076636,0.5620437,0.07166362013658079,0.07166362013658079
HEEH_rd4_0094.pdb,I19F,18,0.9969852618782568,0.6349955,-0.3619897417633581,0.3619897417633581
HEEH_rd4_0094.pdb,I19C,18,0.9226696089769676,0.7545561,-0.1681134895349815,0.1681134895349815
HEEH_rd4_0094.pdb,T20Q,19,0.8627604001760609,0.60208803,-0.2606723660230763,0.2606723660230763
HEEH_rd4_0094.pdb,T20E,19,0.7575727918392738,0.6526353,-0.1049375155216774,0.1049375155216774
HEEH_rd4_0094.pdb,T20N,19,0.8588179337187194,0.8510227,-0.007795213381805333,0.007795213381805333
HEEH_rd4_0094.pdb,T20H,19,0.9642798652812324,0.7876251,-0.17665479089463576,0.17665479089463576
HEEH_rd4_0094.pdb,T20D,19,1.3461545264936716,0.9745964,-0.37155814530623266,0.37155814530623266
HEEH_rd4_0094.pdb,T20R,19,0.8572634867248807,0.8523462,-0.004917304855373894,0.004917304855373894
HEEH_rd4_0094.pdb,T20K,19,0.8791154950502871,0.8379078,-0.041207703912591764,0.041207703912591764
HEEH_rd4_0094.pdb,T20S,19,0.8241141239466776,0.45127708,-0.37283704674864904,0.37283704674864904
HEEH_rd4_0094.pdb,T20A,19,0.8774859077711308,0.71755165,-0.15993425915434,0.15993425915434
HEEH_rd4_0094.pdb,T20G,19,2.035474372762786,1.2838249,-0.7516494521084893,0.7516494521084893
HEEH_rd4_0094.pdb,T20M,19,0.6206146376566004,0.5215435,-0.09907113484898322,0.09907113484898322
HEEH_rd4_0094.pdb,T20L,19,0.8859876164050697,0.671473,-0.21451459012943497,0.21451459012943497
HEEH_rd4_0094.pdb,T20V,19,0.3086382090631514,0.22834021,-0.0802980005327254,0.0802980005327254
HEEH_rd4_0094.pdb,T20I,19,0.5323810531703095,0.35155123,-0.18082981844817203,0.18082981844817203
HEEH_rd4_0094.pdb,T20W,19,0.8608669655274976,0.59801996,-0.2628470079850782,0.2628470079850782
HEEH_rd4_0094.pdb,T20Y,19,0.7724460575167116,0.6373168,-0.1351292345110353,0.1351292345110353
HEEH_rd4_0094.pdb,T20F,19,0.8132862602649733,0.61185384,-0.20143242229805436,0.20143242229805436
HEEH_rd4_0094.pdb,T20P,19,2.0782964522423253,1.7578313,-0.32046511717457626,0.32046511717457626
HEEH_rd4_0094.pdb,T20C,19,0.2169676774761777,0.27753934,0.06057166516565274,0.06057166516565274
HEEH_rd4_0094.pdb,I21Q,20,2.0742904205080244,1.0752776,-0.9990128535982343,0.9990128535982343
HEEH_rd4_0094.pdb,I21E,20,2.257060482424043,1.4641074,-0.7929530882055982,0.7929530882055982
HEEH_rd4_0094.pdb,I21N,20,2.65484516649785,1.0842441,-1.570601034455919,1.570601034455919
HEEH_rd4_0094.pdb,I21H,20,1.6172809194214883,0.5573326,-1.0599483441002908,1.0599483441002908
HEEH_rd4_0094.pdb,I21D,20,2.4303688783747277,1.4643935,-0.965975381861361,0.965975381861361
HEEH_rd4_0094.pdb,I21R,20,1.8671745407391551,1.0033793,-0.8637951957989696,0.8637951957989696
HEEH_rd4_0094.pdb,I21K,20,2.0099117245925093,1.0300596,-0.9798521485579634,0.9798521485579634
HEEH_rd4_0094.pdb,I21T,20,2.08595611374552,0.9501319,-1.135824220587561,1.135824220587561
HEEH_rd4_0094.pdb,I21S,20,2.376395439597329,1.1264322,-1.2499632591926657,1.2499632591926657
HEEH_rd4_0094.pdb,I21A,20,2.340444425074991,0.83204657,-1.5083978566812837,1.5083978566812837
HEEH_rd4_0094.pdb,I21G,20,2.319047970597037,1.4079258,-0.9111221264045319,0.9111221264045319
HEEH_rd4_0094.pdb,I21M,20,1.2546828114639066,0.5440673,-0.7106154882560514,0.7106154882560514
HEEH_rd4_0094.pdb,I21L,20,0.2975666171558941,0.43778682,0.14022020039476507,0.14022020039476507
HEEH_rd4_0094.pdb,I21V,20,0.9252575703881109,0.20042428,-0.7248332866452062,0.7248332866452062
HEEH_rd4_0094.pdb,I21W,20,0.9752686423931438,0.27361113,-0.7016575140629131,0.7016575140629131
HEEH_rd4_0094.pdb,I21Y,20,1.151179709543266,0.0809325,-1.0702472115650556,1.0702472115650556
HEEH_rd4_0094.pdb,I21F,20,0.4811738198574447,0.1334371,-0.34773672278484336,0.34773672278484336
HEEH_rd4_0094.pdb,I21P,20,2.540766779935722,1.705539,-0.8352277918223185,0.8352277918223185
HEEH_rd4_0094.pdb,I21C,20,0.295752107536618,0.21100217,-0.08474993649703672,0.08474993649703672
HEEH_rd4_0094.pdb,N22Q,21,0.717918580885412,0.47709894,-0.24081963908243353,0.24081963908243353
HEEH_rd4_0094.pdb,N22E,21,0.9810332828107002,0.6426422,-0.3383910828175667,0.3383910828175667
HEEH_rd4_0094.pdb,N22H,21,0.4529419874784146,0.35513458,-0.0978074109193478,0.0978074109193478
HEEH_rd4_0094.pdb,N22D,21,0.552007824893072,0.41274792,-0.13925990533359323,0.13925990533359323
HEEH_rd4_0094.pdb,N22R,21,0.3931279028160284,0.61316395,0.22003604524305365,0.22003604524305365
HEEH_rd4_0094.pdb,N22K,21,0.6026743668533281,0.5511374,-0.05153697910079513,0.05153697910079513
HEEH_rd4_0094.pdb,N22T,21,1.6291976491653637,1.0409374,-0.588260225459309,0.588260225459309
HEEH_rd4_0094.pdb,N22S,21,0.933242677506526,0.6116712,-0.32157146817119886,0.32157146817119886
HEEH_rd4_0094.pdb,N22A,21,0.5253543138025414,0.55007803,0.024723720598398558,0.024723720598398558
HEEH_rd4_0094.pdb,N22G,21,0.4542945205061306,0.23242673,-0.22186778772758142,0.22186778772758142
HEEH_rd4_0094.pdb,N22M,21,0.2234491727505685,0.5111899,0.28774070523633943,0.28774070523633943
HEEH_rd4_0094.pdb,N22L,21,0.5156143944667306,0.63188523,0.11627083607449862,0.11627083607449862
HEEH_rd4_0094.pdb,N22V,21,1.483068745376397,1.0730503,-0.41001848483257386,0.41001848483257386
HEEH_rd4_0094.pdb,N22I,21,0.9476615890750676,1.0999633,0.15230171830560868,0.15230171830560868
HEEH_rd4_0094.pdb,N22W,21,0.103316481776472,0.5619307,0.45861423426127823,0.45861423426127823
HEEH_rd4_0094.pdb,N22Y,21,0.2635574099538993,0.6013503,0.3377928975107003,0.3377928975107003
HEEH_rd4_0094.pdb,N22F,21,0.1257330418739375,0.47220856,0.3464755176391545,0.3464755176391545
HEEH_rd4_0094.pdb,N22P,21,1.843020598020766,1.8090346,-0.03398601206800711,0.03398601206800711
HEEH_rd4_0094.pdb,N22C,21,-0.2668476301332503,-0.08903736,0.17781027137241656,0.17781027137241656
HEEH_rd4_0094.pdb,G23Q,22,1.3361506845778992,0.87381804,-0.4623326446837952,0.4623326446837952
HEEH_rd4_0094.pdb,G23E,22,1.3892529115068974,0.9899381,-0.3993148311960759,0.3993148311960759
HEEH_rd4_0094.pdb,G23N,22,0.9422695683445572,0.58611536,-0.35615420808454745,0.35615420808454745
HEEH_rd4_0094.pdb,G23H,22,1.1862206064141247,0.81782466,-0.3683959446824048,0.3683959446824048
HEEH_rd4_0094.pdb,G23D,22,0.6727079567396808,0.73924506,0.06653710036633731,0.06653710036633731
HEEH_rd4_0094.pdb,G23R,22,1.7278139023918715,1.0512165,-0.6765974192757216,0.6765974192757216
HEEH_rd4_0094.pdb,G23K,22,1.5627765897414372,0.93441087,-0.6283657196662114,0.6283657196662114
HEEH_rd4_0094.pdb,G23T,22,1.817783423486223,1.1649628,-0.6528206549315354,0.6528206549315354
HEEH_rd4_0094.pdb,G23S,22,1.3745262473349784,0.85089964,-0.5236266105895255,0.5236266105895255
HEEH_rd4_0094.pdb,G23A,22,1.5639353028616216,1.0195949,-0.5443403951010015,0.5443403951010015
HEEH_rd4_0094.pdb,G23M,22,1.358242024106706,0.9595647,-0.3986773382851727,0.3986773382851727
HEEH_rd4_0094.pdb,G23L,22,1.3505556044152935,0.945276,-0.4052795824578961,0.4052795824578961
HEEH_rd4_0094.pdb,G23V,22,1.4913309823601386,1.4260378,-0.06529319396902533,0.06529319396902533
HEEH_rd4_0094.pdb,G23I,22,1.5069511712254222,1.4506388,-0.05631240016829331,0.05631240016829331
HEEH_rd4_0094.pdb,G23W,22,0.1736748532378245,0.9289839,0.7553090735352468,0.7553090735352468
HEEH_rd4_0094.pdb,G23Y,22,1.4626022343480252,0.89072657,-0.5718756680333279,0.5718756680333279
HEEH_rd4_0094.pdb,G23F,22,0.960666198005949,0.78461975,-0.17604644941357228,0.17604644941357228
HEEH_rd4_0094.pdb,G23C,22,0.5428212489505255,0.42099684,-0.12182440418200136,0.12182440418200136
HEEH_rd4_0094.pdb,N24Q,23,-0.1988071703478593,-0.09829216,0.10051501329391185,0.10051501329391185
HEEH_rd4_0094.pdb,N24E,23,0.1530761021706923,0.19902472,0.0459486198094026,0.0459486198094026
HEEH_rd4_0094.pdb,N24H,23,-0.1959689322361493,-0.05400396,0.1419649708518529,0.1419649708518529
HEEH_rd4_0094.pdb,N24D,23,0.8024489301675299,0.35872176,-0.44372716727194583,0.44372716727194583
HEEH_rd4_0094.pdb,N24R,23,-0.4039750398140151,-0.0872183,0.3167567403059203,0.3167567403059203
HEEH_rd4_0094.pdb,N24K,23,-0.3109123493647758,-0.11476956,0.1961427862858955,0.1961427862858955
HEEH_rd4_0094.pdb,N24T,23,-0.4150535996203799,0.009603336,0.4246569360738177,0.4246569360738177
HEEH_rd4_0094.pdb,N24S,23,0.3338387536885143,0.13801424,-0.19582451163548237,0.19582451163548237
HEEH_rd4_0094.pdb,N24A,23,0.1602047090208596,0.1135883,-0.04661640569329917,0.04661640569329917
HEEH_rd4_0094.pdb,N24G,23,1.2096893649047522,0.5066109,-0.7030784945434241,0.7030784945434241
HEEH_rd4_0094.pdb,N24M,23,-0.3101812135913433,-0.12460266,0.18557855305457727,0.18557855305457727
HEEH_rd4_0094.pdb,N24L,23,-0.6251433723915647,0.0033948496,0.6285382219899724,0.6285382219899724
HEEH_rd4_0094.pdb,N24V,23,-0.7568481865582513,-0.13123116,0.6256170275864648,0.6256170275864648
HEEH_rd4_0094.pdb,N24I,23,-0.837412610278808,-0.24003953,0.5973730828625787,0.5973730828625787
HEEH_rd4_0094.pdb,N24W,23,0.0065607144342973,0.004315421,-0.002245293449075437,0.002245293449075437
HEEH_rd4_0094.pdb,N24Y,23,-0.3029335618645485,-0.03918381,0.2637497515112694,0.2637497515112694
HEEH_rd4_0094.pdb,N24F,23,-0.4212429344228705,-0.060611546,0.3606313883832892,0.3606313883832892
HEEH_rd4_0094.pdb,N24P,23,2.49895467299041,1.1981542,-1.3008004619460984,1.3008004619460984
HEEH_rd4_0094.pdb,T25Q,24,0.8557688637704315,0.44821772,-0.4075511439771118,0.4075511439771118
HEEH_rd4_0094.pdb,T25E,24,0.5701866673708575,0.23395711,-0.3362295555353778,0.3362295555353778
HEEH_rd4_0094.pdb,T25N,24,0.8650728436300548,0.9759555,0.11088264266755266,0.11088264266755266
HEEH_rd4_0094.pdb,T25H,24,0.2089090396347237,0.67739856,0.4684895227966117,0.4684895227966117
HEEH_rd4_0094.pdb,T25D,24,0.9174518571291634,0.77632916,-0.14112269739253014,0.14112269739253014
HEEH_rd4_0094.pdb,T25R,24,1.182312190709239,0.9289919,-0.2533202769137679,0.2533202769137679
HEEH_rd4_0094.pdb,T25K,24,1.1648272315419723,0.81861746,-0.3462097684300949,0.3462097684300949
HEEH_rd4_0094.pdb,T25S,24,0.4562316355252243,0.4856142,0.02938257484197848,0.02938257484197848
HEEH_rd4_0094.pdb,T25A,24,0.9399584291239956,0.45640087,-0.48355755784714016,0.48355755784714016
HEEH_rd4_0094.pdb,T25G,24,1.79963047546366,1.0881517,-0.7114787821195439,0.7114787821195439
HEEH_rd4_0094.pdb,T25M,24,0.0277756234986106,0.37849635,0.350720725359269,0.350720725359269
HEEH_rd4_0094.pdb,T25L,24,0.3318482143229966,0.27323392,-0.05861429398722695,0.05861429398722695
HEEH_rd4_0094.pdb,T25V,24,0.1218354200675544,-0.021682143,-0.14351756327891915,0.14351756327891915
HEEH_rd4_0094.pdb,T25I,24,0.3497330120322663,0.1280553,-0.22167770774340217,0.22167770774340217
HEEH_rd4_0094.pdb,T25W,24,0.6936239924853915,0.1141558,-0.5794681933349246,0.5794681933349246
HEEH_rd4_0094.pdb,T25Y,24,0.5972049615246464,0.3356956,-0.26150936697546734,0.26150936697546734
HEEH_rd4_0094.pdb,T25F,24,0.3824092315918674,0.34205392,-0.04035531156127353,0.04035531156127353
HEEH_rd4_0094.pdb,T25P,24,1.2565612108343278,1.1945359,-0.06202535935575115,0.06202535935575115
HEEH_rd4_0094.pdb,Y26Q,25,1.825174589087112,1.5104039,-0.31477071755085717,0.31477071755085717
HEEH_rd4_0094.pdb,Y26E,25,2.111334848790764,1.987616,-0.12371890583574707,0.12371890583574707
HEEH_rd4_0094.pdb,Y26N,25,2.2054778956114225,1.9102218,-0.29525608050216956,0.29525608050216956
HEEH_rd4_0094.pdb,Y26H,25,0.8807283117536469,0.90146995,0.02074163415394592,0.02074163415394592
HEEH_rd4_0094.pdb,Y26D,25,1.3364666862258978,2.309664,0.9731973247756891,0.9731973247756891
HEEH_rd4_0094.pdb,Y26R,25,1.7723723318296165,1.4268565,-0.34551581403786846,0.34551581403786846
HEEH_rd4_0094.pdb,Y26K,25,1.1828671720943251,1.5326397,0.3497725698032579,0.3497725698032579
HEEH_rd4_0094.pdb,Y26T,25,1.189239410390549,1.2255408,0.03630134678871122,0.03630134678871122
HEEH_rd4_0094.pdb,Y26S,25,2.1040759463244814,1.5971128,-0.5069631714755434,0.5069631714755434
HEEH_rd4_0094.pdb,Y26A,25,1.3816859030529196,1.348148,-0.033537914733522634,0.033537914733522634
HEEH_rd4_0094.pdb,Y26G,25,2.3240042390055318,2.1417408,-0.18226344005533646,0.18226344005533646
HEEH_rd4_0094.pdb,Y26M,25,0.6576025537213612,0.74517864,0.0875760861674022,0.0875760861674022
HEEH_rd4_0094.pdb,Y26L,25,0.3261832374648796,0.74635196,0.4201687198562874,0.4201687198562874
HEEH_rd4_0094.pdb,Y26V,25,0.061155339149352,0.62023866,0.5590833226167002,0.5590833226167002
HEEH_rd4_0094.pdb,Y26I,25,-0.2938461406229873,0.36467814,0.6585242850779434,0.6585242850779434
HEEH_rd4_0094.pdb,Y26W,25,-0.3576224645958059,0.3696494,0.7272718748436087,0.7272718748436087
HEEH_rd4_0094.pdb,Y26F,25,0.4067674381714723,0.20504338,-0.20172406267937637,0.20172406267937637
HEEH_rd4_0094.pdb,Y26P,25,2.537743130392274,2.6182284,0.08048530512408325,0.08048530512408325
HEEH_rd4_0094.pdb,Y26C,25,0.6968691669825988,0.5089216,-0.18794754375261835,0.18794754375261835
HEEH_rd4_0094.pdb,Q27E,26,-0.0092190459974603,0.041699223,0.05091826921780866,0.05091826921780866
HEEH_rd4_0094.pdb,Q27N,26,0.6093895595681291,0.41611093,-0.19327862674113327,0.19327862674113327
HEEH_rd4_0094.pdb,Q27H,26,0.632674280333398,0.0007526055,-0.6319216748355609,0.6319216748355609
HEEH_rd4_0094.pdb,Q27D,26,0.5364912536262341,0.55825233,0.021761080968492497,0.021761080968492497
HEEH_rd4_0094.pdb,Q27R,26,0.68557573203385,0.26216984,-0.42340589408218987,0.42340589408218987
HEEH_rd4_0094.pdb,Q27K,26,0.6947296882004244,0.25518084,-0.4395488524765474,0.4395488524765474
HEEH_rd4_0094.pdb,Q27T,26,0.2735012802552314,-0.06195776,-0.3354590419005485,0.3354590419005485
HEEH_rd4_0094.pdb,Q27S,26,-0.0959042503142786,0.20278016,0.2986844076419306,0.2986844076419306
HEEH_rd4_0094.pdb,Q27A,26,0.218394903713992,0.22223686,0.003841953104207152,0.003841953104207152
HEEH_rd4_0094.pdb,Q27G,26,1.2534487840115989,0.72885484,-0.5245939489781821,0.5245939489781821
HEEH_rd4_0094.pdb,Q27M,26,0.395585727210157,-0.100451544,-0.4960372711373497,0.4960372711373497
HEEH_rd4_0094.pdb,Q27L,26,0.6247460269037997,-0.08062273,-0.7053687595431124,0.7053687595431124
HEEH_rd4_0094.pdb,Q27V,26,-0.4284321344348716,-0.2128991,0.2155330306741523,0.2155330306741523
HEEH_rd4_0094.pdb,Q27I,26,-0.0742011665710427,-0.28884935,-0.2146481872192405,0.2146481872192405
HEEH_rd4_0094.pdb,Q27W,26,0.5185612092616103,-0.21903221,-0.7375934223534606,0.7375934223534606
HEEH_rd4_0094.pdb,Q27Y,26,0.5755496834822129,-0.22627692,-0.8018266027279328,0.8018266027279328
HEEH_rd4_0094.pdb,Q27P,26,2.095450322514109,1.4784024,-0.617047946339182,0.617047946339182
HEEH_rd4_0094.pdb,Q27C,26,-0.3112867637599463,-0.28928775,0.021999017807340093,0.021999017807340093
HEEH_rd4_0094.pdb,V28Q,27,-0.996366662169017,1.1800549,2.1764215651994125,2.1764215651994125
HEEH_rd4_0094.pdb,V28E,27,-0.5450877163958463,1.4904296,2.0355173562121305,2.0355173562121305
HEEH_rd4_0094.pdb,V28N,27,0.2014081604647208,1.1904684,0.9890602700543832,0.9890602700543832
HEEH_rd4_0094.pdb,V28H,27,-1.1014373745520158,0.9594795,2.060916885336165,2.060916885336165
HEEH_rd4_0094.pdb,V28D,27,0.2068510703429433,1.2777445,1.0708934612885264,1.0708934612885264
HEEH_rd4_0094.pdb,V28R,27,-1.1640387734448048,1.4474616,2.6115003785168263,2.6115003785168263
HEEH_rd4_0094.pdb,V28K,27,-1.2005898490656683,1.2196484,2.420238210271723,2.420238210271723
HEEH_rd4_0094.pdb,V28T,27,-0.6853166823232666,0.70698965,1.3923063282812134,1.3923063282812134
HEEH_rd4_0094.pdb,V28S,27,-1.38892714572532,1.1757854,2.5647125680504543,2.5647125680504543
HEEH_rd4_0094.pdb,V28A,27,-2.4368628033704938,0.6387918,3.075654602915782,3.075654602915782
HEEH_rd4_0094.pdb,V28G,27,-1.5137226219227666,0.8248824,2.338605010037696,2.338605010037696
HEEH_rd4_0094.pdb,V28M,27,-1.3146890411766423,0.025586903,1.3402759442718877,1.3402759442718877
HEEH_rd4_0094.pdb,V28L,27,-0.3692283973888353,0.29236138,0.661589776058574,0.661589776058574
HEEH_rd4_0094.pdb,V28I,27,0.6296963583681732,-0.026189804,-0.6558861624453216,0.6558861624453216
HEEH_rd4_0094.pdb,V28W,27,0.2300768812767284,-0.016438305,-0.2465151866546886,0.2465151866546886
HEEH_rd4_0094.pdb,V28Y,27,-0.3794868284513177,0.06330192,0.4427887493421258,0.4427887493421258
HEEH_rd4_0094.pdb,V28P,27,2.292674656409253,0.80106616,-1.4916084962072267,1.4916084962072267
HEEH_rd4_0094.pdb,V28C,27,-1.7583136888135908,-0.27237797,1.4859357209791182,1.4859357209791182
HEEH_rd4_0094.pdb,N29Q,28,0.4766025505999587,0.10237044,-0.3742321096400283,0.3742321096400283
HEEH_rd4_0094.pdb,N29E,28,0.3197359693634038,0.30397588,-0.015760089217377204,0.015760089217377204
HEEH_rd4_0094.pdb,N29H,28,0.5879969373021177,0.19350773,-0.3944892063412717,0.3944892063412717
HEEH_rd4_0094.pdb,N29D,28,0.0716214168806499,0.25772244,0.1861010205010945,0.1861010205010945
HEEH_rd4_0094.pdb,N29R,28,0.5071906781803572,0.075790614,-0.431400064290663,0.431400064290663
HEEH_rd4_0094.pdb,N29K,28,0.5485709832675412,-0.020949304,-0.5695202873713925,0.5695202873713925
HEEH_rd4_0094.pdb,N29T,28,0.5073524672018097,0.103568286,-0.40378418149815065,0.40378418149815065
HEEH_rd4_0094.pdb,N29S,28,-0.1632543745208057,0.08210267,0.24535704578640782,0.24535704578640782
HEEH_rd4_0094.pdb,N29A,28,0.2882000879654538,0.19299038,-0.09520971042009707,0.09520971042009707
HEEH_rd4_0094.pdb,N29G,28,-0.5432939912149632,0.39804432,0.9413383091757024,0.9413383091757024
HEEH_rd4_0094.pdb,N29M,28,0.4588438821053739,0.18971476,-0.26912912251713234,0.26912912251713234
HEEH_rd4_0094.pdb,N29L,28,-0.2565453908890536,0.23159891,0.4881443045586398,0.4881443045586398
HEEH_rd4_0094.pdb,N29V,28,0.7987777520206645,0.40010285,-0.39867489824564006,0.39867489824564006
HEEH_rd4_0094.pdb,N29I,28,0.9288335619146147,0.33555025,-0.5932833132917205,0.5932833132917205
HEEH_rd4_0094.pdb,N29W,28,0.6034293260535248,0.37689131,-0.22653801107015692,0.22653801107015692
HEEH_rd4_0094.pdb,N29Y,28,0.2201024456826932,0.3960373,0.175934864679169,0.175934864679169
HEEH_rd4_0094.pdb,N29F,28,0.582362225695876,0.38650608,-0.19585614506843463,0.19585614506843463
HEEH_rd4_0094.pdb,N29P,28,0.8535936983658388,0.9220077,0.06841398157343126,0.06841398157343126
HEEH_rd4_0094.pdb,N29C,28,-0.0321166919777158,-0.027694434,0.004422258050179789,0.004422258050179789
HEEH_rd4_0094.pdb,S30Q,29,1.4256356179166485,0.9452024,-0.48043320769554865,0.48043320769554865
HEEH_rd4_0094.pdb,S30E,29,1.3668536571408416,0.99674845,-0.3701052097226287,0.3701052097226287
HEEH_rd4_0094.pdb,S30N,29,0.6900706187748695,0.38976377,-0.30030684628722915,0.30030684628722915
HEEH_rd4_0094.pdb,S30H,29,0.9074561321472678,0.8144108,-0.09304532644505836,0.09304532644505836
HEEH_rd4_0094.pdb,S30D,29,0.8652086824261029,0.5584002,-0.30680846870768863,0.30680846870768863
HEEH_rd4_0094.pdb,S30R,29,0.9877743947436636,0.9579905,-0.02978386759064844,0.02978386759064844
HEEH_rd4_0094.pdb,S30K,29,1.1097610744218764,0.93915004,-0.1706110390405593,0.1706110390405593
HEEH_rd4_0094.pdb,S30T,29,-0.0172758186676325,-0.024194062,-0.0069182430885015335,0.0069182430885015335
HEEH_rd4_0094.pdb,S30A,29,1.0440169204582157,0.9124683,-0.1315486062873783,0.1315486062873783
HEEH_rd4_0094.pdb,S30G,29,1.4231875291190543,0.8478074,-0.5753801217399039,0.5753801217399039
HEEH_rd4_0094.pdb,S30M,29,1.1565915959951176,1.0946958,-0.06189578949182173,0.06189578949182173
HEEH_rd4_0094.pdb,S30L,29,0.8959315979458173,1.0890214,0.19308984637486137,0.19308984637486137
HEEH_rd4_0094.pdb,S30V,29,0.9833066941046448,1.0714128,0.08810610763790894,0.08810610763790894
HEEH_rd4_0094.pdb,S30I,29,0.8469911554213554,1.150466,0.3034748098496407,0.3034748098496407
HEEH_rd4_0094.pdb,S30W,29,0.8086058108667249,1.1041534,0.2955475838323718,0.2955475838323718
HEEH_rd4_0094.pdb,S30Y,29,0.902569704200204,0.9490001,0.046430415962759874,0.046430415962759874
HEEH_rd4_0094.pdb,S30F,29,0.8008215830866556,1.0083753,0.2075537039693136,0.2075537039693136
HEEH_rd4_0094.pdb,S30P,29,0.1594340883542142,1.0869751,0.9275410093020358,0.9275410093020358
HEEH_rd4_0094.pdb,S30C,29,0.8249602520010693,0.5198269,-0.3051333629629833,0.3051333629629833
HEEH_rd4_0094.pdb,P31Q,30,1.8190934289546887,0.8802147,-0.9388787377925794,0.9388787377925794
HEEH_rd4_0094.pdb,P31E,30,1.8260126217969637,0.90297854,-0.9230340823301058,0.9230340823301058
HEEH_rd4_0094.pdb,P31N,30,1.524032661652059,1.1771486,-0.3468840811009115,0.3468840811009115
HEEH_rd4_0094.pdb,P31H,30,0.9930224034890852,0.5293352,-0.46368720270249464,0.46368720270249464
HEEH_rd4_0094.pdb,P31D,30,1.4781284333596367,1.3220541,-0.15607428563929981,0.15607428563929981
HEEH_rd4_0094.pdb,P31R,30,1.79650606431845,1.1391678,-0.6573382786739188,0.6573382786739188
HEEH_rd4_0094.pdb,P31K,30,1.6689669536774638,0.9371518,-0.7318151640122417,0.7318151640122417
HEEH_rd4_0094.pdb,P31T,30,0.4724922525794408,0.61161035,0.1391181004135707,0.1391181004135707
HEEH_rd4_0094.pdb,P31S,30,0.5212994807777389,0.62970465,0.10840517343902745,0.10840517343902745
HEEH_rd4_0094.pdb,P31A,30,0.8653440381827846,0.38520557,-0.48013847129969744,0.48013847129969744
HEEH_rd4_0094.pdb,P31G,30,1.8013141867210538,0.806031,-0.9952831980278165,0.9952831980278165
HEEH_rd4_0094.pdb,P31M,30,0.3927885898796854,0.51168776,0.1188991657050314,0.1188991657050314
HEEH_rd4_0094.pdb,P31L,30,0.7171591378284865,0.46210462,-0.2550545192791396,0.2550545192791396
HEEH_rd4_0094.pdb,P31V,30,-0.0469145665205825,0.3246162,0.3715307602919448,0.3715307602919448
HEEH_rd4_0094.pdb,P31I,30,0.6089101520163385,0.58633125,-0.022578903732952238,0.022578903732952238
HEEH_rd4_0094.pdb,P31W,30,-0.7515805177879291,0.24846369,1.0000442080688434,1.0000442080688434
HEEH_rd4_0094.pdb,P31Y,30,0.3849246622512123,0.19678158,-0.18814308657143325,0.18814308657143325
HEEH_rd4_0094.pdb,P31F,30,0.1659481983719497,0.3061329,0.1401847142638535,0.1401847142638535
HEEH_rd4_0094.pdb,P31C,30,0.3216939312480575,0.1434249,-0.17826903286205592,0.17826903286205592
HEEH_rd4_0094.pdb,E32Q,31,0.4998771815770211,0.21537131,-0.2845058708661141,0.2845058708661141
HEEH_rd4_0094.pdb,E32N,31,0.716319239764208,0.58244807,-0.13387117448329366,0.13387117448329366
HEEH_rd4_0094.pdb,E32H,31,0.8739678697136477,0.42100763,-0.4529602365044192,0.4529602365044192
HEEH_rd4_0094.pdb,E32D,31,0.4210673374924676,0.35536736,-0.06569997499323055,0.06569997499323055
HEEH_rd4_0094.pdb,E32R,31,0.9161610113949336,0.565676,-0.35048503750272164,0.35048503750272164
HEEH_rd4_0094.pdb,E32K,31,0.9421606734316628,0.40395463,-0.5382060483019631,0.5382060483019631
HEEH_rd4_0094.pdb,E32T,31,0.7905470058141466,0.50256735,-0.2879796549497362,0.2879796549497362
HEEH_rd4_0094.pdb,E32S,31,0.6361860409475901,0.42357123,-0.21261481196657206,0.21261481196657206
HEEH_rd4_0094.pdb,E32A,31,0.2150098817533212,0.20308292,-0.011926962632532623,0.011926962632532623
HEEH_rd4_0094.pdb,E32G,31,0.7745157916720364,0.5602401,-0.21427570177869537,0.21427570177869537
HEEH_rd4_0094.pdb,E32M,31,0.7030112167222164,0.27379966,-0.4292115589005612,0.4292115589005612
HEEH_rd4_0094.pdb,E32L,31,0.8641400729092197,0.23734204,-0.6267980281981067,0.6267980281981067
HEEH_rd4_0094.pdb,E32V,31,1.1821580372166218,0.46005982,-0.7220982156109395,0.7220982156109395
HEEH_rd4_0094.pdb,E32I,31,1.0044023436899017,0.41983327,-0.5845690709943603,0.5845690709943603
HEEH_rd4_0094.pdb,E32W,31,0.4277476590007967,0.42249912,-0.005248538765353583,0.005248538765353583
HEEH_rd4_0094.pdb,E32Y,31,0.520673716492587,0.46880448,-0.05186923784726227,0.05186923784726227
HEEH_rd4_0094.pdb,E32F,31,0.7657165979949321,0.48290962,-0.28280697818673506,0.28280697818673506
HEEH_rd4_0094.pdb,E32P,31,1.437134148331726,1.31238,-0.12475419208630356,0.12475419208630356
HEEH_rd4_0094.pdb,E32C,31,0.7430886698890222,0.14619824,-0.5968904269862665,0.5968904269862665
HEEH_rd4_0094.pdb,E33Q,32,0.6409330247742808,-0.0023612976,-0.6432943223817027,0.6432943223817027
HEEH_rd4_0094.pdb,E33N,32,1.0089795754666886,1.3320347,0.3230551316027084,0.3230551316027084
HEEH_rd4_0094.pdb,E33H,32,1.392211616015079,0.9925218,-0.39968979356253387,0.39968979356253387
HEEH_rd4_0094.pdb,E33D,32,0.7184822367576595,1.0630089,0.34452666769943274,0.34452666769943274
HEEH_rd4_0094.pdb,E33R,32,1.3421760200044712,0.9043866,-0.43778944001408426,0.43778944001408426
HEEH_rd4_0094.pdb,E33K,32,1.04858674616766,0.61843437,-0.4301523766036035,0.4301523766036035
HEEH_rd4_0094.pdb,E33T,32,1.3597918440051322,0.9479222,-0.4118696142382865,0.4118696142382865
HEEH_rd4_0094.pdb,E33S,32,1.473624656200712,0.7399855,-0.7336391305926493,0.7336391305926493
HEEH_rd4_0094.pdb,E33A,32,0.6809046187697916,0.35017335,-0.33073126462092683,0.33073126462092683
HEEH_rd4_0094.pdb,E33G,32,0.6857978554649575,1.0357901,0.349992230327584,0.349992230327584
HEEH_rd4_0094.pdb,E33M,32,0.7796276945058003,0.48134917,-0.298278524297823,0.298278524297823
HEEH_rd4_0094.pdb,E33L,32,0.1726635898647543,0.73545384,0.5627902542056803,0.5627902542056803
HEEH_rd4_0094.pdb,E33V,32,1.2507395179519571,0.8419279,-0.40881163194274084,0.40881163194274084
HEEH_rd4_0094.pdb,E33I,32,1.1742197456841243,0.81982046,-0.3543992820267452,0.3543992820267452
HEEH_rd4_0094.pdb,E33W,32,0.5972554433690824,1.280968,0.6837125074518404,0.6837125074518404
HEEH_rd4_0094.pdb,E33Y,32,1.478714843510419,1.2107542,-0.26796068739774803,0.26796068739774803
HEEH_rd4_0094.pdb,E33F,32,1.1442841516779092,1.1336796,-0.010604523305716818,0.010604523305716818
HEEH_rd4_0094.pdb,E33P,32,2.4827993010538467,2.2569714,-0.22582794180091703,0.22582794180091703
HEEH_rd4_0094.pdb,E33C,32,0.4219868955272399,0.5874281,0.16544119742930308,0.16544119742930308
HEEH_rd4_0094.pdb,L34Q,33,2.876447079343264,1.962689,-0.9137580372518945,0.9137580372518945
HEEH_rd4_0094.pdb,L34E,33,2.4421801484766177,2.135036,-0.3071441568079165,0.3071441568079165
HEEH_rd4_0094.pdb,L34N,33,2.9413411008583576,2.4684172,-0.47292393319478343,0.47292393319478343
HEEH_rd4_0094.pdb,L34H,33,2.5492015918742026,1.9565312,-0.5926704248438681,0.5926704248438681
HEEH_rd4_0094.pdb,L34D,33,2.5791029389142377,2.5081015,-0.0710014755963666,0.0710014755963666
HEEH_rd4_0094.pdb,L34K,33,2.667139554114644,2.099517,-0.5676224471047564,0.5676224471047564
HEEH_rd4_0094.pdb,L34T,33,2.33984867695792,1.4131638,-0.9266848957918432,0.9266848957918432
HEEH_rd4_0094.pdb,L34S,33,2.6100801733319856,1.6878848,-0.9221953657453157,0.9221953657453157
HEEH_rd4_0094.pdb,L34A,33,2.025932218934688,0.6324725,-1.3934597038284866,1.3934597038284866
HEEH_rd4_0094.pdb,L34G,33,2.079128813550496,1.8021429,-0.27698595504524715,0.27698595504524715
HEEH_rd4_0094.pdb,L34M,33,1.4506446407836473,0.9834151,-0.4672295139831102,0.4672295139831102
HEEH_rd4_0094.pdb,L34V,33,1.5111898461564977,0.54890764,-0.9622822085603673,0.9622822085603673
HEEH_rd4_0094.pdb,L34I,33,1.7740115199523865,0.6046293,-1.169382241769403,1.169382241769403
HEEH_rd4_0094.pdb,L34W,33,1.20064892969271,1.4090041,0.2083551625237816,0.2083551625237816
HEEH_rd4_0094.pdb,L34Y,33,1.3981972904270412,1.513658,0.11546075629537089,0.11546075629537089
HEEH_rd4_0094.pdb,L34F,33,1.61086079326296,1.4355041,-0.17535671439790868,0.17535671439790868
HEEH_rd4_0094.pdb,L34C,33,0.8630893396411377,0.83284044,-0.03024889698366695,0.03024889698366695
HEEH_rd4_0094.pdb,V35Q,34,1.260555194162247,0.4308532,-0.8297020061243747,0.8297020061243747
HEEH_rd4_0094.pdb,V35E,34,0.6664412060765665,0.7138975,0.047456320187624135,0.047456320187624135
HEEH_rd4_0094.pdb,V35N,34,1.8730108687836915,1.3825758,-0.49043511843273935,0.49043511843273935
HEEH_rd4_0094.pdb,V35H,34,1.7945699663735093,1.0066202,-0.7879497976875962,0.7879497976875962
HEEH_rd4_0094.pdb,V35D,34,1.7546383254749849,1.4945068,-0.2601314895374849,0.2601314895374849
HEEH_rd4_0094.pdb,V35R,34,1.6985900144997168,1.0245792,-0.674010847133689,0.674010847133689
HEEH_rd4_0094.pdb,V35K,34,1.4581035034134775,1.0043263,-0.45377715987710054,0.45377715987710054
HEEH_rd4_0094.pdb,V35T,34,1.0120749289441011,0.61840284,-0.3936720902371309,0.3936720902371309
HEEH_rd4_0094.pdb,V35S,34,1.2293457960160217,0.7604366,-0.4689092015297851,0.4689092015297851
HEEH_rd4_0094.pdb,V35A,34,0.4276786538878636,0.5064737,0.07879506618583637,0.07879506618583637
HEEH_rd4_0094.pdb,V35G,34,1.6719900591161885,1.3116817,-0.36030831167966504,0.36030831167966504
HEEH_rd4_0094.pdb,V35M,34,0.4420907763988637,0.12909204,-0.3129987387210988,0.3129987387210988
HEEH_rd4_0094.pdb,V35L,34,0.4578242032355639,0.306655,-0.15116921351617302,0.15116921351617302
HEEH_rd4_0094.pdb,V35I,34,-0.2459231003698083,-0.035015345,0.21090775575005732,0.21090775575005732
HEEH_rd4_0094.pdb,V35W,34,0.6550402832137996,0.7970858,0.14204553841477097,0.14204553841477097
HEEH_rd4_0094.pdb,V35Y,34,1.1125103033661847,0.70788693,-0.4046233690857892,0.4046233690857892
HEEH_rd4_0094.pdb,V35F,34,0.8304107379930101,0.705923,-0.12448771715331897,0.12448771715331897
HEEH_rd4_0094.pdb,V35P,34,2.052560415507841,1.99934,-0.05322035813479431,0.05322035813479431
HEEH_rd4_0094.pdb,E36Q,35,0.7431800089161213,-0.018604234,-0.7617842427770909,0.7617842427770909
HEEH_rd4_0094.pdb,E36N,35,0.7959929797238963,0.41470653,-0.38128645153709817,0.38128645153709817
HEEH_rd4_0094.pdb,E36H,35,0.546751970634664,0.28870308,-0.25804888664265957,0.25804888664265957
HEEH_rd4_0094.pdb,E36D,35,0.2864147912011741,0.45302632,0.16661153330940026,0.16661153330940026
HEEH_rd4_0094.pdb,E36R,35,0.4368515580731307,0.08748329,-0.3493682712155257,0.3493682712155257
HEEH_rd4_0094.pdb,E36K,35,0.7358959375763507,0.060313135,-0.6755828021908374,0.6755828021908374
HEEH_rd4_0094.pdb,E36T,35,1.1629388933818672,0.24181232,-0.9211265748184059,0.9211265748184059
HEEH_rd4_0094.pdb,E36S,35,0.863952775010997,0.24783683,-0.6161159467791855,0.6161159467791855
HEEH_rd4_0094.pdb,E36A,35,0.445245460572528,-0.011907443,-0.4571529039767257,0.4571529039767257
HEEH_rd4_0094.pdb,E36G,35,1.2726283665467006,0.6089439,-0.663684486942361,0.663684486942361
HEEH_rd4_0094.pdb,E36M,35,0.5834655105228197,-0.048639223,-0.6321047335023653,0.6321047335023653
HEEH_rd4_0094.pdb,E36L,35,0.7828586265225255,-0.029732928,-0.812591554202541,0.812591554202541
HEEH_rd4_0094.pdb,E36V,35,0.573977008338012,0.17957106,-0.39440594601158074,0.39440594601158074
HEEH_rd4_0094.pdb,E36I,35,0.8413391990499461,0.0016127229,-0.8397264761762584,0.8397264761762584
HEEH_rd4_0094.pdb,E36W,35,0.5141664061686639,0.30801404,-0.20615237094374939,0.20615237094374939
HEEH_rd4_0094.pdb,E36Y,35,0.8045838829538801,0.29588777,-0.5086961146852949,0.5086961146852949
HEEH_rd4_0094.pdb,E36F,35,0.6539206767595809,0.30161324,-0.3523074353254836,0.3523074353254836
HEEH_rd4_0094.pdb,E36P,35,2.7203072175612037,1.9479471,-0.7723600730528419,0.7723600730528419
HEEH_rd4_0094.pdb,Y37Q,36,0.5420864364806355,1.5720869,1.030000493794328,1.030000493794328
HEEH_rd4_0094.pdb,Y37E,36,0.8272500437534782,2.039358,1.2121078568660286,1.2121078568660286
HEEH_rd4_0094.pdb,Y37N,36,1.7507000934889854,1.9604733,0.2097732055375039,0.2097732055375039
HEEH_rd4_0094.pdb,Y37H,36,0.6616860852933548,1.178769,0.5170829071306564,0.5170829071306564
HEEH_rd4_0094.pdb,Y37D,36,2.187656135858023,2.3732014,0.1855452343812347,0.1855452343812347
HEEH_rd4_0094.pdb,Y37R,36,0.3982989480966483,1.3329396,0.9346406766897286,0.9346406766897286
HEEH_rd4_0094.pdb,Y37K,36,0.4818073832681331,1.5216259,1.0398184931585637,1.0398184931585637
HEEH_rd4_0094.pdb,Y37T,36,0.1626157719026859,1.3452513,1.1826355498899166,1.1826355498899166
HEEH_rd4_0094.pdb,Y37A,36,0.4086278943571648,1.2683202,0.8596923084702888,0.8596923084702888
HEEH_rd4_0094.pdb,Y37G,36,2.165161181512661,2.2422361,0.07707495587747593,0.07707495587747593
HEEH_rd4_0094.pdb,Y37M,36,-0.5161590297158392,0.332438,0.8485970218117864,0.8485970218117864
HEEH_rd4_0094.pdb,Y37L,36,-1.2760360861313689,0.15044916,1.4264852428925383,1.4264852428925383
HEEH_rd4_0094.pdb,Y37V,36,-0.7177665537147946,0.62135744,1.339123994663281,1.339123994663281
HEEH_rd4_0094.pdb,Y37I,36,-0.9913750736983444,0.1225217,1.1138967721732285,1.1138967721732285
HEEH_rd4_0094.pdb,Y37W,36,-0.1632382726503585,0.27806866,0.4413069343401168,0.4413069343401168
HEEH_rd4_0094.pdb,Y37F,36,-0.3624993663209257,0.11374968,0.4762490492242155,0.4762490492242155
HEEH_rd4_0094.pdb,Y37P,36,3.1040169210001918,2.750471,-0.3535458058878871,0.3535458058878871
HEEH_rd4_0094.pdb,Y37C,36,-0.3417487807490733,0.47199422,0.8137430019595531,0.8137430019595531
HEEH_rd4_0094.pdb,V38Q,37,2.050227067436055,2.2907205,0.24049339536301728,0.24049339536301728
HEEH_rd4_0094.pdb,V38E,37,2.4412933677070487,2.5843415,0.1430481583244454,0.1430481583244454
HEEH_rd4_0094.pdb,V38N,37,2.3392620541432505,2.611127,0.2718648455759878,0.2718648455759878
HEEH_rd4_0094.pdb,V38H,37,1.9445264002018003,2.0691433,0.1246168950862856,0.1246168950862856
HEEH_rd4_0094.pdb,V38D,37,2.142693489118604,2.7682862,0.6255927390613278,0.6255927390613278
HEEH_rd4_0094.pdb,V38R,37,2.289623844242741,2.534614,0.24499024190838226,0.24499024190838226
HEEH_rd4_0094.pdb,V38K,37,2.3168157139288352,2.541718,0.22490229220519797,0.22490229220519797
HEEH_rd4_0094.pdb,V38T,37,1.8574284768475264,1.5305978,-0.32683067087065876,0.32683067087065876
HEEH_rd4_0094.pdb,V38S,37,2.2279497963252064,1.8255274,-0.4024223667445179,0.4024223667445179
HEEH_rd4_0094.pdb,V38A,37,1.6242694073187234,0.7965576,-0.8277118020521523,0.8277118020521523
HEEH_rd4_0094.pdb,V38G,37,2.0985829041590884,2.0151298,-0.08345309954788238,0.08345309954788238
HEEH_rd4_0094.pdb,V38M,37,0.33848673400552,0.9545742,0.6160874933275489,0.6160874933275489
HEEH_rd4_0094.pdb,V38L,37,0.268926383486133,0.6331855,0.3642591223808714,0.3642591223808714
HEEH_rd4_0094.pdb,V38I,37,-0.2825139612971066,0.09659445,0.3791084141550778,0.3791084141550778
HEEH_rd4_0094.pdb,V38W,37,1.0047964839582384,1.364949,0.36015250400257703,0.36015250400257703
HEEH_rd4_0094.pdb,V38Y,37,1.2717730890008825,1.2552729,-0.016500223705472328,0.016500223705472328
HEEH_rd4_0094.pdb,V38F,37,0.9050626749610085,1.1387893,0.23372662118919907,0.23372662118919907
HEEH_rd4_0094.pdb,V38P,37,2.566278630735425,2.6052332,0.03895456170842282,0.03895456170842282
HEEH_rd4_0094.pdb,V38C,37,0.3854372953258704,0.66581815,0.28038085948598873,0.28038085948598873
HEEH_rd4_0094.pdb,R39Q,38,0.3397292472072313,0.43716043,0.0974311851314833,0.0974311851314833
HEEH_rd4_0094.pdb,R39E,38,0.65266106755965,0.8779042,0.2252431091523861,0.2252431091523861
HEEH_rd4_0094.pdb,R39N,38,0.6062669702449892,1.040972,0.4347050241550352,0.4347050241550352
HEEH_rd4_0094.pdb,R39H,38,0.3872722086285294,0.5220381,0.13476589352143398,0.13476589352143398
HEEH_rd4_0094.pdb,R39D,38,1.703151544089514,1.6301674,-0.07298417901535625,0.07298417901535625
HEEH_rd4_0094.pdb,R39K,38,0.021857941263065,0.30507052,0.28321257818426165,0.28321257818426165
HEEH_rd4_0094.pdb,R39T,38,0.3897484908582522,0.35110098,-0.038647509622748044,0.038647509622748044
HEEH_rd4_0094.pdb,R39S,38,0.8287927661377545,0.6210946,-0.2076981816727277,0.2076981816727277
HEEH_rd4_0094.pdb,R39A,38,1.0563105094397256,0.45131946,-0.6049910533392617,0.6049910533392617
HEEH_rd4_0094.pdb,R39G,38,1.4053791041540442,1.3102493,-0.09512977554076296,0.09512977554076296
HEEH_rd4_0094.pdb,R39M,38,-0.340271428615436,-0.10181132,0.23846010902582115,0.23846010902582115
HEEH_rd4_0094.pdb,R39L,38,-0.6582966109228341,0.008040249,0.6663368602705209,0.6663368602705209
HEEH_rd4_0094.pdb,R39V,38,0.4832725934029143,0.11877152,-0.3645010701656859,0.3645010701656859
HEEH_rd4_0094.pdb,R39I,38,-0.1388755880043266,-0.15035263,-0.0114770390346291,0.0114770390346291
HEEH_rd4_0094.pdb,R39W,38,-0.3529606901916247,-0.013899118,0.3390615724834185,0.3390615724834185
HEEH_rd4_0094.pdb,R39Y,38,-0.1880973444322387,-0.052929908,0.13516743639505302,0.13516743639505302
HEEH_rd4_0094.pdb,R39F,38,0.1711868132808622,-0.003262192,-0.1744490052917417,0.1744490052917417
HEEH_rd4_0094.pdb,R39P,38,2.900564223701302,2.6450303,-0.2555339636152425,0.2555339636152425
HEEH_rd4_0094.pdb,R39C,38,-0.2205785077046282,-0.09163734,0.12894116453636953,0.12894116453636953
HEEH_rd4_0094.pdb,K40Q,39,0.2496987090383844,0.20597918,-0.043719525722153624,0.043719525722153624
HEEH_rd4_0094.pdb,K40E,39,0.5766262805444624,0.51368093,-0.06294534563845655,0.06294534563845655
HEEH_rd4_0094.pdb,K40N,39,0.5044637079623544,0.4590789,-0.04538479999574063,0.04538479999574063
HEEH_rd4_0094.pdb,K40H,39,0.320830607539269,0.29766425,-0.023166352635475673,0.023166352635475673
HEEH_rd4_0094.pdb,K40D,39,0.9522245051901131,0.84368527,-0.10853923583433922,0.10853923583433922
HEEH_rd4_0094.pdb,K40R,39,0.1851857355388424,-0.044713527,-0.22989926250303003,0.22989926250303003
HEEH_rd4_0094.pdb,K40T,39,0.6615320895196897,0.26878244,-0.3927496526720029,0.3927496526720029
HEEH_rd4_0094.pdb,K40S,39,0.2770785975312546,0.38543034,0.10835173846728058,0.10835173846728058
HEEH_rd4_0094.pdb,K40A,39,0.3622954047994438,0.29619253,-0.066102877982122,0.066102877982122
HEEH_rd4_0094.pdb,K40G,39,0.7736897412835275,0.8168832,0.043193465083965155,0.043193465083965155
HEEH_rd4_0094.pdb,K40M,39,0.160881546728056,0.06424531,-0.09663623332206539,0.09663623332206539
HEEH_rd4_0094.pdb,K40L,39,0.0743288967384061,0.11473331,0.04040441181528957,0.04040441181528957
HEEH_rd4_0094.pdb,K40V,39,0.9239978907602135,0.2522723,-0.6717255828874413,0.6717255828874413
HEEH_rd4_0094.pdb,K40I,39,0.3756315602759219,0.054948688,-0.32068287272251617,0.32068287272251617
HEEH_rd4_0094.pdb,K40W,39,-0.2660705403920302,0.28595912,0.5520296649571548,0.5520296649571548
HEEH_rd4_0094.pdb,K40Y,39,0.089136211761049,0.24629562,0.15715940426964406,0.15715940426964406
HEEH_rd4_0094.pdb,K40F,39,0.0081453082038707,0.2526545,0.24450918465120133,0.24450918465120133
HEEH_rd4_0094.pdb,K40P,39,2.069126811346959,1.9673812,-0.10174557240958126,0.10174557240958126
HEEH_rd4_0094.pdb,K40C,39,-0.5955367376339855,0.06610948,0.6616462161076488,0.6616462161076488
HEEH_rd4_0094.pdb,V41Q,40,0.7736526918832765,0.6164373,-0.15721537594241952,0.15721537594241952
HEEH_rd4_0094.pdb,V41E,40,0.7344131637360545,0.9385916,0.20417843572836203,0.20417843572836203
HEEH_rd4_0094.pdb,V41N,40,0.8868656472112404,1.1040611,0.21719547949774398,0.21719547949774398
HEEH_rd4_0094.pdb,V41H,40,-0.0855015195246697,0.47484723,0.5603487468596459,0.5603487468596459
HEEH_rd4_0094.pdb,V41D,40,1.862608206122459,1.4663727,-0.3962354777746806,0.3962354777746806
HEEH_rd4_0094.pdb,V41R,40,1.074420339173272,0.49839938,-0.5760209623040704,0.5760209623040704
HEEH_rd4_0094.pdb,V41K,40,0.8381612198531534,0.59383833,-0.24432288576959627,0.24432288576959627
HEEH_rd4_0094.pdb,V41T,40,0.8316918041788,0.54464483,-0.28704697156771597,0.28704697156771597
HEEH_rd4_0094.pdb,V41S,40,1.0733657951353563,0.6758761,-0.3974897141455187,0.3974897141455187
HEEH_rd4_0094.pdb,V41A,40,0.1454786784509902,0.20073864,0.05525996018845988,0.05525996018845988
HEEH_rd4_0094.pdb,V41G,40,1.5025131167241264,1.1485987,-0.3539144457646537,0.3539144457646537
HEEH_rd4_0094.pdb,V41M,40,-0.4222520331253245,-0.21083888,0.21141314901010538,0.21141314901010538
HEEH_rd4_0094.pdb,V41L,40,-0.7469280438997683,-0.24036542,0.5065626280882296,0.5065626280882296
HEEH_rd4_0094.pdb,V41I,40,-0.3300359000927564,-0.22268638,0.10734951994482245,0.10734951994482245
HEEH_rd4_0094.pdb,V41W,40,-0.0425420395205073,-0.030583829,0.011958210832839454,0.011958210832839454
HEEH_rd4_0094.pdb,V41Y,40,-0.210817538773917,-0.19853738,0.01228015927066689,0.01228015927066689
HEEH_rd4_0094.pdb,V41F,40,-0.240605487775293,-0.09899905,0.14160643453547062,0.14160643453547062
HEEH_rd4_0094.pdb,V41P,40,2.565775764803023,1.9718037,-0.5939720996418902,0.5939720996418902
HEEH_rd4_0094.pdb,V41C,40,-0.4293483865563599,-0.21898296,0.21036542180225526,0.21036542180225526
HEEH_rd4_0094.pdb,F42Q,41,2.0218301983471423,1.4584258,-0.5634044380779772,0.5634044380779772
HEEH_rd4_0094.pdb,F42E,41,2.1359673295575257,1.800149,-0.335818365629303,0.335818365629303
HEEH_rd4_0094.pdb,F42N,41,2.214560279348027,1.6721265,-0.5424337477470749,0.5424337477470749
HEEH_rd4_0094.pdb,F42H,41,1.5963896674164788,1.1491456,-0.44724406423654717,0.44724406423654717
HEEH_rd4_0094.pdb,F42D,41,2.3769054404042147,2.0318062,-0.34509920985917075,0.34509920985917075
HEEH_rd4_0094.pdb,F42R,41,2.1397169067522914,1.6444174,-0.4952995016238124,0.4952995016238124
HEEH_rd4_0094.pdb,F42K,41,2.377523393111192,1.379945,-0.9975783533620466,0.9975783533620466
HEEH_rd4_0094.pdb,F42T,41,1.7681684126802353,1.1544293,-0.6137390961595444,0.6137390961595444
HEEH_rd4_0094.pdb,F42S,41,1.7258445610565782,1.377897,-0.34794753690191516,0.34794753690191516
HEEH_rd4_0094.pdb,F42A,41,1.8033422053689812,1.2251902,-0.5781520427102897,0.5781520427102897
HEEH_rd4_0094.pdb,F42G,41,2.26169615784625,1.3638285,-0.8978676179979224,0.8978676179979224
HEEH_rd4_0094.pdb,F42M,41,0.4954603013144001,0.405805,-0.08965530959229318,0.08965530959229318
HEEH_rd4_0094.pdb,F42L,41,0.1899775932738703,0.53978693,0.3498093415787298,0.3498093415787298
HEEH_rd4_0094.pdb,F42V,41,1.521539764223864,1.0480137,-0.4735260770900749,0.4735260770900749
HEEH_rd4_0094.pdb,F42I,41,1.2237121475926245,0.8934067,-0.3303054584256018,0.3303054584256018
HEEH_rd4_0094.pdb,F42W,41,0.8760211780689093,0.44724363,-0.42877754718283145,0.42877754718283145
HEEH_rd4_0094.pdb,F42Y,41,0.2159841404678162,0.22382158,0.007837439942187469,0.007837439942187469
HEEH_rd4_0094.pdb,F42P,41,2.696095531968407,1.7917163,-0.9043791947644273,0.9043791947644273
HEEH_rd4_0094.pdb,F42C,41,0.094562130569582,0.25851554,0.16395340621554372,0.16395340621554372
HEEH_rd4_0094.pdb,S43Q,42,0.0550482507054654,0.49349275,0.4384445016081485,0.4384445016081485
HEEH_rd4_0094.pdb,S43E,42,0.0809766202475379,0.45805508,0.37707845873576895,0.37707845873576895
HEEH_rd4_0094.pdb,S43N,42,0.2035398037470206,0.5392505,0.33571068930260095,0.33571068930260095
HEEH_rd4_0094.pdb,S43H,42,0.4293925671457543,0.45201898,0.02262640906579355,0.02262640906579355
HEEH_rd4_0094.pdb,S43D,42,0.2963922335687452,0.61081445,0.31442221860258046,0.31442221860258046
HEEH_rd4_0094.pdb,S43R,42,0.536525001854554,0.56226337,0.025738367705687715,0.025738367705687715
HEEH_rd4_0094.pdb,S43K,42,0.3498393387024046,0.506423,0.15658365781859152,0.15658365781859152
HEEH_rd4_0094.pdb,S43T,42,0.4611890189603693,0.12858987,-0.33259915041483706,0.33259915041483706
HEEH_rd4_0094.pdb,S43A,42,-0.1177341707528603,0.24338782,0.3611219890893471,0.3611219890893471
HEEH_rd4_0094.pdb,S43G,42,-0.0887191284186936,0.595469,0.6841881263740158,0.6841881263740158
HEEH_rd4_0094.pdb,S43M,42,-0.1439000079896217,0.34605235,0.4899523566033607,0.4899523566033607
HEEH_rd4_0094.pdb,S43L,42,-0.2556071290152348,0.50023067,0.7558377989905156,0.7558377989905156
HEEH_rd4_0094.pdb,S43V,42,0.6184436802894016,0.49363646,-0.1248072211772342,0.1248072211772342
HEEH_rd4_0094.pdb,S43I,42,0.2918655006791524,0.538222,0.24635651422486982,0.24635651422486982
HEEH_rd4_0094.pdb,S43W,42,0.1735257352036856,0.3959053,0.22237955086999908,0.22237955086999908
HEEH_rd4_0094.pdb,S43Y,42,0.1229071177360503,0.391959,0.26905189381866773,0.26905189381866773
HEEH_rd4_0094.pdb,S43F,42,-0.1710824727828352,0.47972605,0.6508085191066114,0.6508085191066114
HEEH_rd4_0094.pdb,S43P,42,1.18794251513455,1.1539332,-0.03400934767696939,0.03400934767696939
HHH_rd1_0949.pdb,S1Q,0,0.0189433367717004,0.25604284,0.23709950132491825,0.23709950132491825
HHH_rd1_0949.pdb,S1E,0,-0.1483988188252079,0.22425966,0.3726584784731495,0.3726584784731495
HHH_rd1_0949.pdb,S1N,0,0.0525411490407656,0.009423256,-0.043117893120355445,0.043117893120355445
HHH_rd1_0949.pdb,S1H,0,0.0948160159593198,0.17121974,0.07640372037834195,0.07640372037834195
HHH_rd1_0949.pdb,S1D,0,-0.1640047638932324,0.10766081,0.2716655715623951,0.2716655715623951
HHH_rd1_0949.pdb,S1R,0,0.1394528186056574,0.25755066,0.11809783818984432,0.11809783818984432
HHH_rd1_0949.pdb,S1K,0,0.2165342537968992,0.16210762,-0.05442663713392007,0.05442663713392007
HHH_rd1_0949.pdb,S1T,0,0.0532443378042852,0.1402875,0.08704316579583535,0.08704316579583535
HHH_rd1_0949.pdb,S1A,0,-0.0101295709698918,0.097306535,0.10743610561783339,0.10743610561783339
HHH_rd1_0949.pdb,S1G,0,0.1201209315084654,0.22608566,0.10596473133333148,0.10596473133333148
HHH_rd1_0949.pdb,S1M,0,0.0619988803074282,0.16745433,0.10545545180583779,0.10545545180583779
HHH_rd1_0949.pdb,S1L,0,0.0716461294533186,0.1693508,0.09770467344508839,0.09770467344508839
HHH_rd1_0949.pdb,S1V,0,0.1253380347388026,0.20636997,0.08103193152973684,0.08103193152973684
HHH_rd1_0949.pdb,S1I,0,0.0539382397697734,0.22978383,0.17584559325711258,0.17584559325711258
HHH_rd1_0949.pdb,S1W,0,0.0310692089181081,0.123565115,0.09249590611647213,0.09249590611647213
HHH_rd1_0949.pdb,S1Y,0,-0.0094319405375538,0.21464652,0.22407845876799204,0.22407845876799204
HHH_rd1_0949.pdb,S1F,0,0.0127866959363327,0.25193998,0.23915328623949433,0.23915328623949433
HHH_rd1_0949.pdb,S1P,0,0.1189524596439581,0.046419576,-0.07253288383352567,0.07253288383352567
HHH_rd1_0949.pdb,S1C,0,-0.0905033891228823,-0.09429188,-0.003788491603931965,0.003788491603931965
HHH_rd1_0949.pdb,E2Q,1,0.1652589022888921,0.12559813,-0.039660769678571045,0.039660769678571045
HHH_rd1_0949.pdb,E2N,1,0.1270797336068265,0.13756023,0.010480499866951265,0.010480499866951265
HHH_rd1_0949.pdb,E2H,1,0.1937902540545004,0.13224128,-0.061548975167705355,0.061548975167705355
HHH_rd1_0949.pdb,E2D,1,-0.0275472443701367,0.11453937,0.14208661431089445,0.14208661431089445
HHH_rd1_0949.pdb,E2T,1,0.1916746757949896,0.17040369,-0.02127098664894772,0.02127098664894772
HHH_rd1_0949.pdb,E2S,1,0.145006074657398,0.085932784,-0.05907329087491586,0.05907329087491586
HHH_rd1_0949.pdb,E2A,1,0.0863265968449527,0.02677109,-0.05955550592021286,0.05955550592021286
HHH_rd1_0949.pdb,E2G,1,0.3544542361827423,0.21889448,-0.13555975452380675,0.13555975452380675
HHH_rd1_0949.pdb,E2M,1,0.0023262035947748,0.09917611,0.09684990524235289,0.09684990524235289
HHH_rd1_0949.pdb,E2L,1,-0.041179593362393,0.06298757,0.10416716680723628,0.10416716680723628
HHH_rd1_0949.pdb,E2V,1,0.1870764570665093,0.080493346,-0.10658311120984273,0.10658311120984273
HHH_rd1_0949.pdb,E2I,1,0.0947365271966846,0.112226136,0.017489608832082032,0.017489608832082032
HHH_rd1_0949.pdb,E2P,1,0.2798025443309373,0.03719732,-0.24260522267757123,0.24260522267757123
HHH_rd1_0949.pdb,E2C,1,-0.0780848478348055,-0.1026474,-0.024562553557654368,0.024562553557654368
HHH_rd1_0949.pdb,E3Q,2,0.1982671383081493,0.103651986,-0.0946151527820644,0.0946151527820644
HHH_rd1_0949.pdb,E3N,2,0.1822669506321252,0.20349008,0.02122312781712407,0.02122312781712407
HHH_rd1_0949.pdb,E3H,2,0.1952832346172708,0.20771575,0.012432515123329796,0.012432515123329796
HHH_rd1_0949.pdb,E3D,2,0.0810195676169192,0.13701704,0.055997473827859245,0.055997473827859245
HHH_rd1_0949.pdb,E3R,2,0.1458068557139213,0.19670367,0.05089681669513632,0.05089681669513632
HHH_rd1_0949.pdb,E3K,2,0.2614983934411512,0.12562038,-0.13587801339716776,0.13587801339716776
HHH_rd1_0949.pdb,E3T,2,0.1906457372794365,0.21818605,0.02754031337402113,0.02754031337402113
HHH_rd1_0949.pdb,E3S,2,0.1262607417999883,0.15189204,0.025631294399581395,0.025631294399581395
HHH_rd1_0949.pdb,E3A,2,-0.0596483914616983,0.015642479,0.07529087052377868,0.07529087052377868
HHH_rd1_0949.pdb,E3G,2,0.2116956222582864,0.30393475,0.0922391306828452,0.0922391306828452
HHH_rd1_0949.pdb,E3M,2,0.1964444076816147,0.15132079,-0.04512362239757234,0.04512362239757234
HHH_rd1_0949.pdb,E3L,2,0.1489074537264567,0.12080477,-0.028102681945488983,0.028102681945488983
HHH_rd1_0949.pdb,E3V,2,0.2057717492506832,0.19622628,-0.00954546534279288,0.00954546534279288
HHH_rd1_0949.pdb,E3I,2,0.2754153685607137,0.19164684,-0.08376852441207783,0.08376852441207783
HHH_rd1_0949.pdb,E3W,2,0.2383751336645723,0.15385729,-0.08451784291979081,0.08451784291979081
HHH_rd1_0949.pdb,E3Y,2,-0.0245800396227791,0.23782061,0.2624006500267937,0.2624006500267937
HHH_rd1_0949.pdb,E3F,2,0.4359345738411306,0.29259947,-0.14333510441783653,0.14333510441783653
HHH_rd1_0949.pdb,E3P,2,0.4681699243869728,0.4856953,0.017525378099446876,0.017525378099446876
HHH_rd1_0949.pdb,E3C,2,-0.0475337171768757,-0.021944925,0.025588791987857448,0.025588791987857448
HHH_rd1_0949.pdb,K4Q,3,-0.3039272018446293,-0.016731158,0.2871960439457264,0.2871960439457264
HHH_rd1_0949.pdb,K4E,3,-0.1341495537265604,0.03534887,0.16949842358673267,0.16949842358673267
HHH_rd1_0949.pdb,K4N,3,-0.1618737969545063,0.15976834,0.3216421399263081,0.3216421399263081
HHH_rd1_0949.pdb,K4H,3,-0.3706066511729746,0.08352426,0.45413090811763096,0.45413090811763096
HHH_rd1_0949.pdb,K4D,3,-0.1411268653072177,0.23564199,0.37676885143888583,0.37676885143888583
HHH_rd1_0949.pdb,K4R,3,-0.3808481912308443,0.01247967,0.3933278615766275,0.3933278615766275
HHH_rd1_0949.pdb,K4T,3,-0.0908433691989829,-0.03350193,0.05734143866414328,0.05734143866414328
HHH_rd1_0949.pdb,K4S,3,-0.0805304768725378,0.1637408,0.2442712757035238,0.2442712757035238
HHH_rd1_0949.pdb,K4A,3,-0.186391022190949,0.0059597567,0.19235077886333135,0.19235077886333135
HHH_rd1_0949.pdb,K4G,3,-0.0873334285615814,0.62304425,0.7103776809572113,0.7103776809572113
HHH_rd1_0949.pdb,K4M,3,-0.5438775944166383,-0.1513312,0.39254639322092144,0.39254639322092144
HHH_rd1_0949.pdb,K4L,3,-0.6589494232848052,-0.30249122,0.3564582054331664,0.3564582054331664
HHH_rd1_0949.pdb,K4V,3,-0.1640375426553943,-0.32505155,-0.16101400344140746,0.16101400344140746
HHH_rd1_0949.pdb,K4I,3,-0.2698213979918762,-0.50256985,-0.23274845626761476,0.23274845626761476
HHH_rd1_0949.pdb,K4W,3,-1.5690274425767314,-0.25859296,1.3104344793580425,1.3104344793580425
HHH_rd1_0949.pdb,K4Y,3,-1.5242708209191038,-0.12467101,1.3995998087559416,1.3995998087559416
HHH_rd1_0949.pdb,K4F,3,-0.9694533884360116,-0.1417329,0.827720487101249,0.827720487101249
HHH_rd1_0949.pdb,K4P,3,0.5441925090373276,0.7201319,0.17593936504714502,0.17593936504714502
HHH_rd1_0949.pdb,K4C,3,-0.0905439120294175,-0.27434385,-0.1837999361990371,0.1837999361990371
HHH_rd1_0949.pdb,K5Q,4,-0.0486736368761473,0.044050768,0.09272440489391616,0.09272440489391616
HHH_rd1_0949.pdb,K5E,4,-0.0044014842752733,0.06655356,0.07095504715483568,0.07095504715483568
HHH_rd1_0949.pdb,K5N,4,-0.0065844711463651,0.23785132,0.2444357928436002,0.2444357928436002
HHH_rd1_0949.pdb,K5H,4,0.2988438361396879,0.2760134,-0.022830432008752233,0.022830432008752233
HHH_rd1_0949.pdb,K5D,4,0.0846533674036571,0.21231554,0.12766217708238875,0.12766217708238875
HHH_rd1_0949.pdb,K5R,4,-0.090945223633525,0.04580216,0.13674738473105155,0.13674738473105155
HHH_rd1_0949.pdb,K5T,4,0.1459113900690609,0.2810031,0.13509169768995705,0.13509169768995705
HHH_rd1_0949.pdb,K5S,4,0.1328995782280211,0.24810454,0.1152049642657991,0.1152049642657991
HHH_rd1_0949.pdb,K5A,4,0.1478868037003637,0.09891704,-0.048969766451752245,0.048969766451752245
HHH_rd1_0949.pdb,K5G,4,0.3920860473137735,0.5020363,0.10995022616568817,0.10995022616568817
HHH_rd1_0949.pdb,K5M,4,0.104460381362788,0.114063546,0.009603164698727809,0.009603164698727809
HHH_rd1_0949.pdb,K5L,4,0.0703097101031842,0.076567516,0.006257805627673654,0.006257805627673654
HHH_rd1_0949.pdb,K5V,4,0.1269997627457888,0.2874688,0.1604690282622068,0.1604690282622068
HHH_rd1_0949.pdb,K5I,4,0.0568061100476864,0.1551413,0.09833518395484656,0.09833518395484656
HHH_rd1_0949.pdb,K5W,4,0.2949346223684559,0.27336115,-0.021573475918413187,0.021573475918413187
HHH_rd1_0949.pdb,K5Y,4,0.0550075604961501,0.32219598,0.2671884164764299,0.2671884164764299
HHH_rd1_0949.pdb,K5F,4,0.2700660500185976,0.35871828,0.08865222600526712,0.08865222600526712
HHH_rd1_0949.pdb,K5P,4,0.7813041535681817,0.9398356,0.15853145443734196,0.15853145443734196
HHH_rd1_0949.pdb,K5C,4,0.0491740635982869,0.094100684,0.04492662032924911,0.04492662032924911
HHH_rd1_0949.pdb,K6Q,5,0.0860154906214276,0.1561471,0.07013160195936768,0.07013160195936768
HHH_rd1_0949.pdb,K6E,5,0.2444711146463518,0.3627599,0.11828877352579786,0.11828877352579786
HHH_rd1_0949.pdb,K6N,5,0.251001004834924,0.36360815,0.11260714683934664,0.11260714683934664
HHH_rd1_0949.pdb,K6H,5,0.1908998128572028,0.3378993,0.146999484618612,0.146999484618612
HHH_rd1_0949.pdb,K6D,5,0.3605025651796552,0.5950179,0.23451534482400693,0.23451534482400693
HHH_rd1_0949.pdb,K6R,5,-0.0647235449677263,-0.01993373,0.04478981460388047,0.04478981460388047
HHH_rd1_0949.pdb,K6T,5,0.2555559969963514,0.36108682,0.10553081859927543,0.10553081859927543
HHH_rd1_0949.pdb,K6S,5,0.1178361035904136,0.38406426,0.26622815355451435,0.26622815355451435
HHH_rd1_0949.pdb,K6A,5,-0.0036454633322753,0.222621,0.22626645718489066,0.22626645718489066
HHH_rd1_0949.pdb,K6G,5,0.3078458490736846,0.6209979,0.31315205665751655,0.31315205665751655
HHH_rd1_0949.pdb,K6M,5,0.0393895678095521,0.16495055,0.12556098179295644,0.12556098179295644
HHH_rd1_0949.pdb,K6L,5,0.0191516956221944,0.13469079,0.1155390957462901,0.1155390957462901
HHH_rd1_0949.pdb,K6V,5,0.3268891463847923,0.2774326,-0.04945655566175455,0.04945655566175455
HHH_rd1_0949.pdb,K6I,5,0.2048260788630789,0.10465343,-0.10017264589780028,0.10017264589780028
HHH_rd1_0949.pdb,K6W,5,0.1198469223038496,0.32981566,0.20996873364288196,0.20996873364288196
HHH_rd1_0949.pdb,K6Y,5,0.2072933182447931,0.33525088,0.12795756604971678,0.12795756604971678
HHH_rd1_0949.pdb,K6F,5,0.2701211948691937,0.35939494,0.08927374288448364,0.08927374288448364
HHH_rd1_0949.pdb,K6P,5,0.922397679937038,1.0828524,0.16045468364938775,0.16045468364938775
HHH_rd1_0949.pdb,K6C,5,0.2838264956471983,0.15940762,-0.12441887998557721,0.12441887998557721
HHH_rd1_0949.pdb,A7Q,6,0.7763318107613013,0.62735415,-0.14897766571125248,0.14897766571125248
HHH_rd1_0949.pdb,A7E,6,1.1401916910872116,0.703287,-0.4369046856627121,0.4369046856627121
HHH_rd1_0949.pdb,A7N,6,0.6024006874925285,0.7094499,0.10704919978316729,0.10704919978316729
HHH_rd1_0949.pdb,A7H,6,0.7142463296352246,0.3578732,-0.35637312826498535,0.35637312826498535
HHH_rd1_0949.pdb,A7D,6,0.6918073600060184,0.74897075,0.057163386988000164,0.057163386988000164
HHH_rd1_0949.pdb,A7R,6,1.0778063624118928,0.75681365,-0.32099271704903876,0.32099271704903876
HHH_rd1_0949.pdb,A7K,6,0.6748836267968932,0.7829712,0.10808757653028578,0.10808757653028578
HHH_rd1_0949.pdb,A7T,6,0.7778290618366084,0.42332047,-0.3545085895961604,0.3545085895961604
HHH_rd1_0949.pdb,A7S,6,0.59495271340404,0.32866532,-0.2662873972991511,0.2662873972991511
HHH_rd1_0949.pdb,A7G,6,0.5558538979179883,0.83786565,0.2820117527358508,0.2820117527358508
HHH_rd1_0949.pdb,A7M,6,0.3930138534456586,0.13946511,-0.2535487449318265,0.2535487449318265
HHH_rd1_0949.pdb,A7L,6,0.1969103613656875,0.048212647,-0.14869771392763817,0.14869771392763817
HHH_rd1_0949.pdb,A7V,6,0.4528372312734934,0.27066115,-0.1821760858248087,0.1821760858248087
HHH_rd1_0949.pdb,A7I,6,0.1249824677150859,0.0026741326,-0.12230833512956038,0.12230833512956038
HHH_rd1_0949.pdb,A7W,6,0.2126290959821704,-0.16502178,-0.3776508731351855,0.3776508731351855
HHH_rd1_0949.pdb,A7Y,6,0.3479888807336067,-0.13551587,-0.4835047493973945,0.4835047493973945
HHH_rd1_0949.pdb,A7F,6,0.2844412195345018,-0.03352177,-0.31796299096547104,0.31796299096547104
HHH_rd1_0949.pdb,A7P,6,1.256723768909834,1.3943759,0.13765215138588127,0.13765215138588127
HHH_rd1_0949.pdb,K8Q,7,-0.6553142887794055,-0.29098672,0.3643275720321215,0.3643275720321215
HHH_rd1_0949.pdb,K8E,7,-0.0098007687968002,-0.15842302,-0.1486222526389374,0.1486222526389374
HHH_rd1_0949.pdb,K8N,7,0.6571834255124132,0.9325978,0.27541439047803484,0.27541439047803484
HHH_rd1_0949.pdb,K8H,7,-0.2540225506555078,0.40879607,0.6628186226617334,0.6628186226617334
HHH_rd1_0949.pdb,K8D,7,1.55258464953802,0.9217671,-0.6308175339450635,0.6308175339450635
HHH_rd1_0949.pdb,K8R,7,-0.4685290437462774,0.044105142,0.5126341861012427,0.5126341861012427
HHH_rd1_0949.pdb,K8T,7,-0.3694954294851351,0.17846006,0.5479554910352755,0.5479554910352755
HHH_rd1_0949.pdb,K8S,7,0.1561189972978596,0.2968819,0.14076291684093434,0.14076291684093434
HHH_rd1_0949.pdb,K8A,7,0.0082771972880557,-0.069391385,-0.07766858200885801,0.07766858200885801
HHH_rd1_0949.pdb,K8G,7,0.7125009072617883,0.8535284,0.14102747313219366,0.14102747313219366
HHH_rd1_0949.pdb,K8M,7,-1.0927514155557256,-0.337143,0.7556084116151434,0.7556084116151434
HHH_rd1_0949.pdb,K8L,7,-1.5658274390535003,-0.35050952,1.2153179147081024,1.2153179147081024
HHH_rd1_0949.pdb,K8V,7,-0.8941433826083109,-0.110376015,0.7837673673027918,0.7837673673027918
HHH_rd1_0949.pdb,K8I,7,-1.3956951053341171,-0.40098423,0.994710877676799,0.994710877676799
HHH_rd1_0949.pdb,K8W,7,-0.950472841930778,0.1740804,1.1245532435897898,1.1245532435897898
HHH_rd1_0949.pdb,K8Y,7,-0.862429631923038,0.07140249,0.9338321220620456,0.9338321220620456
HHH_rd1_0949.pdb,K8F,7,-0.6814480957984852,0.051964663,0.7334127587675976,0.7334127587675976
HHH_rd1_0949.pdb,K8P,7,1.5405430842136496,1.7997371,0.2591940116191751,0.2591940116191751
HHH_rd1_0949.pdb,E9Q,8,-0.0090937108086901,-0.03679897,-0.02770525810248086,0.02770525810248086
HHH_rd1_0949.pdb,E9N,8,0.4752508138348983,0.3012157,-0.1740351055791305,0.1740351055791305
HHH_rd1_0949.pdb,E9H,8,0.4676072659200336,0.20864041,-0.2589668544238712,0.2589668544238712
HHH_rd1_0949.pdb,E9D,8,0.388661520049123,0.32784545,-0.060816065833119604,0.060816065833119604
HHH_rd1_0949.pdb,E9R,8,0.2406805717411377,-0.022520632,-0.2632012032928802,0.2632012032928802
HHH_rd1_0949.pdb,E9K,8,0.3361146507904926,-0.017420202,-0.3535348532841602,0.3535348532841602
HHH_rd1_0949.pdb,E9T,8,0.4031962188346203,0.23359779,-0.16959843360016902,0.16959843360016902
HHH_rd1_0949.pdb,E9S,8,0.3411693404813192,0.20741843,-0.13375091361001945,0.13375091361001945
HHH_rd1_0949.pdb,E9A,8,-0.0017028607765223,0.004219249,0.00592210966739907,0.00592210966739907
HHH_rd1_0949.pdb,E9G,8,0.7694231055521779,0.46861058,-0.3008125208163075,0.3008125208163075
HHH_rd1_0949.pdb,E9M,8,0.4382066821330934,-0.044528708,-0.4827353899949937,0.4827353899949937
HHH_rd1_0949.pdb,E9L,8,0.260867407813941,-0.028019905,-0.28888731290427305,0.28888731290427305
HHH_rd1_0949.pdb,E9V,8,0.6256215942864416,0.18501328,-0.4406083149676321,0.4406083149676321
HHH_rd1_0949.pdb,E9I,8,0.3366534144126711,0.0027366132,-0.3339168012582598,0.3339168012582598
HHH_rd1_0949.pdb,E9W,8,0.9999804853713552,0.1652246,-0.8347558885133306,0.8347558885133306
HHH_rd1_0949.pdb,E9Y,8,0.9603419063443528,0.15964007,-0.8007018325681077,0.8007018325681077
HHH_rd1_0949.pdb,E9F,8,1.111192283239952,0.19388488,-0.9173074038892897,0.9173074038892897
HHH_rd1_0949.pdb,E9P,8,1.3265420426395114,1.270479,-0.056063078787582654,0.056063078787582654
HHH_rd1_0949.pdb,R10Q,9,0.8304020882762704,0.5560258,-0.27437628518712853,0.27437628518712853
HHH_rd1_0949.pdb,R10E,9,1.3265057769319286,0.75672656,-0.5697792139550915,0.5697792139550915
HHH_rd1_0949.pdb,R10N,9,0.7982643605672235,0.64646316,-0.15180120482076354,0.15180120482076354
HHH_rd1_0949.pdb,R10H,9,0.4002563711253764,0.55881584,0.15855946578105673,0.15855946578105673
HHH_rd1_0949.pdb,R10D,9,1.2873065274685598,1.0641878,-0.22311876234709982,0.22311876234709982
HHH_rd1_0949.pdb,R10K,9,0.4165974802273986,0.30433273,-0.11226474707310174,0.11226474707310174
HHH_rd1_0949.pdb,R10T,9,0.939296962617116,0.6210842,-0.3182127493602801,0.3182127493602801
HHH_rd1_0949.pdb,R10S,9,1.0917011940808985,0.7042118,-0.3874894225927088,0.3874894225927088
HHH_rd1_0949.pdb,R10A,9,0.7235428949827738,0.5360316,-0.1875112911696024,0.1875112911696024
HHH_rd1_0949.pdb,R10G,9,1.1699449839726954,1.148411,-0.02153394843497569,0.02153394843497569
HHH_rd1_0949.pdb,R10M,9,0.4480929350468927,0.28445137,-0.16364156957600645,0.16364156957600645
HHH_rd1_0949.pdb,R10L,9,0.4448433393333499,0.22002941,-0.22481392563324615,0.22481392563324615
HHH_rd1_0949.pdb,R10V,9,0.913607286212617,0.4731017,-0.4405055808998881,0.4405055808998881
HHH_rd1_0949.pdb,R10I,9,0.6777353927428116,0.18362781,-0.49410757868832245,0.49410757868832245
HHH_rd1_0949.pdb,R10W,9,0.0420470829970587,0.30565605,0.263608962678219,0.263608962678219
HHH_rd1_0949.pdb,R10Y,9,0.2561234133472618,0.27679333,0.02066991756055986,0.02066991756055986
HHH_rd1_0949.pdb,R10F,9,0.4268360143098419,0.38472366,-0.04211235097976379,0.04211235097976379
HHH_rd1_0949.pdb,R10P,9,1.911555025660361,1.954823,0.043267991460000266,0.043267991460000266
HHH_rd1_0949.pdb,L11Q,10,2.4713598461772976,2.0958788,-0.3754810066844998,0.3754810066844998
HHH_rd1_0949.pdb,L11E,10,2.469133704969737,1.9969145,-0.4722191990111799,0.4722191990111799
HHH_rd1_0949.pdb,L11N,10,2.4722292694792136,2.1398358,-0.3323934349760398,0.3323934349760398
HHH_rd1_0949.pdb,L11H,10,2.259378714508552,2.0725367,-0.18684200758411373,0.18684200758411373
HHH_rd1_0949.pdb,L11D,10,2.610417424903412,1.9072616,-0.7031558148722841,0.7031558148722841
HHH_rd1_0949.pdb,L11R,10,2.2311314181710395,2.2511387,0.020007268962749514,0.020007268962749514
HHH_rd1_0949.pdb,L11K,10,2.3508181267482096,2.284411,-0.06640717322648104,0.06640717322648104
HHH_rd1_0949.pdb,L11T,10,2.638456588590873,1.8798519,-0.7586046512968667,0.7586046512968667
HHH_rd1_0949.pdb,L11S,10,2.326023680408012,2.0748692,-0.2511545245242228,0.2511545245242228
HHH_rd1_0949.pdb,L11A,10,2.254576615072593,1.9961346,-0.2584419762862771,0.2584419762862771
HHH_rd1_0949.pdb,L11G,10,2.5847806486778766,2.0584412,-0.5263394865685016,0.5263394865685016
HHH_rd1_0949.pdb,L11M,10,1.2663541478532028,1.0076177,-0.25873643583232875,0.25873643583232875
HHH_rd1_0949.pdb,L11V,10,2.0494822433285806,1.3994305,-0.6500517299466226,0.6500517299466226
HHH_rd1_0949.pdb,L11I,10,1.5498269621360756,0.73967874,-0.8101482216346718,0.8101482216346718
HHH_rd1_0949.pdb,L11W,10,1.281444189810022,1.7861078,0.5046635887391724,0.5046635887391724
HHH_rd1_0949.pdb,L11Y,10,1.9194814782498044,1.7550085,-0.1644730191586179,0.1644730191586179
HHH_rd1_0949.pdb,L11F,10,1.6237028529297983,1.5511687,-0.07253417273875828,0.07253417273875828
HHH_rd1_0949.pdb,L11P,10,2.478740528645122,2.142388,-0.336352423252666,0.336352423252666
HHH_rd1_0949.pdb,L11C,10,1.3508634832217037,1.4713014,0.12043795320255168,0.12043795320255168
HHH_rd1_0949.pdb,E12Q,11,0.0510790193366998,-0.47200602,-0.523085042266845,0.523085042266845
HHH_rd1_0949.pdb,E12N,11,1.250825349205854,0.7689704,-0.4818549789131905,0.4818549789131905
HHH_rd1_0949.pdb,E12H,11,0.7254240531824268,0.34255755,-0.3828665037058032,0.3828665037058032
HHH_rd1_0949.pdb,E12D,11,1.983016208711708,1.1598766,-0.8231396237049942,0.8231396237049942
HHH_rd1_0949.pdb,E12R,11,0.1250360908527463,-0.16905844,-0.29409453296853,0.29409453296853
HHH_rd1_0949.pdb,E12K,11,0.362390650060318,-0.13948128,-0.5018719263340454,0.5018719263340454
HHH_rd1_0949.pdb,E12T,11,0.2864586812823582,0.05884462,-0.22761406278307916,0.22761406278307916
HHH_rd1_0949.pdb,E12S,11,1.0891875007031904,0.3010757,-0.7881118037579999,0.7881118037579999
HHH_rd1_0949.pdb,E12A,11,0.8289301616163358,0.16113394,-0.6677962166280851,0.6677962166280851
HHH_rd1_0949.pdb,E12G,11,1.3494973054836348,0.89388025,-0.4556170574138716,0.4556170574138716
HHH_rd1_0949.pdb,E12M,11,-0.978906909825838,-0.51571304,0.4631938737655047,0.4631938737655047
HHH_rd1_0949.pdb,E12L,11,-0.0942617199905839,-0.3246143,-0.23035256643214558,0.23035256643214558
HHH_rd1_0949.pdb,E12V,11,-0.1032705529172117,-0.52446884,-0.4211982862513369,0.4211982862513369
HHH_rd1_0949.pdb,E12I,11,-0.4147034627530099,-0.7658446,-0.35114112075834264,0.35114112075834264
HHH_rd1_0949.pdb,E12W,11,1.320577928649668,0.3728385,-0.9477394314878027,0.9477394314878027
HHH_rd1_0949.pdb,E12Y,11,0.8276557110102909,0.21292517,-0.6147305451186436,0.6147305451186436
HHH_rd1_0949.pdb,E12F,11,1.0803541226108857,0.10665271,-0.9737014157493897,0.9737014157493897
HHH_rd1_0949.pdb,E12P,11,2.0249277560830263,1.6302153,-0.3947124688744692,0.3947124688744692
HHH_rd1_0949.pdb,E12C,11,-0.1831235241125455,-0.32855985,-0.14543632157341335,0.14543632157341335
HHH_rd1_0949.pdb,R13Q,12,0.1795347290225324,0.10940094,-0.07013378610089391,0.07013378610089391
HHH_rd1_0949.pdb,R13E,12,0.3680639488755306,0.26090324,-0.10716070962534752,0.10716070962534752
HHH_rd1_0949.pdb,R13N,12,0.5699972272471543,0.21108755,-0.35890967255393225,0.35890967255393225
HHH_rd1_0949.pdb,R13H,12,0.4287015503179963,0.23432714,-0.19437441284775092,0.19437441284775092
HHH_rd1_0949.pdb,R13D,12,0.8548034629941705,0.3842368,-0.4705666504026178,0.4705666504026178
HHH_rd1_0949.pdb,R13K,12,0.1510428162186139,-0.007276356,-0.15831917243885926,0.15831917243885926
HHH_rd1_0949.pdb,R13T,12,0.5808548282763257,0.24153054,-0.3393242906710401,0.3393242906710401
HHH_rd1_0949.pdb,R13S,12,0.1227974746563567,0.16233552,0.03953804036592114,0.03953804036592114
HHH_rd1_0949.pdb,R13A,12,-0.1128523802543211,0.03638576,0.14923813996558666,0.14923813996558666
HHH_rd1_0949.pdb,R13G,12,0.6250471342809032,0.38381696,-0.2412301768071483,0.2412301768071483
HHH_rd1_0949.pdb,R13M,12,0.0746290214713916,0.019275144,-0.055353877728830256,0.055353877728830256
HHH_rd1_0949.pdb,R13L,12,0.177739663425998,0.05479127,-0.12294839173944405,0.12294839173944405
HHH_rd1_0949.pdb,R13V,12,0.7555186031551739,0.3673358,-0.38818280679897277,0.38818280679897277
HHH_rd1_0949.pdb,R13I,12,0.6498844104625936,0.19934928,-0.4505351262905355,0.4505351262905355
HHH_rd1_0949.pdb,R13W,12,0.0837438056188348,0.20139326,0.1176494559330222,0.1176494559330222
HHH_rd1_0949.pdb,R13Y,12,0.2882628367422746,0.24486807,-0.04339476685511334,0.04339476685511334
HHH_rd1_0949.pdb,R13F,12,0.1630178758385336,0.2748615,0.11184363872979525,0.11184363872979525
HHH_rd1_0949.pdb,R13P,12,2.341991614499132,1.1742734,-1.16771824280266,1.16771824280266
HHH_rd1_0949.pdb,R13C,12,-0.0526587819662056,-0.03592886,0.016729921659465796,0.016729921659465796
HHH_rd1_0949.pdb,L14Q,13,1.119452552617421,1.107199,-0.01225359898888101,0.01225359898888101
HHH_rd1_0949.pdb,L14E,13,2.0496994258396017,1.3049419,-0.7447575332157004,0.7447575332157004
HHH_rd1_0949.pdb,L14N,13,1.763539690238923,1.6261234,-0.13741626189419653,0.13741626189419653
HHH_rd1_0949.pdb,L14H,13,1.4885695983616056,1.3768587,-0.11171088711892985,0.11171088711892985
HHH_rd1_0949.pdb,L14D,13,2.3232253348129857,1.451704,-0.871521309544431,0.871521309544431
HHH_rd1_0949.pdb,L14R,13,1.527602687249811,1.430023,-0.09757973230901507,0.09757973230901507
HHH_rd1_0949.pdb,L14K,13,1.4533149434787065,1.3593279,-0.09398703114807905,0.09398703114807905
HHH_rd1_0949.pdb,L14T,13,2.108114198868052,1.3069332,-0.8011810342714942,0.8011810342714942
HHH_rd1_0949.pdb,L14S,13,1.705559146884965,1.2984432,-0.4071159486809244,0.4071159486809244
HHH_rd1_0949.pdb,L14A,13,1.1246423848947895,1.021928,-0.10271443212837106,0.10271443212837106
HHH_rd1_0949.pdb,L14G,13,1.7523500886522123,1.4447949,-0.3075551953874418,0.3075551953874418
HHH_rd1_0949.pdb,L14M,13,0.1416708355051561,0.20136046,0.05968962859091323,0.05968962859091323
HHH_rd1_0949.pdb,L14V,13,1.579302715371383,1.286655,-0.2926477661831506,0.2926477661831506
HHH_rd1_0949.pdb,L14I,13,0.8712728839046537,0.7334731,-0.13779976178475017,0.13779976178475017
HHH_rd1_0949.pdb,L14W,13,0.9718606178517312,0.9236708,-0.048189789509293424,0.048189789509293424
HHH_rd1_0949.pdb,L14Y,13,1.3209852879323607,0.8811455,-0.4398398106374388,0.4398398106374388
HHH_rd1_0949.pdb,L14F,13,1.0718550156951068,0.81246245,-0.25939256662131527,0.25939256662131527
HHH_rd1_0949.pdb,L14P,13,2.8746574340898428,2.1153297,-0.7593276916582021,0.7593276916582021
HHH_rd1_0949.pdb,L14C,13,0.8425177149894698,0.63638794,-0.20612977076797323,0.20612977076797323
HHH_rd1_0949.pdb,G15Q,14,2.048742311289849,1.1364261,-0.912316220095696,0.912316220095696
HHH_rd1_0949.pdb,G15E,14,2.160629641806828,1.3334655,-0.8271641848442424,0.8271641848442424
HHH_rd1_0949.pdb,G15N,14,1.9712050427463488,0.8977825,-1.0734225381877855,1.0734225381877855
HHH_rd1_0949.pdb,G15H,14,1.918672044203717,1.0628256,-0.8558464836339539,0.8558464836339539
HHH_rd1_0949.pdb,G15D,14,2.215148892406073,0.9969149,-1.2182339692150026,1.2182339692150026
HHH_rd1_0949.pdb,G15R,14,1.5727637499460985,1.4613177,-0.11144609152172102,0.11144609152172102
HHH_rd1_0949.pdb,G15K,14,1.6159651600280545,1.2911215,-0.32484367717893337,0.32484367717893337
HHH_rd1_0949.pdb,G15T,14,1.6702922248862482,1.205935,-0.46435722351295716,0.46435722351295716
HHH_rd1_0949.pdb,G15S,14,1.6593633495489484,1.0458748,-0.6134885154882794,0.6134885154882794
HHH_rd1_0949.pdb,G15A,14,1.4976390708775589,1.3035913,-0.19404781950426786,0.19404781950426786
HHH_rd1_0949.pdb,G15M,14,1.3645533887551462,1.0180509,-0.3465024797127878,0.3465024797127878
HHH_rd1_0949.pdb,G15L,14,1.0987415741095208,1.115138,0.01639647978452219,0.01639647978452219
HHH_rd1_0949.pdb,G15V,14,1.5629108741210669,1.4457272,-0.11718364500271972,0.11718364500271972
HHH_rd1_0949.pdb,G15I,14,1.4605648040078627,1.4213028,-0.039262008597706455,0.039262008597706455
HHH_rd1_0949.pdb,G15W,14,1.1811863251886785,1.0866205,-0.09456587516884207,0.09456587516884207
HHH_rd1_0949.pdb,G15Y,14,1.4158892295559191,0.98207664,-0.4338125846584582,0.4338125846584582
HHH_rd1_0949.pdb,G15F,14,1.0995336891956569,0.68847024,-0.41106344478800305,0.41106344478800305
HHH_rd1_0949.pdb,G15P,14,2.1850644191165105,1.5569417,-0.6281226714511052,0.6281226714511052
HHH_rd1_0949.pdb,A16Q,15,1.8142148746645237,1.8341966,0.0199816928708767,0.0199816928708767
HHH_rd1_0949.pdb,A16E,15,2.1964985969015274,2.1054034,-0.0910951735922012,0.0910951735922012
HHH_rd1_0949.pdb,A16N,15,2.003529127815218,1.9750633,-0.028465803840608483,0.028465803840608483
HHH_rd1_0949.pdb,A16H,15,1.773612905826926,1.8138742,0.040261338863015306,0.040261338863015306
HHH_rd1_0949.pdb,A16D,15,2.078907540189031,2.0736806,-0.005226900922063127,0.005226900922063127
HHH_rd1_0949.pdb,A16R,15,1.6220470072535462,2.0158527,0.39380568248949577,0.39380568248949577
HHH_rd1_0949.pdb,A16K,15,1.8299642941828973,1.9146917,0.08472739244735172,0.08472739244735172
HHH_rd1_0949.pdb,A16T,15,1.7960030901822837,1.498126,-0.29787706021402194,0.29787706021402194
HHH_rd1_0949.pdb,A16S,15,1.6254172886205935,1.1937951,-0.43162220366728543,0.43162220366728543
HHH_rd1_0949.pdb,A16G,15,1.6050839284060854,1.1581513,-0.44693265944703997,0.44693265944703997
HHH_rd1_0949.pdb,A16M,15,1.3954895173119235,1.2349229,-0.1605666314171481,0.1605666314171481
HHH_rd1_0949.pdb,A16L,15,0.901792532795987,1.2453218,0.3435292178448821,0.3435292178448821
HHH_rd1_0949.pdb,A16V,15,0.8124871582936173,1.0511937,0.23870655584822842,0.23870655584822842
HHH_rd1_0949.pdb,A16I,15,0.6705519059588476,1.09389,0.423338045747085,0.423338045747085
HHH_rd1_0949.pdb,A16W,15,1.5683813680483687,1.2966024,-0.27177899969357133,0.27177899969357133
HHH_rd1_0949.pdb,A16Y,15,1.7399963281136044,1.3731228,-0.36687351679616054,0.36687351679616054
HHH_rd1_0949.pdb,A16F,15,1.4035287715392155,1.2128669,-0.19066186918783612,0.19066186918783612
HHH_rd1_0949.pdb,A16P,15,2.3361984309563657,1.8672016,-0.4689968642601987,0.4689968642601987
HHH_rd1_0949.pdb,S17Q,16,1.5936063675626235,0.8461648,-0.7474415449841934,0.7474415449841934
HHH_rd1_0949.pdb,S17E,16,1.6874255374659963,0.8184532,-0.8689723447551199,0.8689723447551199
HHH_rd1_0949.pdb,S17N,16,0.8709991968995694,0.3378759,-0.5331232942468289,0.5331232942468289
HHH_rd1_0949.pdb,S17H,16,1.1965760568949466,0.7793021,-0.4172739366862064,0.4172739366862064
HHH_rd1_0949.pdb,S17D,16,0.8105790634520156,0.30015418,-0.5104248841173751,0.5104248841173751
HHH_rd1_0949.pdb,S17R,16,1.37702111739457,0.91774195,-0.45927916306794025,0.45927916306794025
HHH_rd1_0949.pdb,S17K,16,1.5106665554574017,0.8301693,-0.6804972353508953,0.6804972353508953
HHH_rd1_0949.pdb,S17T,16,0.2304459582150149,-0.065265596,-0.29571155412794825,0.29571155412794825
HHH_rd1_0949.pdb,S17A,16,1.1858838072455835,0.680305,-0.5055788031257105,0.5055788031257105
HHH_rd1_0949.pdb,S17G,16,1.0406863635142671,0.64188015,-0.39880620890458696,0.39880620890458696
HHH_rd1_0949.pdb,S17M,16,1.5804480183687295,0.9959053,-0.5845427382555093,0.5845427382555093
HHH_rd1_0949.pdb,S17L,16,1.2345719054187418,0.9068115,-0.32776042966495766,0.32776042966495766
HHH_rd1_0949.pdb,S17V,16,1.565625496733734,0.9201561,-0.6454693754797667,0.6454693754797667
HHH_rd1_0949.pdb,S17I,16,1.3780060426009046,1.0320114,-0.3459946528685438,0.3459946528685438
HHH_rd1_0949.pdb,S17W,16,0.5811699792783087,0.8630262,0.2818562224466974,0.2818562224466974
HHH_rd1_0949.pdb,S17Y,16,1.250838309286133,0.8044255,-0.44641283130456566,0.44641283130456566
HHH_rd1_0949.pdb,S17F,16,1.2796398445573198,0.8727991,-0.4068407460656511,0.4068407460656511
HHH_rd1_0949.pdb,S17P,16,1.0102866088625653,0.76852185,-0.2417647635218365,0.2417647635218365
HHH_rd1_0949.pdb,S18Q,17,0.3337352125368096,0.1739845,-0.15975071475124136,0.15975071475124136
HHH_rd1_0949.pdb,S18E,17,0.1791253133604309,0.142079,-0.03704631765578001,0.03704631765578001
HHH_rd1_0949.pdb,S18N,17,0.7995105728135683,0.17224964,-0.6272609278188326,0.6272609278188326
HHH_rd1_0949.pdb,S18H,17,0.5942316933325362,0.21952516,-0.37470653492723227,0.37470653492723227
HHH_rd1_0949.pdb,S18D,17,0.4746365646775872,0.24536066,-0.22927590710484091,0.22927590710484091
HHH_rd1_0949.pdb,S18R,17,0.3192549276645207,0.07432401,-0.24493091586184734,0.24493091586184734
HHH_rd1_0949.pdb,S18K,17,0.2011481951785265,0.02968809,-0.17146010509254322,0.17146010509254322
HHH_rd1_0949.pdb,S18T,17,0.4521394814591122,0.1303106,-0.3218288864235592,0.3218288864235592
HHH_rd1_0949.pdb,S18A,17,-0.1773183029464284,-0.04261075,0.13470755334411058,0.13470755334411058
HHH_rd1_0949.pdb,S18G,17,0.611780180468386,0.25138837,-0.36039180947763283,0.36039180947763283
HHH_rd1_0949.pdb,S18M,17,0.5637705440894436,0.27374798,-0.2900225634948086,0.2900225634948086
HHH_rd1_0949.pdb,S18L,17,0.7402550046180107,0.16398747,-0.5762675319646218,0.5762675319646218
HHH_rd1_0949.pdb,S18V,17,0.5464471505909072,0.16366723,-0.3827799187927352,0.3827799187927352
HHH_rd1_0949.pdb,S18I,17,0.8463041265723394,0.20394948,-0.6423546453234839,0.6423546453234839
HHH_rd1_0949.pdb,S18W,17,0.611563915913043,0.122383006,-0.48918090999597075,0.48918090999597075
HHH_rd1_0949.pdb,S18Y,17,0.944534029608727,0.23937999,-0.7051540424880987,0.7051540424880987
HHH_rd1_0949.pdb,S18F,17,0.8410349361953187,0.3299086,-0.5111263268050599,0.5111263268050599
HHH_rd1_0949.pdb,S18P,17,-0.4172864505894127,0.021501511,0.43878796192478564,0.43878796192478564
HHH_rd1_0949.pdb,S18C,17,0.3198179119632331,0.051984712,-0.2678331994817344,0.2678331994817344
HHH_rd1_0949.pdb,E19Q,18,0.1560553471133823,0.081216425,-0.07483892240978426,0.07483892240978426
HHH_rd1_0949.pdb,E19N,18,0.5292815309568764,0.23067887,-0.2986026596828819,0.2986026596828819
HHH_rd1_0949.pdb,E19H,18,0.1729503803142043,0.2074061,0.03445572329678814,0.03445572329678814
HHH_rd1_0949.pdb,E19D,18,0.1473878167347768,0.2026958,0.055307985119356806,0.055307985119356806
HHH_rd1_0949.pdb,E19R,18,0.1192004542873825,0.19407384,0.07487338668837891,0.07487338668837891
HHH_rd1_0949.pdb,E19K,18,0.1968897285470205,0.09224428,-0.10464544618217522,0.10464544618217522
HHH_rd1_0949.pdb,E19T,18,0.4627264252098859,0.17958155,-0.28314487246597414,0.28314487246597414
HHH_rd1_0949.pdb,E19S,18,0.2659014422959589,0.14157723,-0.12432421339218847,0.12432421339218847
HHH_rd1_0949.pdb,E19A,18,0.0142271035103842,0.0040602237,-0.010166879811768172,0.010166879811768172
HHH_rd1_0949.pdb,E19G,18,0.6827098927667177,0.27268916,-0.4100207290818727,0.4100207290818727
HHH_rd1_0949.pdb,E19M,18,0.45053188321893,0.18056537,-0.26996651110951686,0.26996651110951686
HHH_rd1_0949.pdb,E19L,18,0.4027403434563363,0.1461204,-0.2566199442196572,0.2566199442196572
HHH_rd1_0949.pdb,E19V,18,0.7209467300331087,0.16469564,-0.5562510945951433,0.5562510945951433
HHH_rd1_0949.pdb,E19I,18,0.6524753117613313,0.21389858,-0.4385767275146959,0.4385767275146959
HHH_rd1_0949.pdb,E19W,18,0.1997408982913935,0.19206442,-0.007676478902622436,0.007676478902622436
HHH_rd1_0949.pdb,E19Y,18,0.933646483763779,0.26043576,-0.6732107237425693,0.6732107237425693
HHH_rd1_0949.pdb,E19F,18,0.7358236828466662,0.3209973,-0.41482638508284175,0.41482638508284175
HHH_rd1_0949.pdb,E19P,18,1.2828227009809177,0.4980808,-0.7847419109380405,0.7847419109380405
HHH_rd1_0949.pdb,E19C,18,-0.3502552501894822,-0.021460488,0.32879476175087596,0.32879476175087596
HHH_rd1_0949.pdb,L20Q,19,0.6353211626093356,0.5905673,-0.04475387182640711,0.04475387182640711
HHH_rd1_0949.pdb,L20E,19,1.2636373566821053,0.8024926,-0.4611447381213143,0.4611447381213143
HHH_rd1_0949.pdb,L20N,19,2.137851738538925,1.2868075,-0.8510442014600677,0.8510442014600677
HHH_rd1_0949.pdb,L20H,19,1.668265782065332,0.8108004,-0.8574654085111022,0.8574654085111022
HHH_rd1_0949.pdb,L20D,19,2.080955806060792,1.4554343,-0.625521483703614,0.625521483703614
HHH_rd1_0949.pdb,L20R,19,1.612831670455032,1.0492324,-0.5635993067541654,0.5635993067541654
HHH_rd1_0949.pdb,L20K,19,1.702241026399187,0.8847984,-0.8174426188445605,0.8174426188445605
HHH_rd1_0949.pdb,L20T,19,1.3722869116048466,0.6834484,-0.6888385373334538,0.6888385373334538
HHH_rd1_0949.pdb,L20S,19,1.964832102638292,1.1641492,-0.8006829374847886,0.8006829374847886
HHH_rd1_0949.pdb,L20A,19,1.6819968877792375,0.7634159,-0.9185810147285478,0.9185810147285478
HHH_rd1_0949.pdb,L20G,19,2.029047209564691,1.4566516,-0.5723956411519104,0.5723956411519104
HHH_rd1_0949.pdb,L20M,19,0.4220175080965922,0.040299237,-0.38171827132214764,0.38171827132214764
HHH_rd1_0949.pdb,L20V,19,0.9050185082582752,0.2517197,-0.6532987950472157,0.6532987950472157
HHH_rd1_0949.pdb,L20I,19,1.0101635893643484,0.07513261,-0.9350309809506521,0.9350309809506521
HHH_rd1_0949.pdb,L20W,19,0.998386832219008,0.22288138,-0.7755054554756914,0.7755054554756914
HHH_rd1_0949.pdb,L20Y,19,1.4408027416310611,0.23425305,-1.2065496927342716,1.2065496927342716
HHH_rd1_0949.pdb,L20F,19,0.7629538519864936,0.16468334,-0.5982705100065131,0.5982705100065131
HHH_rd1_0949.pdb,L20P,19,2.825387066234565,1.6391809,-1.1862061675681832,1.1862061675681832
HHH_rd1_0949.pdb,A21Q,20,1.854997723853708,1.5405474,-0.31445035294306356,0.31445035294306356
HHH_rd1_0949.pdb,A21E,20,2.34244506769752,1.8157731,-0.5266719382343243,0.5266719382343243
HHH_rd1_0949.pdb,A21N,20,2.446114816167749,1.8229356,-0.6231792349604737,0.6231792349604737
HHH_rd1_0949.pdb,A21H,20,2.3142503477166523,1.6792874,-0.6349629140923847,0.6349629140923847
HHH_rd1_0949.pdb,A21D,20,2.6804202682702054,2.1238723,-0.5565479881493558,0.5565479881493558
HHH_rd1_0949.pdb,A21R,20,1.7251590057642494,1.6254275,-0.09973152125192031,0.09973152125192031
HHH_rd1_0949.pdb,A21K,20,2.0353842232288857,1.5482394,-0.487144872909977,0.487144872909977
HHH_rd1_0949.pdb,A21T,20,1.5420336060389233,1.0265696,-0.515464001165266,0.515464001165266
HHH_rd1_0949.pdb,A21S,20,1.2886456117379808,0.8534491,-0.4351965055215501,0.4351965055215501
HHH_rd1_0949.pdb,A21G,20,2.0543904737619307,1.3232862,-0.7311042980340865,0.7311042980340865
HHH_rd1_0949.pdb,A21M,20,1.1570729967563658,0.9317055,-0.22536752190285014,0.22536752190285014
HHH_rd1_0949.pdb,A21L,20,1.0803482589436857,0.921491,-0.15885723206532876,0.15885723206532876
HHH_rd1_0949.pdb,A21V,20,0.8108271747716775,0.7355931,-0.07523409425104766,0.07523409425104766
HHH_rd1_0949.pdb,A21I,20,0.5695482765799786,0.7427025,0.17315420755088073,0.17315420755088073
HHH_rd1_0949.pdb,A21W,20,0.342875263462906,1.1362596,0.7933842923537444,0.7933842923537444
HHH_rd1_0949.pdb,A21Y,20,1.112514740745992,1.2664434,0.153928631026774,0.153928631026774
HHH_rd1_0949.pdb,A21F,20,1.065565752080151,1.1175537,0.05198795885734908,0.05198795885734908
HHH_rd1_0949.pdb,A21P,20,2.485795248300413,1.5109215,-0.9748737700289287,0.9748737700289287
HHH_rd1_0949.pdb,A21C,20,1.3610981379336655,0.59619415,-0.7649039898700059,0.7649039898700059
HHH_rd1_0949.pdb,R22Q,21,-0.4255972696784234,-0.0012733191,0.4243239505532479,0.4243239505532479
HHH_rd1_0949.pdb,R22E,21,-0.4722734945297291,0.07964362,0.5519171165704777,0.5519171165704777
HHH_rd1_0949.pdb,R22N,21,0.0317961394224872,0.33659178,0.30479564076321225,0.30479564076321225
HHH_rd1_0949.pdb,R22H,21,0.4129609792013697,0.2735683,-0.1393926768084101,0.1393926768084101
HHH_rd1_0949.pdb,R22D,21,-0.3889657816277414,0.40924677,0.7982125541554361,0.7982125541554361
HHH_rd1_0949.pdb,R22K,21,0.0851116717710978,0.050067753,-0.03504391917138161,0.03504391917138161
HHH_rd1_0949.pdb,R22T,21,-0.0981995172088332,0.2367264,0.33492592044522235,0.33492592044522235
HHH_rd1_0949.pdb,R22S,21,-0.0036863141511869,0.24429822,0.24798453383197303,0.24798453383197303
HHH_rd1_0949.pdb,R22A,21,-0.2266464233343073,0.003810659,0.23045708238524876,0.23045708238524876
HHH_rd1_0949.pdb,R22G,21,0.3612143614820311,0.62277466,0.26156029910527967,0.26156029910527967
HHH_rd1_0949.pdb,R22M,21,-0.2668511635629667,0.064711094,0.33156225746555457,0.33156225746555457
HHH_rd1_0949.pdb,R22L,21,-0.4440164110571354,0.088355884,0.5323722950130909,0.5323722950130909
HHH_rd1_0949.pdb,R22V,21,-0.0154180572665945,0.28473082,0.30014887911451016,0.30014887911451016
HHH_rd1_0949.pdb,R22I,21,-0.2554418269225564,0.116061784,0.3715036112495866,0.3715036112495866
HHH_rd1_0949.pdb,R22W,21,0.0382400204423696,0.08927211,0.05103209121191202,0.05103209121191202
HHH_rd1_0949.pdb,R22Y,21,0.3333571526625178,0.20378888,-0.1295682761290095,0.1295682761290095
HHH_rd1_0949.pdb,R22F,21,0.5134926725160232,0.23609284,-0.277399836851274,0.277399836851274
HHH_rd1_0949.pdb,R22P,21,2.9840635719684685,1.6279861,-1.356077498474511,1.356077498474511
HHH_rd1_0949.pdb,R22C,21,-0.1038281346106275,0.024250254,0.12807838864562354,0.12807838864562354
HHH_rd1_0949.pdb,E23Q,22,-0.1597546959284779,0.083807126,0.2435618216160771,0.2435618216160771
HHH_rd1_0949.pdb,E23N,22,0.5046190142065068,0.35925436,-0.14536465400753218,0.14536465400753218
HHH_rd1_0949.pdb,E23H,22,-0.0144936493341636,0.19738573,0.21187937769338602,0.21187937769338602
HHH_rd1_0949.pdb,E23D,22,0.3113075816808588,0.37869567,0.06738808510914973,0.06738808510914973
HHH_rd1_0949.pdb,E23R,22,-0.2936692655505402,0.073175736,0.3668450013221962,0.3668450013221962
HHH_rd1_0949.pdb,E23K,22,-0.0489103425334374,0.122009814,0.17092015631899038,0.17092015631899038
HHH_rd1_0949.pdb,E23T,22,0.0444013318695879,0.180592,0.13619066861487866,0.13619066861487866
HHH_rd1_0949.pdb,E23S,22,0.2664604925549083,0.18613556,-0.08032493228078413,0.08032493228078413
HHH_rd1_0949.pdb,E23A,22,-0.1442706345387541,-0.034391582,0.10987905252657759,0.10987905252657759
HHH_rd1_0949.pdb,E23G,22,1.2470412599514216,0.58470464,-0.6623366224239557,0.6623366224239557
HHH_rd1_0949.pdb,E23M,22,-0.2757180318082497,-0.09013435,0.1855836793626473,0.1855836793626473
HHH_rd1_0949.pdb,E23L,22,-0.4094224623454296,-0.028449774,0.38097268855697747,0.38097268855697747
HHH_rd1_0949.pdb,E23V,22,-0.1844932342866543,0.18528289,0.3697761203149441,0.3697761203149441
HHH_rd1_0949.pdb,E23I,22,-0.4754017061386379,0.040262528,0.5156642339024815,0.5156642339024815
HHH_rd1_0949.pdb,E23W,22,-0.5038855026710705,-0.0841645,0.41972100243455923,0.41972100243455923
HHH_rd1_0949.pdb,E23Y,22,-0.3424918659965881,-0.044414,0.298077867273558,0.298077867273558
HHH_rd1_0949.pdb,E23F,22,-0.0619937141451703,0.0018666089,0.06386032300327882,0.06386032300327882
HHH_rd1_0949.pdb,E23P,22,3.105830230262284,1.7134345,-1.3923957724833533,1.3923957724833533
HHH_rd1_0949.pdb,L24Q,23,2.386312659808668,1.8856058,-0.500706847735914,0.500706847735914
HHH_rd1_0949.pdb,L24E,23,2.968730635593791,2.0498865,-0.918844170521159,0.918844170521159
HHH_rd1_0949.pdb,L24N,23,2.863259738229476,2.2131524,-0.6501073296296225,0.6501073296296225
HHH_rd1_0949.pdb,L24H,23,2.7120854785430053,1.9371765,-0.7749090125548461,0.7749090125548461
HHH_rd1_0949.pdb,L24R,23,3.1961636662177906,2.088621,-1.1075427651100025,1.1075427651100025
HHH_rd1_0949.pdb,L24K,23,2.3371712133845675,2.053726,-0.28344525551408406,0.28344525551408406
HHH_rd1_0949.pdb,L24T,23,2.248405002945961,1.7366784,-0.5117266410532606,0.5117266410532606
HHH_rd1_0949.pdb,L24S,23,2.215402034830684,1.9433055,-0.27209654242956116,0.27209654242956116
HHH_rd1_0949.pdb,L24A,23,1.8762783778999768,1.6958137,-0.18046472204670527,0.18046472204670527
HHH_rd1_0949.pdb,L24M,23,1.0239296917402292,0.5918652,-0.4320645098173166,0.4320645098173166
HHH_rd1_0949.pdb,L24V,23,1.159354020206807,1.4462236,0.28686959639322973,0.28686959639322973
HHH_rd1_0949.pdb,L24I,23,0.7550388314351113,0.88843304,0.1333942077532737,0.1333942077532737
HHH_rd1_0949.pdb,L24W,23,1.3705103841730693,1.233639,-0.13687138232675577,0.13687138232675577
HHH_rd1_0949.pdb,L24Y,23,1.4678358434600614,1.2267838,-0.2410520910186551,0.2410520910186551
HHH_rd1_0949.pdb,L24F,23,1.501801475963494,1.105015,-0.39678643651952417,0.39678643651952417
HHH_rd1_0949.pdb,L24P,23,2.673533415887466,2.3507636,-0.3227698565460355,0.3227698565460355
HHH_rd1_0949.pdb,L24C,23,0.8691510332324159,1.098706,0.22955497377136824,0.22955497377136824
HHH_rd1_0949.pdb,L25Q,24,2.1499104981927526,2.2049923,0.05508179611877084,0.05508179611877084
HHH_rd1_0949.pdb,L25E,24,2.263852311857319,2.337336,0.07348375152769071,0.07348375152769071
HHH_rd1_0949.pdb,L25N,24,2.8940416598549747,2.4095933,-0.48444831612023354,0.48444831612023354
HHH_rd1_0949.pdb,L25H,24,2.0772542034200208,2.1449676,0.0677133525797351,0.0677133525797351
HHH_rd1_0949.pdb,L25D,24,2.578331388710817,2.363581,-0.21475044655688613,0.21475044655688613
HHH_rd1_0949.pdb,L25R,24,1.9734390026450344,2.3980613,0.4246222728371434,0.4246222728371434
HHH_rd1_0949.pdb,L25K,24,2.5036813095558306,2.3322017,-0.17147959027177295,0.17147959027177295
HHH_rd1_0949.pdb,L25T,24,1.890580226034078,1.8912231,0.000642846971598221,0.000642846971598221
HHH_rd1_0949.pdb,L25S,24,1.7010841610877812,2.2905385,0.5894543883354366,0.5894543883354366
HHH_rd1_0949.pdb,L25A,24,1.2916021199998626,1.9375939,0.6459918169203034,0.6459918169203034
HHH_rd1_0949.pdb,L25G,24,2.2638765962353498,2.5591779,0.29530127928344907,0.29530127928344907
HHH_rd1_0949.pdb,L25M,24,0.691123839828655,0.7274605,0.03633666374953104,0.03633666374953104
HHH_rd1_0949.pdb,L25V,24,0.7530249256047892,1.087173,0.3341480594721151,0.3341480594721151
HHH_rd1_0949.pdb,L25I,24,0.7417261129571613,0.4747796,-0.26694650709168277,0.26694650709168277
HHH_rd1_0949.pdb,L25W,24,1.0480178205449675,1.502343,0.4543252380411531,0.4543252380411531
HHH_rd1_0949.pdb,L25Y,24,1.0659865325529403,1.6496441,0.5836576038758927,0.5836576038758927
HHH_rd1_0949.pdb,L25F,24,1.129366908239832,1.3692955,0.23992856962729436,0.23992856962729436
HHH_rd1_0949.pdb,L25C,24,0.6705014192672212,1.2844989,0.6139975107101958,0.6139975107101958
HHH_rd1_0949.pdb,D26Q,25,-0.1147696134653699,0.042139918,0.1569095310774457,0.1569095310774457
HHH_rd1_0949.pdb,D26E,25,-0.2513252586852532,0.029087275,0.2804125339519005,0.2804125339519005
HHH_rd1_0949.pdb,D26N,25,0.0673382078761819,0.20265268,0.13531447001745672,0.13531447001745672
HHH_rd1_0949.pdb,D26H,25,0.0987858872667204,0.27098796,0.17220207044926777,0.17220207044926777
HHH_rd1_0949.pdb,D26R,25,-0.6161961038998567,0.09337641,0.7095725168875657,0.7095725168875657
HHH_rd1_0949.pdb,D26K,25,-0.2433609081603442,0.11094415,0.3543050600387011,0.3543050600387011
HHH_rd1_0949.pdb,D26T,25,0.2656765548045312,0.26153666,-0.0041398969943199915,0.0041398969943199915
HHH_rd1_0949.pdb,D26S,25,0.0743163507592354,0.218613,0.14429664796474836,0.14429664796474836
HHH_rd1_0949.pdb,D26A,25,-0.2292932311449047,0.11358541,0.34287864364719356,0.34287864364719356
HHH_rd1_0949.pdb,D26G,25,0.5418569777567226,0.60115474,0.05929776686836896,0.05929776686836896
HHH_rd1_0949.pdb,D26M,25,-0.1251723796780801,0.039954275,0.1651266545708871,0.1651266545708871
HHH_rd1_0949.pdb,D26L,25,-0.2767261751667487,0.14998987,0.42671604833760135,0.42671604833760135
HHH_rd1_0949.pdb,D26V,25,0.1515440857004617,0.37856078,0.22701669577842012,0.22701669577842012
HHH_rd1_0949.pdb,D26I,25,-0.1108006267650258,0.16245049,0.27325111914707534,0.27325111914707534
HHH_rd1_0949.pdb,D26W,25,-0.146646190313985,0.23053835,0.3771845436379214,0.3771845436379214
HHH_rd1_0949.pdb,D26Y,25,-0.0160687058648183,0.23552796,0.25159666831103106,0.25159666831103106
HHH_rd1_0949.pdb,D26F,25,-0.1220361807624712,0.298976,0.42101218488615894,0.42101218488615894
HHH_rd1_0949.pdb,D26P,25,3.193686318877787,1.646656,-1.5470302825008337,1.5470302825008337
HHH_rd1_0949.pdb,D26C,25,-0.3611491078265838,0.041671813,0.4028209203609161,0.4028209203609161
HHH_rd1_0949.pdb,R27Q,26,0.0873949499251507,0.23743866,0.15004371391514318,0.15004371391514318
HHH_rd1_0949.pdb,R27E,26,0.5697856060330051,0.581884,0.012098420494399686,0.012098420494399686
HHH_rd1_0949.pdb,R27N,26,0.9352262265384504,0.6799622,-0.25526400873068067,0.25526400873068067
HHH_rd1_0949.pdb,R27H,26,0.6945636749908473,0.4463691,-0.2481945634529139,0.2481945634529139
HHH_rd1_0949.pdb,R27D,26,1.2989098299117838,1.0101207,-0.28878908043821205,0.28878908043821205
HHH_rd1_0949.pdb,R27K,26,0.195390304446025,0.10813345,-0.0872568542955352,0.0872568542955352
HHH_rd1_0949.pdb,R27T,26,0.8267366489474517,0.31849575,-0.5082408985202056,0.5082408985202056
HHH_rd1_0949.pdb,R27S,26,0.8047574083593889,0.5320401,-0.27271728918824634,0.27271728918824634
HHH_rd1_0949.pdb,R27A,26,0.1932969922535328,0.32104087,0.12774387650562247,0.12774387650562247
HHH_rd1_0949.pdb,R27G,26,1.4012430182225355,0.93575287,-0.46549014957019175,0.46549014957019175
HHH_rd1_0949.pdb,R27M,26,-0.0731044778397356,-0.04104072,0.03206375928428516,0.03206375928428516
HHH_rd1_0949.pdb,R27L,26,-0.1409366561593472,-0.1359626,0.004974050682967801,0.004974050682967801
HHH_rd1_0949.pdb,R27V,26,0.4874334162814051,0.17032006,-0.3171133524519831,0.3171133524519831
HHH_rd1_0949.pdb,R27I,26,0.0552271826419099,-0.14916945,-0.2043966276797517,0.2043966276797517
HHH_rd1_0949.pdb,R27W,26,-0.3430400753175573,0.12556309,0.46860316039675043,0.46860316039675043
HHH_rd1_0949.pdb,R27Y,26,0.2310137827353466,0.14619006,-0.08482372057008628,0.08482372057008628
HHH_rd1_0949.pdb,R27F,26,0.3560517749978156,0.14796686,-0.20808491327296208,0.20808491327296208
HHH_rd1_0949.pdb,R27P,26,2.473965066364704,1.6816409,-0.792324202946125,0.792324202946125
HHH_rd1_0949.pdb,A28Q,27,1.7886753855884852,1.0325115,-0.7561639128864588,0.7561639128864588
HHH_rd1_0949.pdb,A28E,27,1.3329850656519628,1.1641302,-0.168854854775498,0.168854854775498
HHH_rd1_0949.pdb,A28N,27,1.1986791620434063,1.4350156,0.23633639715306587,0.23633639715306587
HHH_rd1_0949.pdb,A28H,27,1.2319023123858186,1.1892657,-0.04263658438899243,0.04263658438899243
HHH_rd1_0949.pdb,A28D,27,2.7203105751667915,1.4300885,-1.2902220551167427,1.2902220551167427
HHH_rd1_0949.pdb,A28R,27,2.2818587628438265,1.4813118,-0.8005469647481234,0.8005469647481234
HHH_rd1_0949.pdb,A28K,27,2.042149191727814,1.4168437,-0.6253055390025941,0.6253055390025941
HHH_rd1_0949.pdb,A28T,27,-0.1603605016778777,0.47570583,0.6360663339208434,0.6360663339208434
HHH_rd1_0949.pdb,A28S,27,0.3561166676098095,0.52957964,0.17346297182500497,0.17346297182500497
HHH_rd1_0949.pdb,A28G,27,1.83469643583252,1.1922213,-0.6424751519198613,0.6424751519198613
HHH_rd1_0949.pdb,A28M,27,0.3180555608423396,0.36502928,0.04697371457498828,0.04697371457498828
HHH_rd1_0949.pdb,A28L,27,0.7849610172149728,0.45201844,-0.3329425774452279,0.3329425774452279
HHH_rd1_0949.pdb,A28V,27,0.2412956572085987,0.335778,0.09448234076198236,0.09448234076198236
HHH_rd1_0949.pdb,A28I,27,1.740284627049222,0.2442438,-1.4960408264091158,1.4960408264091158
HHH_rd1_0949.pdb,A28W,27,1.0837505524622797,0.36417502,-0.7195755308138727,0.7195755308138727
HHH_rd1_0949.pdb,A28Y,27,0.0994879889697037,0.59688675,0.49739876506624603,0.49739876506624603
HHH_rd1_0949.pdb,A28F,27,-0.4217205879979797,0.3493634,0.7710839746289917,0.7710839746289917
HHH_rd1_0949.pdb,A28P,27,2.4194879203973487,1.1149406,-1.3045472770868018,1.3045472770868018
HHH_rd1_0949.pdb,A28C,27,-0.3327584024228023,0.14206553,0.47482392747773394,0.47482392747773394
HHH_rd1_0949.pdb,N29Q,28,0.2153295309337872,0.31518036,0.09985083033711734,0.09985083033711734
HHH_rd1_0949.pdb,N29E,28,0.2416028598647104,0.42187935,0.1802764912743582,0.1802764912743582
HHH_rd1_0949.pdb,N29H,28,0.1303884663867385,0.3004308,0.17004233810430458,0.17004233810430458
HHH_rd1_0949.pdb,N29D,28,0.2166548221130386,0.24258155,0.025926724193571504,0.025926724193571504
HHH_rd1_0949.pdb,N29R,28,0.2272757816500257,0.48255852,0.2552827369981219,0.2552827369981219
HHH_rd1_0949.pdb,N29K,28,0.2343805454545693,0.39728576,0.16290521399443583,0.16290521399443583
HHH_rd1_0949.pdb,N29T,28,1.488492569863869,0.7840375,-0.704455099046303,0.704455099046303
HHH_rd1_0949.pdb,N29S,28,0.4421531242644136,0.47790912,0.0357559936726744,0.0357559936726744
HHH_rd1_0949.pdb,N29A,28,0.4339341126639804,0.45303044,0.019096324567083434,0.019096324567083434
HHH_rd1_0949.pdb,N29G,28,-0.2168450907072991,0.13272858,0.3495736673674553,0.3495736673674553
HHH_rd1_0949.pdb,N29M,28,0.2905547722296466,0.452148,0.1615932182355176,0.1615932182355176
HHH_rd1_0949.pdb,N29L,28,0.3900254405408978,0.52396417,0.13393872610033752,0.13393872610033752
HHH_rd1_0949.pdb,N29V,28,1.2829209888597086,0.8393804,-0.4435406053681925,0.4435406053681925
HHH_rd1_0949.pdb,N29I,28,1.4050579621998285,0.85822654,-0.5468314244953607,0.5468314244953607
HHH_rd1_0949.pdb,N29W,28,0.7030808861168436,0.5498183,-0.15326260875783482,0.15326260875783482
HHH_rd1_0949.pdb,N29Y,28,0.5320222203652192,0.5461959,0.014173703916854796,0.014173703916854796
HHH_rd1_0949.pdb,N29F,28,0.3158178886333891,0.5294207,0.21360278521380938,0.21360278521380938
HHH_rd1_0949.pdb,N29P,28,2.217793533752954,1.2984726,-0.9193208908543946,0.9193208908543946
HHH_rd1_0949.pdb,N29C,28,-0.0589905373857555,-0.039696038,0.019294499616437873,0.019294499616437873
HHH_rd1_0949.pdb,G30Q,29,0.8133344723224216,1.0019782,0.18864368662838404,0.18864368662838404
HHH_rd1_0949.pdb,G30E,29,1.5361463873661865,0.9410997,-0.5950466840542663,0.5950466840542663
HHH_rd1_0949.pdb,G30N,29,0.6383192933804607,0.6675216,0.029202302574434347,0.029202302574434347
HHH_rd1_0949.pdb,G30H,29,1.0856418930149936,0.9618335,-0.12380841599472991,0.12380841599472991
HHH_rd1_0949.pdb,G30D,29,0.9905582548440934,0.49552593,-0.4950323284925462,0.4950323284925462
HHH_rd1_0949.pdb,G30R,29,2.0448447039232023,1.3056452,-0.7391994764909513,0.7391994764909513
HHH_rd1_0949.pdb,G30K,29,1.897782719072605,1.1667986,-0.7309841274588356,0.7309841274588356
HHH_rd1_0949.pdb,G30T,29,2.040811534010853,1.0911869,-0.9496246529454844,0.9496246529454844
HHH_rd1_0949.pdb,G30S,29,1.449085780611986,0.880407,-0.5686788048658311,0.5686788048658311
HHH_rd1_0949.pdb,G30A,29,1.721611262051794,1.060594,-0.6610172993824215,0.6610172993824215
HHH_rd1_0949.pdb,G30M,29,0.8844353569062231,0.9958967,0.11146134013814946,0.11146134013814946
HHH_rd1_0949.pdb,G30L,29,1.342397648832796,0.99356127,-0.3488363809800128,0.3488363809800128
HHH_rd1_0949.pdb,G30V,29,1.9041416884117897,1.4577465,-0.44639518267448497,0.44639518267448497
HHH_rd1_0949.pdb,G30I,29,1.910517411572726,1.3962222,-0.5142951778004481,0.5142951778004481
HHH_rd1_0949.pdb,G30W,29,-0.251100158756846,0.83735704,1.0884572029768167,1.0884572029768167
HHH_rd1_0949.pdb,G30Y,29,0.3392739899411956,0.79917276,0.4598987691148957,0.4598987691148957
HHH_rd1_0949.pdb,G30F,29,0.6247146429802841,0.6355043,0.010789662382417298,0.010789662382417298
HHH_rd1_0949.pdb,G30P,29,2.6748198638334846,1.3368634,-1.3379564652815437,1.3379564652815437
HHH_rd1_0949.pdb,G30C,29,0.6179329031488554,0.5069163,-0.11101661858769818,0.11101661858769818
HHH_rd1_0949.pdb,N31Q,30,1.1726471077498808,0.895136,-0.2775111090239897,0.2775111090239897
HHH_rd1_0949.pdb,N31E,30,1.0322177586125,0.6842361,-0.3479816493557557,0.3479816493557557
HHH_rd1_0949.pdb,N31H,30,0.9014368576994568,0.7510324,-0.15040444564730227,0.15040444564730227
HHH_rd1_0949.pdb,N31D,30,-0.4220601789945268,-0.08361286,0.3384473197454118,0.3384473197454118
HHH_rd1_0949.pdb,N31R,30,1.5149761537457933,1.0562261,-0.4587500194455614,0.4587500194455614
HHH_rd1_0949.pdb,N31K,30,1.3490382489905288,1.0337458,-0.31529248330449366,0.31529248330449366
HHH_rd1_0949.pdb,N31T,30,1.9891571057652184,0.88207924,-1.1070778621052453,1.1070778621052453
HHH_rd1_0949.pdb,N31S,30,0.5685793470313389,0.74728084,0.17870148907400774,0.17870148907400774
HHH_rd1_0949.pdb,N31A,30,1.2924374044686744,0.7838263,-0.5086111129075477,0.5086111129075477
HHH_rd1_0949.pdb,N31G,30,1.883447300264173,1.0349503,-0.8484970439165167,0.8484970439165167
HHH_rd1_0949.pdb,N31M,30,1.3593240351268607,0.94303095,-0.41629308171957313,0.41629308171957313
HHH_rd1_0949.pdb,N31L,30,1.0557784827008716,0.87945807,-0.17632041289954103,0.17632041289954103
HHH_rd1_0949.pdb,N31V,30,0.9206683075100144,0.99204314,0.07137483004033962,0.07137483004033962
HHH_rd1_0949.pdb,N31I,30,0.9204303767367188,0.93204385,0.011613473685186726,0.011613473685186726
HHH_rd1_0949.pdb,N31W,30,0.8398690472011394,0.83916044,-0.0007086048488444963,0.0007086048488444963
HHH_rd1_0949.pdb,N31Y,30,1.3016848658647306,0.95776224,-0.34392262450120525,0.34392262450120525
HHH_rd1_0949.pdb,N31F,30,1.2322368707916316,0.8080226,-0.42421425249786937,0.42421425249786937
HHH_rd1_0949.pdb,N31P,30,2.688007528388958,1.3393061,-1.3487014122848322,1.3487014122848322
HHH_rd1_0949.pdb,N31C,30,1.237906537510415,0.3761768,-0.8617297332062921,0.8617297332062921
HHH_rd1_0949.pdb,A32Q,31,0.5751247854969215,0.3131307,-0.2619940789482307,0.2619940789482307
HHH_rd1_0949.pdb,A32E,31,0.4747460044834757,0.19243322,-0.2823127813551569,0.2823127813551569
HHH_rd1_0949.pdb,A32N,31,1.4641605436894147,0.5702654,-0.8938951313587873,0.8938951313587873
HHH_rd1_0949.pdb,A32H,31,1.0150542337323238,0.34520593,-0.6698483008767178,0.6698483008767178
HHH_rd1_0949.pdb,A32D,31,1.2584496233512543,0.44873834,-0.809711286788144,0.809711286788144
HHH_rd1_0949.pdb,A32R,31,0.856870107752687,0.5353981,-0.3214719821041885,0.3214719821041885
HHH_rd1_0949.pdb,A32K,31,1.2661237743655882,0.46850142,-0.797622355536624,0.797622355536624
HHH_rd1_0949.pdb,A32T,31,0.5737604880388103,0.13105531,-0.4427051776702724,0.4427051776702724
HHH_rd1_0949.pdb,A32S,31,0.4785661369444516,0.22208197,-0.2564841627957013,0.2564841627957013
HHH_rd1_0949.pdb,A32G,31,0.5700353231187583,0.51312834,-0.05690698287446505,0.05690698287446505
HHH_rd1_0949.pdb,A32M,31,-0.0582458590167136,0.109342285,0.1675881435173125,0.1675881435173125
HHH_rd1_0949.pdb,A32L,31,-0.7237236508241285,-0.042324528,0.6813991227260221,0.6813991227260221
HHH_rd1_0949.pdb,A32V,31,-0.511912004466538,-0.0877887,0.42412330340910387,0.42412330340910387
HHH_rd1_0949.pdb,A32I,31,-0.5820902135832533,-0.15256,0.4295302179320082,0.4295302179320082
HHH_rd1_0949.pdb,A32W,31,0.0355586713223941,-0.16991237,-0.20547103938155242,0.20547103938155242
HHH_rd1_0949.pdb,A32Y,31,-0.5126781553499518,0.040666997,0.5533451527826605,0.5533451527826605
HHH_rd1_0949.pdb,A32F,31,-0.4772362621430743,-0.040147647,0.43708861488145473,0.43708861488145473
HHH_rd1_0949.pdb,A32P,31,0.3000001575032764,0.22938934,-0.07061081781783635,0.07061081781783635
HHH_rd1_0949.pdb,E33Q,32,-0.0224904706885498,0.2096278,0.23211827782890015,0.23211827782890015
HHH_rd1_0949.pdb,E33N,32,0.3475279057942027,0.41870338,0.07117547145265402,0.07117547145265402
HHH_rd1_0949.pdb,E33H,32,0.2118859547183849,0.41615283,0.20426688017388805,0.20426688017388805
HHH_rd1_0949.pdb,E33D,32,0.0088707460845705,0.23305985,0.2241891072307829,0.2241891072307829
HHH_rd1_0949.pdb,E33R,32,-0.1377974233657233,0.38975102,0.5275484404593818,0.5275484404593818
HHH_rd1_0949.pdb,E33K,32,-0.0279033578080865,0.30032203,0.3282253838224145,0.3282253838224145
HHH_rd1_0949.pdb,E33T,32,0.3517314671732818,0.29978484,-0.051946628019992,0.051946628019992
HHH_rd1_0949.pdb,E33S,32,0.2480405160641265,0.28146303,0.03342251093630075,0.03342251093630075
HHH_rd1_0949.pdb,E33A,32,-0.1318608281418942,0.15774992,0.2896107492253445,0.2896107492253445
HHH_rd1_0949.pdb,E33G,32,0.5497438368164151,0.4733296,-0.07641423314438756,0.07641423314438756
HHH_rd1_0949.pdb,E33M,32,0.0317214421357823,0.3242964,0.29257497271636,0.29257497271636
HHH_rd1_0949.pdb,E33L,32,-0.0563082933102583,0.2632001,0.3195083975468611,0.3195083975468611
HHH_rd1_0949.pdb,E33V,32,0.2223528934120899,0.26817113,0.04581823819878045,0.04581823819878045
HHH_rd1_0949.pdb,E33I,32,0.2015966593275528,0.30914822,0.10755156288047027,0.10755156288047027
HHH_rd1_0949.pdb,E33W,32,-0.0455990644511681,0.37306246,0.4186615260657769,0.4186615260657769
HHH_rd1_0949.pdb,E33Y,32,0.0327838483309994,0.45455092,0.42176707358596227,0.42176707358596227
HHH_rd1_0949.pdb,E33F,32,0.0344539721175136,0.5118238,0.47736980126658063,0.47736980126658063
HHH_rd1_0949.pdb,E33P,32,1.1269644131968053,0.6547942,-0.47217019704079943,0.47217019704079943
HHH_rd1_0949.pdb,K34Q,33,-0.3043921642859986,-0.11709062,0.18730154418550038,0.18730154418550038
HHH_rd1_0949.pdb,K34E,33,-0.8467107643171454,-0.3068086,0.5399021734281684,0.5399021734281684
HHH_rd1_0949.pdb,K34N,33,0.3865464401572587,0.42372802,0.037181578841841034,0.037181578841841034
HHH_rd1_0949.pdb,K34H,33,-0.123836406854449,0.13735813,0.2611945358789546,0.2611945358789546
HHH_rd1_0949.pdb,K34D,33,-0.2937525925545161,0.34926602,0.6430186149982875,0.6430186149982875
HHH_rd1_0949.pdb,K34R,33,0.0671372867541606,0.12497889,0.057841605751008315,0.057841605751008315
HHH_rd1_0949.pdb,K34T,33,0.0367477152772632,-0.024565084,-0.061312799183317696,0.061312799183317696
HHH_rd1_0949.pdb,K34S,33,0.4713911052338984,0.25098374,-0.22040736037420294,0.22040736037420294
HHH_rd1_0949.pdb,K34A,33,-0.3034605593550821,-0.20159006,0.10187049816733795,0.10187049816733795
HHH_rd1_0949.pdb,K34G,33,0.5990865665589791,0.7659905,0.16690392912278362,0.16690392912278362
HHH_rd1_0949.pdb,K34M,33,-0.4520105025895287,-0.30621925,0.1457912526257683,0.1457912526257683
HHH_rd1_0949.pdb,K34L,33,-0.8609194636318773,-0.4734686,0.3874508619282335,0.3874508619282335
HHH_rd1_0949.pdb,K34V,33,-0.4907994964270417,-0.24618977,0.24460972334430853,0.24460972334430853
HHH_rd1_0949.pdb,K34I,33,-0.5581677304957262,-0.27348664,0.2846810864661089,0.2846810864661089
HHH_rd1_0949.pdb,K34W,33,-0.4044502659078564,-0.39451197,0.009938298010441216,0.009938298010441216
HHH_rd1_0949.pdb,K34Y,33,-0.4250553218477586,-0.27193478,0.1531205443495134,0.1531205443495134
HHH_rd1_0949.pdb,K34F,33,-0.2700124148671712,-0.21914184,0.050870573932417784,0.050870573932417784
HHH_rd1_0949.pdb,K34P,33,2.291634749069769,1.3405262,-0.9511085258870908,0.9511085258870908
HHH_rd1_0949.pdb,K34C,33,-0.1357165925861441,-0.37116498,-0.2354483849643625,0.2354483849643625
HHH_rd1_0949.pdb,A35Q,34,2.6727330055864744,1.7085066,-0.964226421418994,0.964226421418994
HHH_rd1_0949.pdb,A35E,34,2.3584895020339625,1.8421363,-0.5163532381866114,0.5163532381866114
HHH_rd1_0949.pdb,A35N,34,2.2885010164162365,2.024744,-0.2637569826027599,0.2637569826027599
HHH_rd1_0949.pdb,A35H,34,2.5216943856345533,1.7779334,-0.7437610264884351,0.7437610264884351
HHH_rd1_0949.pdb,A35D,34,2.5067706330799844,2.1599128,-0.3468578084492471,0.3468578084492471
HHH_rd1_0949.pdb,A35R,34,2.347727371289303,1.7372984,-0.6104290018816494,0.6104290018816494
HHH_rd1_0949.pdb,A35K,34,2.5424557742882627,1.7355014,-0.8069543657112974,0.8069543657112974
HHH_rd1_0949.pdb,A35T,34,2.3407405572830067,1.7125887,-0.6281518894134388,0.6281518894134388
HHH_rd1_0949.pdb,A35S,34,1.8491351582420332,1.3226032,-0.5265319325340254,0.5265319325340254
HHH_rd1_0949.pdb,A35G,34,2.1639551912999506,1.4443917,-0.7195634638524409,0.7195634638524409
HHH_rd1_0949.pdb,A35M,34,1.4000226726639684,1.2087789,-0.19124381447915395,0.19124381447915395
HHH_rd1_0949.pdb,A35L,34,0.9019067526982658,1.109647,0.20774028290048907,0.20774028290048907
HHH_rd1_0949.pdb,A35V,34,1.8088609360277697,1.1895367,-0.6193242453157946,0.6193242453157946
HHH_rd1_0949.pdb,A35I,34,1.4011005721800731,1.1173787,-0.28372186047963366,0.28372186047963366
HHH_rd1_0949.pdb,A35W,34,1.455666775139028,1.2344192,-0.22124754849260464,0.22124754849260464
HHH_rd1_0949.pdb,A35Y,34,1.635264346871285,1.2956119,-0.33965248850336516,0.33965248850336516
HHH_rd1_0949.pdb,A35F,34,1.2821832368116093,1.3055189,0.023335628773717865,0.023335628773717865
HHH_rd1_0949.pdb,A35C,34,1.066996760714382,0.8595622,-0.20743454252514248,0.20743454252514248
HHH_rd1_0949.pdb,E36Q,35,0.8745269348268785,0.21271539,-0.6618115474825181,0.6618115474825181
HHH_rd1_0949.pdb,E36N,35,1.3939429085833392,1.0740144,-0.3199284833056293,0.3199284833056293
HHH_rd1_0949.pdb,E36H,35,1.006456918682761,0.56838953,-0.43806738373250464,0.43806738373250464
HHH_rd1_0949.pdb,E36D,35,1.6859394571558828,0.9540164,-0.7319230696932668,0.7319230696932668
HHH_rd1_0949.pdb,E36R,35,0.6373160316696096,0.59334004,-0.04397599241637473,0.04397599241637473
HHH_rd1_0949.pdb,E36K,35,0.8898597643247901,0.6107765,-0.2790832803121863,0.2790832803121863
HHH_rd1_0949.pdb,E36T,35,0.7275319871282362,0.2949909,-0.4325410899495863,0.4325410899495863
HHH_rd1_0949.pdb,E36S,35,0.9844962157313124,0.5181813,-0.46631489172618545,0.46631489172618545
HHH_rd1_0949.pdb,E36A,35,0.3290487937131983,0.26714137,-0.06190742174778996,0.06190742174778996
HHH_rd1_0949.pdb,E36G,35,1.2587829295555073,1.0226617,-0.23612124361190379,0.23612124361190379
HHH_rd1_0949.pdb,E36M,35,-0.2733629149022114,0.047776937,0.3211398523869526,0.3211398523869526
HHH_rd1_0949.pdb,E36L,35,-0.5110055182601867,-0.023968786,0.48703673225898125,0.48703673225898125
HHH_rd1_0949.pdb,E36V,35,-0.0775678253633653,-0.17199272,-0.0944248938100661,0.0944248938100661
HHH_rd1_0949.pdb,E36I,35,-0.4121928691428613,-0.3077494,0.10444347854074948,0.10444347854074948
HHH_rd1_0949.pdb,E36W,35,0.5131298050190292,0.18398333,-0.3291464790607772,0.3291464790607772
HHH_rd1_0949.pdb,E36Y,35,0.4004174047923636,0.16340886,-0.23700854422813172,0.23700854422813172
HHH_rd1_0949.pdb,E36F,35,0.4888862689403315,0.13518605,-0.3537002225784083,0.3537002225784083
HHH_rd1_0949.pdb,R37Q,36,-0.1725566611667552,0.10780105,0.2803577111144938,0.2803577111144938
HHH_rd1_0949.pdb,R37E,36,-0.3562002919108229,0.122450635,0.4786509267479735,0.4786509267479735
HHH_rd1_0949.pdb,R37N,36,0.3140952997382986,0.35273755,0.03864224622880347,0.03864224622880347
HHH_rd1_0949.pdb,R37H,36,0.1912877259011596,0.30949783,0.11821010735079351,0.11821010735079351
HHH_rd1_0949.pdb,R37D,36,0.0616297826880378,0.40635276,0.34472297571955496,0.34472297571955496
HHH_rd1_0949.pdb,R37K,36,0.3133793535894744,0.06136398,-0.25201537341540975,0.25201537341540975
HHH_rd1_0949.pdb,R37T,36,0.407538688763736,0.35025212,-0.057286567076800576,0.057286567076800576
HHH_rd1_0949.pdb,R37S,36,0.1801099086900701,0.25510246,0.07499254692592722,0.07499254692592722
HHH_rd1_0949.pdb,R37A,36,-0.2464215883513274,-0.0010178685,0.24540371983249806,0.24540371983249806
HHH_rd1_0949.pdb,R37G,36,0.4373024764389526,0.56451786,0.12721537920527348,0.12721537920527348
HHH_rd1_0949.pdb,R37M,36,-0.1385908383170653,0.015565366,0.15415620386996753,0.15415620386996753
HHH_rd1_0949.pdb,R37L,36,-0.0019814354523974,0.04374072,0.04572215500920587,0.04572215500920587
HHH_rd1_0949.pdb,R37V,36,0.5269010976092898,0.38846788,-0.1384332195060336,0.1384332195060336
HHH_rd1_0949.pdb,R37I,36,0.2009457953367817,0.20051467,-0.0004311211500751533,0.0004311211500751533
HHH_rd1_0949.pdb,R37W,36,-0.1050043092678061,0.16974495,0.2747492627809516,0.2747492627809516
HHH_rd1_0949.pdb,R37Y,36,0.1306130646022185,0.21360724,0.08299417214075483,0.08299417214075483
HHH_rd1_0949.pdb,R37F,36,0.2604562975148377,0.26443213,0.003975834729272432,0.003975834729272432
HHH_rd1_0949.pdb,R37C,36,-0.0758901329738117,0.0492754,0.12516553122820623,0.12516553122820623
HHH_rd1_0949.pdb,L38Q,37,0.9782850093362544,1.0694903,0.09120530419371387,0.09120530419371387
HHH_rd1_0949.pdb,L38E,37,0.4246638846181128,0.99996024,0.575296359083822,0.575296359083822
HHH_rd1_0949.pdb,L38N,37,1.316776323240439,1.60319,0.28641362198050824,0.28641362198050824
HHH_rd1_0949.pdb,L38H,37,1.2553655185534405,1.2520485,-0.0033170261217998487,0.0033170261217998487
HHH_rd1_0949.pdb,L38D,37,0.9439591381162896,1.1989198,0.254960634985517,0.254960634985517
HHH_rd1_0949.pdb,L38R,37,1.3367049827941275,1.4118932,0.0751882657639169,0.0751882657639169
HHH_rd1_0949.pdb,L38K,37,1.576116396318052,1.441432,-0.13468439711150904,0.13468439711150904
HHH_rd1_0949.pdb,L38T,37,1.2917132148086323,1.1508483,-0.14086494534604688,0.14086494534604688
HHH_rd1_0949.pdb,L38S,37,1.3570771464426148,1.2322692,-0.12480797854252934,0.12480797854252934
HHH_rd1_0949.pdb,L38A,37,0.4854219296679722,0.9108766,0.4254546424641384,0.4254546424641384
HHH_rd1_0949.pdb,L38G,37,2.041814092881995,1.6205187,-0.42129540849478797,0.42129540849478797
HHH_rd1_0949.pdb,L38M,37,-0.1968383587160538,0.17758161,0.3744199670114945,0.3744199670114945
HHH_rd1_0949.pdb,L38V,37,0.968417993221266,0.9654757,-0.002942314777357291,0.002942314777357291
HHH_rd1_0949.pdb,L38I,37,0.4009081559790191,0.34986478,-0.05104337507615653,0.05104337507615653
HHH_rd1_0949.pdb,L38W,37,-0.0456076322173775,0.43288374,0.47849137168881306,0.47849137168881306
HHH_rd1_0949.pdb,L38Y,37,0.7142191354966032,0.41782105,-0.2963980858063566,0.2963980858063566
HHH_rd1_0949.pdb,L38F,37,0.880913716199689,0.43543172,-0.445481997373395,0.445481997373395
HHH_rd1_0949.pdb,L38C,37,0.1895089683877255,0.5642675,0.37475854774844397,0.37475854774844397
HHH_rd1_0949.pdb,L39E,38,3.175708340426665,2.3268287,-0.84887962224124,0.84887962224124
HHH_rd1_0949.pdb,L39H,38,2.805486309370109,1.7109271,-1.0945591805782997,1.0945591805782997
HHH_rd1_0949.pdb,L39R,38,1.7811789955298618,2.240499,0.4593200240929409,0.4593200240929409
HHH_rd1_0949.pdb,L39K,38,2.267224937719896,1.9678187,-0.2994062006898668,0.2994062006898668
HHH_rd1_0949.pdb,L39A,38,2.143024430988283,1.708468,-0.43455647063061686,0.43455647063061686
HHH_rd1_0949.pdb,L39G,38,2.7107135108455043,2.1303315,-0.5803819945796351,0.5803819945796351
HHH_rd1_0949.pdb,L39M,38,1.278261637219623,0.96382785,-0.3144337887851747,0.3144337887851747
HHH_rd1_0949.pdb,L39V,38,2.5541033226422885,1.4775925,-1.0765108543805697,1.0765108543805697
HHH_rd1_0949.pdb,L39I,38,2.5272840462797137,1.0805266,-1.4467574559324237,1.4467574559324237
HHH_rd1_0949.pdb,L39W,38,0.521698819904937,1.0633559,0.5416571027940376,0.5416571027940376
HHH_rd1_0949.pdb,L39Y,38,0.1710300650286695,1.1738079,1.0027777943921068,1.0027777943921068
HHH_rd1_0949.pdb,L39F,38,0.3818818202024883,1.16507,0.7831882367127949,0.7831882367127949
HHH_rd1_0949.pdb,L39C,38,1.872878835019557,1.0329268,-0.8399520371527358,0.8399520371527358
HHH_rd1_0949.pdb,R40Q,39,0.4953756945008776,0.2216734,-0.2737022952909014,0.2737022952909014
HHH_rd1_0949.pdb,R40E,39,0.4323094976621118,0.31904525,-0.11326425201468138,0.11326425201468138
HHH_rd1_0949.pdb,R40N,39,0.8070820861090047,0.3109621,-0.4961199753511769,0.4961199753511769
HHH_rd1_0949.pdb,R40H,39,0.2880808166936859,0.15262556,-0.13545525593318786,0.13545525593318786
HHH_rd1_0949.pdb,R40D,39,0.9299395289525888,0.5621388,-0.36780073309992767,0.36780073309992767
HHH_rd1_0949.pdb,R40K,39,0.4016034739159737,0.10007006,-0.3015334146165047,0.3015334146165047
HHH_rd1_0949.pdb,R40T,39,0.913616785632816,0.34452108,-0.5690957101456792,0.5690957101456792
HHH_rd1_0949.pdb,R40S,39,0.7952427462491742,0.29515386,-0.5000888899717084,0.5000888899717084
HHH_rd1_0949.pdb,R40A,39,0.5956151607226279,0.05432692,-0.5412882390211966,0.5412882390211966
HHH_rd1_0949.pdb,R40G,39,1.1912127291674095,0.5097922,-0.6814205204958397,0.6814205204958397
HHH_rd1_0949.pdb,R40M,39,-0.0793463245015395,-0.045304805,0.03404151946118,0.03404151946118
HHH_rd1_0949.pdb,R40L,39,0.010990019802505,-0.029295236,-0.04028525567477367,0.04028525567477367
HHH_rd1_0949.pdb,R40V,39,0.6241778352511753,0.24026778,-0.3839100518477787,0.3839100518477787
HHH_rd1_0949.pdb,R40I,39,0.247625732955254,0.05702254,-0.1906031911938557,0.1906031911938557
HHH_rd1_0949.pdb,R40W,39,-0.0570881760050765,-0.053324953,0.003763223283480735,0.003763223283480735
HHH_rd1_0949.pdb,R40Y,39,0.1645819152141143,-0.047885433,-0.21246734805350792,0.21246734805350792
HHH_rd1_0949.pdb,R40F,39,0.2912976584135327,0.017351732,-0.27394592675555085,0.27394592675555085
HHH_rd1_0949.pdb,R40P,39,2.626503196284284,1.4619851,-1.1645180850477117,1.1645180850477117
HHH_rd1_0949.pdb,R40C,39,-0.2373872062518751,-0.11254233,0.12484487503315561,0.12484487503315561
HHH_rd1_0949.pdb,K41Q,40,-0.1966326760229773,0.040290624,0.23692329992625183,0.23692329992625183
HHH_rd1_0949.pdb,K41E,40,0.0646869213500727,0.0702497,0.005562777706075828,0.005562777706075828
HHH_rd1_0949.pdb,K41N,40,0.1783697880044257,0.17152853,-0.006841254903343863,0.006841254903343863
HHH_rd1_0949.pdb,K41H,40,0.0902189505318222,0.110548005,0.02032905397619629,0.02032905397619629
HHH_rd1_0949.pdb,K41D,40,0.2710196559308149,0.20350295,-0.06751670287829414,0.06751670287829414
HHH_rd1_0949.pdb,K41R,40,-0.4162714593018317,0.04453452,0.4608059786165976,0.4608059786165976
HHH_rd1_0949.pdb,K41T,40,0.3779556797875463,0.16288051,-0.21507516969576468,0.21507516969576468
HHH_rd1_0949.pdb,K41S,40,0.2820824393567096,0.14123257,-0.14084987431135287,0.14084987431135287
HHH_rd1_0949.pdb,K41A,40,0.0323106661124241,-0.034656316,-0.06696698215437051,0.06696698215437051
HHH_rd1_0949.pdb,K41G,40,0.6232878804374038,0.3446702,-0.27861767412903893,0.27861767412903893
HHH_rd1_0949.pdb,K41M,40,-0.2437596154848984,-0.024166793,0.21959282285374912,0.21959282285374912
HHH_rd1_0949.pdb,K41L,40,-0.2312078621145916,-0.017293423,0.21391443870036125,0.21391443870036125
HHH_rd1_0949.pdb,K41V,40,0.2851614609566306,0.17290783,-0.11225363167196262,0.11225363167196262
HHH_rd1_0949.pdb,K41I,40,-0.1239970737701234,0.06986232,0.19385939478929606,0.19385939478929606
HHH_rd1_0949.pdb,K41W,40,-0.5054310253568088,0.034648642,0.5400796673007404,0.5400796673007404
HHH_rd1_0949.pdb,K41Y,40,-0.1092255721207182,0.072583854,0.18180942631917402,0.18180942631917402
HHH_rd1_0949.pdb,K41F,40,-0.1268161441179973,0.12216387,0.24898001355855287,0.24898001355855287
HHH_rd1_0949.pdb,K41P,40,2.508233947799166,1.0608699,-1.4473640156244834,1.4473640156244834
HHH_rd1_0949.pdb,L42Q,41,1.2024262081831896,0.58403504,-0.6183911692351305,0.6183911692351305
HHH_rd1_0949.pdb,L42E,41,1.4212631452704,0.7102438,-0.7110193241262961,0.7110193241262961
HHH_rd1_0949.pdb,L42N,41,2.05343800627027,0.879264,-1.174174009192328,1.174174009192328
HHH_rd1_0949.pdb,L42H,41,1.046494744128279,0.48975712,-0.5567376235189956,0.5567376235189956
HHH_rd1_0949.pdb,L42D,41,2.185251647518287,1.0859032,-1.0993484797936777,1.0993484797936777
HHH_rd1_0949.pdb,L42R,41,0.9995025578033554,0.54423755,-0.45526500373002166,0.45526500373002166
HHH_rd1_0949.pdb,L42K,41,1.0812487647956952,0.600861,-0.4803877518600568,0.4803877518600568
HHH_rd1_0949.pdb,L42T,41,1.027284887698304,0.5411286,-0.4861563118964547,0.4861563118964547
HHH_rd1_0949.pdb,L42S,41,1.3160998345040058,0.6501793,-0.6659205079697346,0.6659205079697346
HHH_rd1_0949.pdb,L42A,41,1.003582998206526,0.49188685,-0.5116961440347731,0.5116961440347731
HHH_rd1_0949.pdb,L42G,41,1.6229589573428216,0.8713165,-0.751642464785296,0.751642464785296
HHH_rd1_0949.pdb,L42M,41,0.0994810934246341,0.11448735,0.015006256562395931,0.015006256562395931
HHH_rd1_0949.pdb,L42V,41,0.6935025967840076,0.29467556,-0.3988270379785419,0.3988270379785419
HHH_rd1_0949.pdb,L42I,41,-0.0476802295074629,0.07504678,0.12272700723268262,0.12272700723268262
HHH_rd1_0949.pdb,L42W,41,0.1773786975702456,0.1423097,-0.035069002087991574,0.035069002087991574
HHH_rd1_0949.pdb,L42Y,41,0.1332760245920137,0.08399308,-0.0492829473138765,0.0492829473138765
HHH_rd1_0949.pdb,L42F,41,0.362204089819572,0.17822886,-0.18397523468651533,0.18397523468651533
HHH_rd1_0949.pdb,L42P,41,2.416597338733259,1.2367394,-1.179857941684309,1.179857941684309
HHH_rd1_0949.pdb,L42C,41,0.183020378886058,0.08620596,-0.09681441956598963,0.09681441956598963
HHH_rd1_0949.pdb,L43Q,42,0.4283746861836979,0.41053063,-0.017844059409863666,0.017844059409863666
HHH_rd1_0949.pdb,L43E,42,1.752259763142224,0.64422923,-1.108030529877301,1.108030529877301
HHH_rd1_0949.pdb,L43N,42,1.1954942966667257,0.6641377,-0.5313565756050191,0.5313565756050191
HHH_rd1_0949.pdb,L43H,42,1.0851679892110837,0.45043525,-0.6347327382135404,0.6347327382135404
HHH_rd1_0949.pdb,L43D,42,1.8953078481553491,0.87189287,-1.0234149786828455,1.0234149786828455
HHH_rd1_0949.pdb,L43R,42,0.3587311141652642,0.3945672,0.03583607743553535,0.03583607743553535
HHH_rd1_0949.pdb,L43K,42,0.8282445651287937,0.3460856,-0.48215895712327006,0.48215895712327006
HHH_rd1_0949.pdb,L43T,42,1.2272559857789482,0.5065573,-0.7206986999932732,0.7206986999932732
HHH_rd1_0949.pdb,L43S,42,1.1931012180338538,0.5797591,-0.6133420970926917,0.6133420970926917
HHH_rd1_0949.pdb,L43A,42,1.2995185498202253,0.3460833,-0.9534352365935255,0.9534352365935255
HHH_rd1_0949.pdb,L43G,42,1.5035439436927052,0.6899216,-0.8136223261847706,0.8136223261847706
HHH_rd1_0949.pdb,L43M,42,0.2288980199105124,-0.010264218,-0.23916223776405854,0.23916223776405854
HHH_rd1_0949.pdb,L43V,42,1.0543069685951214,0.32251906,-0.7317879046455364,0.7317879046455364
HHH_rd1_0949.pdb,L43I,42,0.5327481649198542,0.114913136,-0.4178350291528712,0.4178350291528712
HHH_rd1_0949.pdb,L43W,42,0.2573598185649173,0.20266211,-0.05469770823624298,0.05469770823624298
HHH_rd1_0949.pdb,L43Y,42,0.400229323319218,0.17561351,-0.22461581569077715,0.22461581569077715
HHH_rd1_0949.pdb,L43F,42,0.2535774833066937,0.16219328,-0.09138419986801116,0.09138419986801116
HHH_rd1_0949.pdb,L43P,42,2.255183773304539,1.0594233,-1.195760445858555,1.195760445858555
HHH_rd1_0949.pdb,L43C,42,0.0336020310133893,-0.00013449788,-0.03373652889432497,0.03373652889432497
HHH_rd4_0124.pdb,T1Q,0,0.3237218534357555,0.102396354,-0.22132549935650897,0.22132549935650897
HHH_rd4_0124.pdb,T1E,0,0.3264670797539966,0.31621936,-0.010247720117689818,0.010247720117689818
HHH_rd4_0124.pdb,T1N,0,0.4111067628390816,-0.09654727,-0.5076540311701325,0.5076540311701325
HHH_rd4_0124.pdb,T1H,0,0.2494942613044075,0.04360307,-0.2058911912241272,0.2058911912241272
HHH_rd4_0124.pdb,T1D,0,0.4153752651427715,0.25328818,-0.16208708550676992,0.16208708550676992
HHH_rd4_0124.pdb,T1R,0,0.2690812524876145,-0.08369834,-0.352779592247918,0.352779592247918
HHH_rd4_0124.pdb,T1K,0,0.3857659374634781,-0.1787892,-0.5645551358620682,0.5645551358620682
HHH_rd4_0124.pdb,T1S,0,0.3791322429741803,-0.076434635,-0.455566877600092,0.455566877600092
HHH_rd4_0124.pdb,T1A,0,0.3208430584673838,-0.06752416,-0.38836721593188805,0.38836721593188805
HHH_rd4_0124.pdb,T1G,0,0.4352433555649615,0.12947688,-0.3057664804982043,0.3057664804982043
HHH_rd4_0124.pdb,T1M,0,-0.0185416989022642,0.0031548366,0.02169653549732264,0.02169653549732264
HHH_rd4_0124.pdb,T1L,0,-0.2610994825748662,0.06570078,0.3268002594498853,0.3268002594498853
HHH_rd4_0124.pdb,T1V,0,0.1661840410458657,0.0941111,-0.0720729412066552,0.0720729412066552
HHH_rd4_0124.pdb,T1I,0,-0.0496976201005952,0.034477614,0.08417523396692439,0.08417523396692439
HHH_rd4_0124.pdb,T1W,0,0.0267870394474387,0.052498966,0.025711927008020895,0.025711927008020895
HHH_rd4_0124.pdb,T1Y,0,-0.0051119995009012,0.09103591,0.09614790945163439,0.09614790945163439
HHH_rd4_0124.pdb,T1F,0,0.0557048787115339,0.07617585,0.020470974898504857,0.020470974898504857
HHH_rd4_0124.pdb,T1P,0,0.2953393711274505,0.19696313,-0.09837623969968562,0.09837623969968562
HHH_rd4_0124.pdb,E2Q,1,0.2823894660022503,0.12320106,-0.15918840868737755,0.15918840868737755
HHH_rd4_0124.pdb,E2N,1,0.3615283052939315,0.20184478,-0.1596835236567397,0.1596835236567397
HHH_rd4_0124.pdb,E2H,1,0.2539153995899046,0.16530529,-0.08861011294401533,0.08861011294401533
HHH_rd4_0124.pdb,E2D,1,0.2389737068966191,0.17147347,-0.06750023358614851,0.06750023358614851
HHH_rd4_0124.pdb,E2R,1,0.2489190490963855,0.18853597,-0.060383075666705616,0.060383075666705616
HHH_rd4_0124.pdb,E2K,1,0.2204880478356399,0.13486338,-0.08562467121820827,0.08562467121820827
HHH_rd4_0124.pdb,E2T,1,0.4084505048155875,0.16351241,-0.24493809608221956,0.24493809608221956
HHH_rd4_0124.pdb,E2S,1,0.2885142187977008,0.10399681,-0.18451740550042905,0.18451740550042905
HHH_rd4_0124.pdb,E2A,1,0.1648517083667913,0.07464956,-0.09020215089551598,0.09020215089551598
HHH_rd4_0124.pdb,E2G,1,0.3662387149126971,0.26367164,-0.1025670783312762,0.1025670783312762
HHH_rd4_0124.pdb,E2M,1,0.2907793799994522,0.15388551,-0.13689386645536955,0.13689386645536955
HHH_rd4_0124.pdb,E2L,1,0.2733392742987843,0.093900844,-0.17943842984401898,0.17943842984401898
HHH_rd4_0124.pdb,E2V,1,0.3598889641616634,0.077550195,-0.28233876900413546,0.28233876900413546
HHH_rd4_0124.pdb,E2I,1,0.2652846816392273,0.1332019,-0.13208278449490968,0.13208278449490968
HHH_rd4_0124.pdb,E2W,1,0.1696554624095076,0.09579932,-0.07385614296342072,0.07385614296342072
HHH_rd4_0124.pdb,E2Y,1,0.1703037964780636,0.16350938,-0.006794412680418027,0.006794412680418027
HHH_rd4_0124.pdb,E2F,1,0.151152592020058,0.22070062,0.06954802958486142,0.06954802958486142
HHH_rd4_0124.pdb,E2P,1,0.3872019386636298,-0.08887695,-0.47607888642421176,0.47607888642421176
HHH_rd4_0124.pdb,E3Q,2,0.269885935957183,0.18293482,-0.08695111530517496,0.08695111530517496
HHH_rd4_0124.pdb,E3N,2,0.2515698120460907,0.26408872,0.012518908037146004,0.012518908037146004
HHH_rd4_0124.pdb,E3H,2,0.2337316248440466,-0.022043988,-0.2557756129526816,0.2557756129526816
HHH_rd4_0124.pdb,E3D,2,0.2829322264414307,0.37758315,0.0946509196538452,0.0946509196538452
HHH_rd4_0124.pdb,E3R,2,0.3308671126543601,0.20354465,-0.12732246615281895,0.12732246615281895
HHH_rd4_0124.pdb,E3K,2,0.2824376111806419,0.2245265,-0.057911116439202104,0.057911116439202104
HHH_rd4_0124.pdb,E3T,2,0.2993537275081113,0.18681413,-0.11253959815554171,0.11253959815554171
HHH_rd4_0124.pdb,E3S,2,0.3270748019846528,0.25213367,-0.07494113451562812,0.07494113451562812
HHH_rd4_0124.pdb,E3A,2,0.1958592750778323,0.07266633,-0.12319294295216854,0.12319294295216854
HHH_rd4_0124.pdb,E3G,2,0.4877478370609507,0.4259532,-0.061794627660773704,0.061794627660773704
HHH_rd4_0124.pdb,E3M,2,0.2030464208093945,0.02358576,-0.1794606617060963,0.1794606617060963
HHH_rd4_0124.pdb,E3L,2,0.1551704631934001,-0.012106903,-0.16727736609075805,0.16727736609075805
HHH_rd4_0124.pdb,E3V,2,0.268427468877064,-0.09208039,-0.3605078608205187,0.3605078608205187
HHH_rd4_0124.pdb,E3I,2,0.2618934214130244,-0.08843679,-0.3503302112236819,0.3503302112236819
HHH_rd4_0124.pdb,E3W,2,0.0168376556102507,-0.31058064,-0.32741829664151595,0.32741829664151595
HHH_rd4_0124.pdb,E3Y,2,0.0871444735811508,-0.280145,-0.3672894630716598,0.3672894630716598
HHH_rd4_0124.pdb,E3F,2,0.0932515161259839,-0.2313402,-0.3245917158349225,0.3245917158349225
HHH_rd4_0124.pdb,E3P,2,0.5643309965458962,0.8052568,0.2409257874163535,0.2409257874163535
HHH_rd4_0124.pdb,E3C,2,-0.3721077311334133,-0.28304905,0.08905868414015766,0.08905868414015766
HHH_rd4_0124.pdb,V4Q,3,1.0782581075183526,1.4608641,0.3826059595592841,0.3826059595592841
HHH_rd4_0124.pdb,V4E,3,1.3310793434818542,1.5737926,0.24271323330800176,0.24271323330800176
HHH_rd4_0124.pdb,V4N,3,1.1226908264775233,1.646302,0.523611158309464,0.523611158309464
HHH_rd4_0124.pdb,V4H,3,1.0322934708942717,1.4085016,0.37620815416676345,0.37620815416676345
HHH_rd4_0124.pdb,V4D,3,1.3269789324014245,1.6105527,0.28357373617004766,0.28357373617004766
HHH_rd4_0124.pdb,V4R,3,1.2284369429111848,1.7540572,0.5256202260493865,0.5256202260493865
HHH_rd4_0124.pdb,V4K,3,1.13040734944401,1.6620095,0.5316021281713466,0.5316021281713466
HHH_rd4_0124.pdb,V4T,3,0.7145143835249199,0.5837152,-0.13079918310072558,0.13079918310072558
HHH_rd4_0124.pdb,V4S,3,1.0749593139237352,1.0575722,-0.01738706832589587,0.01738706832589587
HHH_rd4_0124.pdb,V4A,3,0.6717973546895093,0.5085492,-0.16324814128008547,0.16324814128008547
HHH_rd4_0124.pdb,V4G,3,1.1688679705286025,1.3224456,0.1535776604986192,0.1535776604986192
HHH_rd4_0124.pdb,V4M,3,0.4493754518829036,0.9398736,0.490498124281342,0.490498124281342
HHH_rd4_0124.pdb,V4L,3,-0.3015183040553169,0.7111988,1.0127171108180122,1.0127171108180122
HHH_rd4_0124.pdb,V4I,3,-0.0169958165651025,0.27397394,0.29096975836808103,0.29096975836808103
HHH_rd4_0124.pdb,V4W,3,0.525207291540259,0.9023409,0.37713359743679176,0.37713359743679176
HHH_rd4_0124.pdb,V4Y,3,0.6287665978786985,0.9179146,0.28914803110384546,0.28914803110384546
HHH_rd4_0124.pdb,V4F,3,0.6052018157176686,0.8805965,0.2753947027988719,0.2753947027988719
HHH_rd4_0124.pdb,V4P,3,1.1615226594344197,1.2788949,0.11737224184121509,0.11737224184121509
HHH_rd4_0124.pdb,V4C,3,-0.1845283819073409,0.43282372,0.6173520995014876,0.6173520995014876
HHH_rd4_0124.pdb,E5Q,4,0.6637854810042074,0.40100828,-0.26277720287272244,0.26277720287272244
HHH_rd4_0124.pdb,E5N,4,0.6975284615085646,0.9061599,0.20863141626853499,0.20863141626853499
HHH_rd4_0124.pdb,E5H,4,0.6058320714744594,0.5270419,-0.07879015939560197,0.07879015939560197
HHH_rd4_0124.pdb,E5D,4,0.6241994461194305,0.7957462,0.1715467611178132,0.1715467611178132
HHH_rd4_0124.pdb,E5R,4,0.6108036704661293,0.75105524,0.14025157016497425,0.14025157016497425
HHH_rd4_0124.pdb,E5K,4,0.6836392043737567,0.7984046,0.11476537002046938,0.11476537002046938
HHH_rd4_0124.pdb,E5T,4,0.4885970862181525,0.5175672,0.028970131131853594,0.028970131131853594
HHH_rd4_0124.pdb,E5S,4,0.6118713290995073,0.7170796,0.10520825073066242,0.10520825073066242
HHH_rd4_0124.pdb,E5A,4,0.4082712110758131,0.48124397,0.07297275693413563,0.07297275693413563
HHH_rd4_0124.pdb,E5G,4,0.8015871757948108,1.1356685,0.33408134036424686,0.33408134036424686
HHH_rd4_0124.pdb,E5M,4,0.0991146924366115,0.29335868,0.1942439911495091,0.1942439911495091
HHH_rd4_0124.pdb,E5L,4,0.2135988825263919,0.24213716,0.02853828135109529,0.02853828135109529
HHH_rd4_0124.pdb,E5V,4,0.2855679775639679,-0.065724164,-0.3512921418114807,0.3512921418114807
HHH_rd4_0124.pdb,E5I,4,0.2847803653271357,-0.10694924,-0.3917296052963892,0.3917296052963892
HHH_rd4_0124.pdb,E5W,4,-0.3808436131444204,0.15107623,0.5319198405709493,0.5319198405709493
HHH_rd4_0124.pdb,E5Y,4,-0.2298579407294612,0.16341785,0.39327578669389296,0.39327578669389296
HHH_rd4_0124.pdb,E5F,4,-0.0721819945936081,0.19456865,0.2667506435279724,0.2667506435279724
HHH_rd4_0124.pdb,E5P,4,1.073051963156531,1.7405974,0.6675454041301512,0.6675454041301512
HHH_rd4_0124.pdb,K6Q,5,0.3484854198585465,0.23620072,-0.11228469978675387,0.11228469978675387
HHH_rd4_0124.pdb,K6E,5,0.54031743031619,0.51914954,-0.021167888461331552,0.021167888461331552
HHH_rd4_0124.pdb,K6N,5,0.4877988026810336,0.41903812,-0.06876068574911831,0.06876068574911831
HHH_rd4_0124.pdb,K6H,5,0.4192393562322269,0.39517415,-0.02406521053367955,0.02406521053367955
HHH_rd4_0124.pdb,K6D,5,0.5724684596078469,0.76785696,0.1953884959204124,0.1953884959204124
HHH_rd4_0124.pdb,K6R,5,0.1532916547486056,-0.06500876,-0.21830041424720179,0.21830041424720179
HHH_rd4_0124.pdb,K6T,5,0.5196781443066671,0.33611804,-0.1835601018376425,0.1835601018376425
HHH_rd4_0124.pdb,K6S,5,0.4340992006278465,0.4551591,0.021059897282080853,0.021059897282080853
HHH_rd4_0124.pdb,K6A,5,0.3619399210701552,0.3752307,0.013290778707447937,0.013290778707447937
HHH_rd4_0124.pdb,K6G,5,0.595628322234409,0.8069929,0.21136456621621358,0.21136456621621358
HHH_rd4_0124.pdb,K6M,5,0.3351698116719752,0.27652425,-0.05864556593299203,0.05864556593299203
HHH_rd4_0124.pdb,K6L,5,0.4484779056253705,0.2941983,-0.15427960121062134,0.15427960121062134
HHH_rd4_0124.pdb,K6V,5,0.4961774684653528,0.3018683,-0.19430917875626164,0.19430917875626164
HHH_rd4_0124.pdb,K6I,5,0.4615869565657757,0.15001449,-0.3115724666766308,0.3115724666766308
HHH_rd4_0124.pdb,K6W,5,0.2880277391154824,0.4293565,0.14132874648975746,0.14132874648975746
HHH_rd4_0124.pdb,K6Y,5,0.3945561503311878,0.40015003,0.005593880520176342,0.005593880520176342
HHH_rd4_0124.pdb,K6F,5,0.3779339628458606,0.43081707,0.05288310477727781,0.05288310477727781
HHH_rd4_0124.pdb,K6P,5,1.0843782746719262,1.5243518,0.43997356057892834,0.43997356057892834
HHH_rd4_0124.pdb,K6C,5,-0.5979074366771131,0.25937146,0.8572788961612134,0.8572788961612134
HHH_rd4_0124.pdb,I7Q,6,0.4120622683009378,1.2447529,0.832690615610195,0.832690615610195
HHH_rd4_0124.pdb,I7E,6,0.8821908932802984,1.7835758,0.9013848799588373,0.9013848799588373
HHH_rd4_0124.pdb,I7N,6,1.055788068828558,1.8522104,0.7964223336601506,0.7964223336601506
HHH_rd4_0124.pdb,I7H,6,0.6470734839165908,1.374964,0.7278905148779649,0.7278905148779649
HHH_rd4_0124.pdb,I7D,6,1.3146581411815523,1.8852445,0.5705863475345732,0.5705863475345732
HHH_rd4_0124.pdb,I7R,6,0.4755522595181345,1.4290518,0.9534994973406912,0.9534994973406912
HHH_rd4_0124.pdb,I7K,6,0.5640845572072923,1.4554696,0.8913850510995924,0.8913850510995924
HHH_rd4_0124.pdb,I7T,6,0.6020396114455917,1.2493429,0.6473033069504044,0.6473033069504044
HHH_rd4_0124.pdb,I7S,6,0.852569277453423,1.680423,0.8278537438631053,0.8278537438631053
HHH_rd4_0124.pdb,I7A,6,0.3698177815917163,1.2078999,0.8380821465012402,0.8380821465012402
HHH_rd4_0124.pdb,I7G,6,1.4052866546695904,2.016224,0.6109372528011128,0.6109372528011128
HHH_rd4_0124.pdb,I7M,6,0.0164836666074299,0.27859235,0.262108681491325,0.262108681491325
HHH_rd4_0124.pdb,I7L,6,0.1803918101059121,0.20011568,0.01972387058866798,0.01972387058866798
HHH_rd4_0124.pdb,I7V,6,0.4112132010535907,0.6688072,0.2575940074844647,0.2575940074844647
HHH_rd4_0124.pdb,I7W,6,0.1199573725890579,0.50563437,0.385676994876915,0.385676994876915
HHH_rd4_0124.pdb,I7Y,6,0.2692082107530937,0.5761055,0.3068972646726265,0.3068972646726265
HHH_rd4_0124.pdb,I7F,6,0.2665305671939604,0.36779672,0.10126615188028887,0.10126615188028887
HHH_rd4_0124.pdb,I7P,6,2.05858117120171,2.497614,0.43903273565864165,0.43903273565864165
HHH_rd4_0124.pdb,I7C,6,-0.0180616397678041,0.49679416,0.5148558039485597,0.5148558039485597
HHH_rd4_0124.pdb,V8Q,7,1.428022582181521,1.7571077,0.3290851524986549,0.3290851524986549
HHH_rd4_0124.pdb,V8E,7,1.6353833656815635,1.8360201,0.20063674635609519,0.20063674635609519
HHH_rd4_0124.pdb,V8N,7,1.7169912074626237,2.082907,0.36591575397841636,0.36591575397841636
HHH_rd4_0124.pdb,V8H,7,1.467962913759276,1.797683,0.3297200868052992,0.3297200868052992
HHH_rd4_0124.pdb,V8D,7,2.336255107916663,2.0136497,-0.3226054058445196,0.3226054058445196
HHH_rd4_0124.pdb,V8R,7,1.1111473447689515,2.1553648,1.0442174070468444,1.0442174070468444
HHH_rd4_0124.pdb,V8K,7,1.3416588278579529,2.0413034,0.6996445683670227,0.6996445683670227
HHH_rd4_0124.pdb,V8T,7,1.0659755944490683,1.0306336,-0.0353420256853354,0.0353420256853354
HHH_rd4_0124.pdb,V8S,7,1.33537624234176,1.722326,0.38694979792618445,0.38694979792618445
HHH_rd4_0124.pdb,V8A,7,0.3248135052044718,1.1045516,0.7797380485217245,0.7797380485217245
HHH_rd4_0124.pdb,V8G,7,1.354134555686965,1.8396479,0.485513333450303,0.485513333450303
HHH_rd4_0124.pdb,V8M,7,0.4849691738463983,1.0619287,0.5769595752380743,0.5769595752380743
HHH_rd4_0124.pdb,V8L,7,0.4399790592878971,0.7649654,0.3249863557130184,0.3249863557130184
HHH_rd4_0124.pdb,V8I,7,0.1685591741534984,0.32801783,0.15945865669519546,0.15945865669519546
HHH_rd4_0124.pdb,V8W,7,0.258664379007864,1.2926521,1.0339877511190891,1.0339877511190891
HHH_rd4_0124.pdb,V8Y,7,0.1057889499215196,1.2580233,1.1522343121024061,1.1522343121024061
HHH_rd4_0124.pdb,V8F,7,0.1368260005429931,1.1383276,1.0015015980287842,1.0015015980287842
HHH_rd4_0124.pdb,V8P,7,1.9683493793101428,2.1551583,0.1868089020161512,0.1868089020161512
HHH_rd4_0124.pdb,V8C,7,0.1454174273073847,0.6642204,0.5188029653966253,0.5188029653966253
HHH_rd4_0124.pdb,R9Q,8,0.6849729410027066,0.41482282,-0.2701501241539517,0.2701501241539517
HHH_rd4_0124.pdb,R9E,8,0.8639249519653458,0.73803014,-0.12589481633378452,0.12589481633378452
HHH_rd4_0124.pdb,R9N,8,0.9464330959352424,0.7884532,-0.15797987461413643,0.15797987461413643
HHH_rd4_0124.pdb,R9H,8,0.7534732290474622,0.5559459,-0.19752735578696412,0.19752735578696412
HHH_rd4_0124.pdb,R9D,8,0.8760517659590843,1.229951,0.35389925809639666,0.35389925809639666
HHH_rd4_0124.pdb,R9K,8,0.5585102233229151,0.20006545,-0.3584447744427195,0.3584447744427195
HHH_rd4_0124.pdb,R9T,8,0.6970615826624438,0.29422998,-0.4028315983789965,0.4028315983789965
HHH_rd4_0124.pdb,R9S,8,0.6922704796530186,0.6165074,-0.07576306864990578,0.07576306864990578
HHH_rd4_0124.pdb,R9A,8,0.6105013350515365,0.5081209,-0.1023804406194686,0.1023804406194686
HHH_rd4_0124.pdb,R9G,8,0.9389135804199968,1.1857772,0.24686360692741527,0.24686360692741527
HHH_rd4_0124.pdb,R9M,8,0.4701054385217655,0.10451856,-0.3655868759664524,0.3655868759664524
HHH_rd4_0124.pdb,R9L,8,0.5205958355900715,-0.106357396,-0.6269532312390278,0.6269532312390278
HHH_rd4_0124.pdb,R9V,8,0.5919473554832706,0.14988351,-0.4420638468010196,0.4420638468010196
HHH_rd4_0124.pdb,R9I,8,0.4388426507791136,-0.15709835,-0.5959410036882018,0.5959410036882018
HHH_rd4_0124.pdb,R9W,8,0.4931352350847924,0.13549575,-0.35763948298861625,0.35763948298861625
HHH_rd4_0124.pdb,R9Y,8,0.5131455977973765,0.18761666,-0.3255289366063898,0.3255289366063898
HHH_rd4_0124.pdb,R9F,8,0.5744340302248097,0.25333762,-0.3210964085359669,0.3210964085359669
HHH_rd4_0124.pdb,R9P,8,1.831442362067312,1.7406728,-0.09076953530034415,0.09076953530034415
HHH_rd4_0124.pdb,R9C,8,0.0797404245261508,0.15846047,0.07872004352766696,0.07872004352766696
HHH_rd4_0124.pdb,E10Q,9,0.1848577496495516,0.2862567,0.10139895110461405,0.10139895110461405
HHH_rd4_0124.pdb,E10N,9,0.377929762755514,0.51927036,0.14134059771430413,0.14134059771430413
HHH_rd4_0124.pdb,E10H,9,0.2882603718726348,0.34752265,0.05926227431610115,0.05926227431610115
HHH_rd4_0124.pdb,E10D,9,0.4011157822931173,0.3658425,-0.03527329090479636,0.03527329090479636
HHH_rd4_0124.pdb,E10R,9,0.2061255486243192,0.31842822,0.11230266974039638,0.11230266974039638
HHH_rd4_0124.pdb,E10K,9,0.1831130395929836,0.36099246,0.17787942184996378,0.17787942184996378
HHH_rd4_0124.pdb,E10T,9,0.1987946321156664,0.3950233,0.19622865422695446,0.19622865422695446
HHH_rd4_0124.pdb,E10S,9,0.2200087993337003,0.34206435,0.12205555150972927,0.12205555150972927
HHH_rd4_0124.pdb,E10A,9,0.0639735643701007,0.11168289,0.04770932747560243,0.04770932747560243
HHH_rd4_0124.pdb,E10G,9,0.3543665384869967,0.65486836,0.30050182584710977,0.30050182584710977
HHH_rd4_0124.pdb,E10M,9,0.0292145511335164,0.15860343,0.12938887866079513,0.12938887866079513
HHH_rd4_0124.pdb,E10L,9,0.0099939866767935,0.21371967,0.20372567932738742,0.20372567932738742
HHH_rd4_0124.pdb,E10V,9,0.2383526941865861,0.35351452,0.11516182812748554,0.11516182812748554
HHH_rd4_0124.pdb,E10I,9,0.1716642804690544,0.272415,0.10075073165214615,0.10075073165214615
HHH_rd4_0124.pdb,E10W,9,0.0408073107202315,0.0380072,-0.00280011095597979,0.00280011095597979
HHH_rd4_0124.pdb,E10Y,9,0.0336517647163137,0.08965829,0.056006525431467676,0.056006525431467676
HHH_rd4_0124.pdb,E10F,9,0.0197515233554999,0.13232337,0.11257184602831205,0.11257184602831205
HHH_rd4_0124.pdb,E10P,9,1.2325355966121627,1.6059811,0.37344551491432654,0.37344551491432654
HHH_rd4_0124.pdb,E10C,9,-0.4362744595269341,0.050495565,0.48677002446452566,0.48677002446452566
HHH_rd4_0124.pdb,L11Q,10,1.5305600526508152,1.5073097,-0.02325037743414038,0.02325037743414038
HHH_rd4_0124.pdb,L11E,10,1.972079303707132,1.8238337,-0.14824559971238105,0.14824559971238105
HHH_rd4_0124.pdb,L11N,10,1.645476451238364,2.0405898,0.39511335817936066,0.39511335817936066
HHH_rd4_0124.pdb,L11H,10,1.3647194038474242,1.5005798,0.13586043013695082,0.13586043013695082
HHH_rd4_0124.pdb,L11D,10,2.377319529017984,2.1617248,-0.21559472318607487,0.21559472318607487
HHH_rd4_0124.pdb,L11R,10,1.964684534187348,1.7414907,-0.22319381248477232,0.22319381248477232
HHH_rd4_0124.pdb,L11K,10,2.2727434226277774,1.7073239,-0.5654195138219302,0.5654195138219302
HHH_rd4_0124.pdb,L11T,10,2.0465831713025926,1.4357179,-0.6108652309720872,0.6108652309720872
HHH_rd4_0124.pdb,L11S,10,1.5355403528016225,1.6911792,0.15563880350178327,0.15563880350178327
HHH_rd4_0124.pdb,L11A,10,0.799194135491162,1.3684509,0.5692567445594972,0.5692567445594972
HHH_rd4_0124.pdb,L11G,10,1.5934120321120773,1.9583329,0.3649208641205277,0.3649208641205277
HHH_rd4_0124.pdb,L11M,10,0.298409448117666,0.37409627,0.07568682625824952,0.07568682625824952
HHH_rd4_0124.pdb,L11V,10,1.6494554316589043,1.1611297,-0.4883257186004326,0.4883257186004326
HHH_rd4_0124.pdb,L11I,10,1.197652869602302,0.67579913,-0.5218537382088695,0.5218537382088695
HHH_rd4_0124.pdb,L11W,10,0.6242033876204265,0.62822217,0.004018779871486355,0.004018779871486355
HHH_rd4_0124.pdb,L11Y,10,0.5666152402817692,0.550348,-0.016267256444641554,0.016267256444641554
HHH_rd4_0124.pdb,L11F,10,0.5691339595405225,0.6435552,0.0744212644012805,0.0744212644012805
HHH_rd4_0124.pdb,L11P,10,2.0661505711068187,2.283251,0.21710047602758076,0.21710047602758076
HHH_rd4_0124.pdb,L11C,10,0.0494491530529304,0.6776421,0.6281929539569573,0.6281929539569573
HHH_rd4_0124.pdb,Q12E,11,0.8049510114614047,0.5392424,-0.26570862464347256,0.26570862464347256
HHH_rd4_0124.pdb,Q12N,11,0.3810698091594935,0.66225505,0.28118523959233754,0.28118523959233754
HHH_rd4_0124.pdb,Q12H,11,-0.1029998345975065,0.31857854,0.4215783758763456,0.4215783758763456
HHH_rd4_0124.pdb,Q12D,11,0.6499563995065607,0.9968016,0.34684521525479184,0.34684521525479184
HHH_rd4_0124.pdb,Q12R,11,0.1878699368033047,-0.3339409,-0.521810830214941,0.521810830214941
HHH_rd4_0124.pdb,Q12K,11,0.4069670893111028,-0.14359644,-0.550563529864768,0.550563529864768
HHH_rd4_0124.pdb,Q12T,11,0.1267846988631791,0.3714298,0.24464510212406454,0.24464510212406454
HHH_rd4_0124.pdb,Q12S,11,0.2175525430316953,0.38551033,0.16795778240012843,0.16795778240012843
HHH_rd4_0124.pdb,Q12A,11,0.1636105220615549,-0.005671829,-0.16928235104676914,0.16928235104676914
HHH_rd4_0124.pdb,Q12G,11,0.7215521747715723,0.8747541,0.15320189646408444,0.15320189646408444
HHH_rd4_0124.pdb,Q12M,11,-0.8969203594036805,-0.32899377,0.5679265919037568,0.5679265919037568
HHH_rd4_0124.pdb,Q12L,11,-1.1156733241393828,-0.18182424,0.9338490870311522,0.9338490870311522
HHH_rd4_0124.pdb,Q12V,11,-0.3194220603973254,0.24680743,0.5662294866115436,0.5662294866115436
HHH_rd4_0124.pdb,Q12I,11,-0.6433048068216964,-0.21083033,0.4324744759730026,0.4324744759730026
HHH_rd4_0124.pdb,Q12W,11,-1.0838990665696404,-0.04511109,1.038787976624801,1.038787976624801
HHH_rd4_0124.pdb,Q12Y,11,-0.8391035280792452,-0.08857468,0.7505288503734804,0.7505288503734804
HHH_rd4_0124.pdb,Q12F,11,-0.9950732898583798,-0.11704454,0.8780287515988736,0.8780287515988736
HHH_rd4_0124.pdb,Q12P,11,1.7224647146871832,2.1581538,0.43568905766694277,0.43568905766694277
HHH_rd4_0124.pdb,K13Q,12,0.3234593495119868,0.08815685,-0.2353025003660975,0.2353025003660975
HHH_rd4_0124.pdb,K13E,12,0.4957428422091807,0.18146451,-0.3142783340333308,0.3142783340333308
HHH_rd4_0124.pdb,K13N,12,0.3901686960785604,0.2893497,-0.1008189910977102,0.1008189910977102
HHH_rd4_0124.pdb,K13H,12,0.431939492991497,0.31202322,-0.11991627054505533,0.11991627054505533
HHH_rd4_0124.pdb,K13D,12,0.5795356394715043,0.31375957,-0.26577607411811077,0.26577607411811077
HHH_rd4_0124.pdb,K13R,12,0.0990460412324232,0.114709005,0.01566296352736532,0.01566296352736532
HHH_rd4_0124.pdb,K13T,12,0.4731787292553551,0.256536,-0.21664272232786486,0.21664272232786486
HHH_rd4_0124.pdb,K13S,12,0.2835400992392867,0.15848468,-0.12505541679852894,0.12505541679852894
HHH_rd4_0124.pdb,K13A,12,0.2686836147465967,-0.020237654,-0.28892126919415223,0.28892126919415223
HHH_rd4_0124.pdb,K13G,12,0.4599006911749967,0.32797274,-0.13192795124007545,0.13192795124007545
HHH_rd4_0124.pdb,K13M,12,0.2589031555237686,0.11801773,-0.14088542242669216,0.14088542242669216
HHH_rd4_0124.pdb,K13L,12,0.1948619987135855,0.112359956,-0.08250204280671752,0.08250204280671752
HHH_rd4_0124.pdb,K13V,12,0.4955118487493473,0.46693698,-0.028574873031802728,0.028574873031802728
HHH_rd4_0124.pdb,K13I,12,0.381301795265166,0.3687894,-0.012512390634504988,0.012512390634504988
HHH_rd4_0124.pdb,K13W,12,0.4130968737095768,0.32780606,-0.08529081816376993,0.08529081816376993
HHH_rd4_0124.pdb,K13Y,12,0.4332496729809347,0.39664716,-0.036602517696053105,0.036602517696053105
HHH_rd4_0124.pdb,K13F,12,0.3994622464068056,0.44346094,0.043998694907891656,0.043998694907891656
HHH_rd4_0124.pdb,K13P,12,1.862396841847419,1.0374727,-0.8249241169328683,0.8249241169328683
HHH_rd4_0124.pdb,K13C,12,-0.1579273956445666,0.03306499,0.19099238688029962,0.19099238688029962
HHH_rd4_0124.pdb,R14Q,13,0.4304774663092165,0.07352573,-0.35695173951402,0.35695173951402
HHH_rd4_0124.pdb,R14E,13,0.5378107252981328,0.40197754,-0.13583318623563279,0.13583318623563279
HHH_rd4_0124.pdb,R14N,13,0.4190435857799719,0.39107525,-0.027968332293338616,0.027968332293338616
HHH_rd4_0124.pdb,R14H,13,0.4677957638763357,0.19501783,-0.27277793433894404,0.27277793433894404
HHH_rd4_0124.pdb,R14D,13,0.7389465585946808,0.7877849,0.048838315844558666,0.048838315844558666
HHH_rd4_0124.pdb,R14K,13,0.3403995086342506,-0.012852788,-0.3532522966057472,0.3532522966057472
HHH_rd4_0124.pdb,R14T,13,0.6171353720998594,0.35045898,-0.26667639249323094,0.26667639249323094
HHH_rd4_0124.pdb,R14S,13,0.4931138312701419,0.37840378,-0.11471004842559845,0.11471004842559845
HHH_rd4_0124.pdb,R14A,13,0.3570664204455505,0.15016274,-0.206903678903688,0.206903678903688
HHH_rd4_0124.pdb,R14G,13,0.6261490942471062,0.5462111,-0.07993797078061449,0.07993797078061449
HHH_rd4_0124.pdb,R14M,13,0.2673613064089255,-0.14630601,-0.41366731450943517,0.41366731450943517
HHH_rd4_0124.pdb,R14L,13,0.2540968492599038,-0.18939438,-0.44349123388247763,0.44349123388247763
HHH_rd4_0124.pdb,R14V,13,0.596456562111128,0.3056335,-0.29082307679389774,0.29082307679389774
HHH_rd4_0124.pdb,R14I,13,0.4636520971541471,0.11538467,-0.348267429042346,0.348267429042346
HHH_rd4_0124.pdb,R14W,13,0.2147683706696899,0.11468908,-0.10007928876241756,0.10007928876241756
HHH_rd4_0124.pdb,R14Y,13,0.3527778068066216,0.13972442,-0.21305338828569415,0.21305338828569415
HHH_rd4_0124.pdb,R14F,13,0.2742181422032788,0.13536035,-0.13885779695887113,0.13885779695887113
HHH_rd4_0124.pdb,R14P,13,1.3654241089467285,1.5561638,0.19073967889506838,0.19073967889506838
HHH_rd4_0124.pdb,G15Q,14,0.7041161043981392,0.8953027,0.19118660851918867,0.19118660851918867
HHH_rd4_0124.pdb,G15E,14,0.9939299137500666,1.2037344,0.20980448413811703,0.20980448413811703
HHH_rd4_0124.pdb,G15N,14,0.534545937884668,0.59551,0.06096406806625976,0.06096406806625976
HHH_rd4_0124.pdb,G15H,14,0.46286174410062,0.8184093,0.3555475795917018,0.3555475795917018
HHH_rd4_0124.pdb,G15D,14,0.9621959366436472,0.9410902,-0.02110571047024634,0.02110571047024634
HHH_rd4_0124.pdb,G15R,14,0.5893054896052068,1.1229417,0.5336362428014094,0.5336362428014094
HHH_rd4_0124.pdb,G15K,14,0.5302682070777247,0.977555,0.4472867698624303,0.4472867698624303
HHH_rd4_0124.pdb,G15T,14,1.170983454933504,1.3910697,0.22008619571652033,0.22008619571652033
HHH_rd4_0124.pdb,G15S,14,0.8182588024357187,0.9841018,0.16584296987263092,0.16584296987263092
HHH_rd4_0124.pdb,G15A,14,0.8155686154512751,1.0488362,0.23326761578041433,0.23326761578041433
HHH_rd4_0124.pdb,G15M,14,0.7070207041520209,1.0530381,0.3460174161177545,0.3460174161177545
HHH_rd4_0124.pdb,G15L,14,0.7257457159395295,1.0911887,0.3654429532651824,0.3654429532651824
HHH_rd4_0124.pdb,G15V,14,1.1611446215101138,1.5910974,0.42995273337880224,0.42995273337880224
HHH_rd4_0124.pdb,G15I,14,1.106863405376901,1.6398599,0.532996509402762,0.532996509402762
HHH_rd4_0124.pdb,G15W,14,0.6553273068818928,1.0233701,0.36804283986951103,0.36804283986951103
HHH_rd4_0124.pdb,G15Y,14,0.6845505979703479,1.0122306,0.32768003671898316,0.32768003671898316
HHH_rd4_0124.pdb,G15F,14,0.7012975298010948,0.87229383,0.17099630011681288,0.17099630011681288
HHH_rd4_0124.pdb,G15P,14,1.1176155288659924,1.7179279,0.6003124038732655,0.6003124038732655
HHH_rd4_0124.pdb,G15C,14,-0.2381567619248497,0.4164052,0.6545619628831016,0.6545619628831016
HHH_rd4_0124.pdb,V16Q,15,0.7605326838608719,0.83057153,0.07003884838857877,0.07003884838857877
HHH_rd4_0124.pdb,V16E,15,0.7266907521523258,1.0916243,0.36493350779640465,0.36493350779640465
HHH_rd4_0124.pdb,V16N,15,0.6438677358725513,1.1352911,0.49142336367578854,0.49142336367578854
HHH_rd4_0124.pdb,V16H,15,0.2112687139666051,0.58389306,0.37262434671759903,0.37262434671759903
HHH_rd4_0124.pdb,V16D,15,1.1355052378003734,1.3397557,0.2042504165346486,0.2042504165346486
HHH_rd4_0124.pdb,V16R,15,0.4537893803489399,0.9871956,0.5334062306511211,0.5334062306511211
HHH_rd4_0124.pdb,V16K,15,0.3507885694618884,0.947,0.5962114572409924,0.5962114572409924
HHH_rd4_0124.pdb,V16T,15,0.5483035565702352,0.5218743,-0.026429247984114612,0.026429247984114612
HHH_rd4_0124.pdb,V16S,15,0.6651322862616704,0.9520343,0.2869020083435847,0.2869020083435847
HHH_rd4_0124.pdb,V16A,15,0.3513430263150252,0.787001,0.43565798744077316,0.43565798744077316
HHH_rd4_0124.pdb,V16G,15,1.1704470996460743,1.3899629,0.21951581195976066,0.21951581195976066
HHH_rd4_0124.pdb,V16M,15,0.1215899459948059,0.30759206,0.1860021181474213,0.1860021181474213
HHH_rd4_0124.pdb,V16L,15,0.0779839086787235,0.2551641,0.17718017813997156,0.17718017813997156
HHH_rd4_0124.pdb,V16I,15,0.2114386244025428,-0.16422045,-0.3756590767111976,0.3756590767111976
HHH_rd4_0124.pdb,V16W,15,0.0611891521604515,0.033717155,-0.027471996703908534,0.027471996703908534
HHH_rd4_0124.pdb,V16Y,15,-0.005051064024059,-0.022820294,-0.01776922987929183,0.01776922987929183
HHH_rd4_0124.pdb,V16F,15,0.0962329737760596,0.05669284,-0.03954013510723636,0.03954013510723636
HHH_rd4_0124.pdb,V16P,15,1.4679692317600874,1.448545,-0.01942425266462844,0.01942425266462844
HHH_rd4_0124.pdb,V16C,15,-0.4713213218530347,0.014184475,0.4855057967981031,0.4855057967981031
HHH_rd4_0124.pdb,S17Q,16,0.5851752733015056,0.70926106,0.12408578645954171,0.12408578645954171
HHH_rd4_0124.pdb,S17E,16,0.6358858331953541,0.6911018,0.05521595627913323,0.05521595627913323
HHH_rd4_0124.pdb,S17N,16,0.4786128422259297,0.42063233,-0.057980509662529434,0.057980509662529434
HHH_rd4_0124.pdb,S17H,16,0.5043275836401566,0.7077166,0.20338900056547082,0.20338900056547082
HHH_rd4_0124.pdb,S17D,16,0.4229924435526171,0.396151,-0.026841437330845874,0.026841437330845874
HHH_rd4_0124.pdb,S17R,16,0.4923197253657252,0.7654355,0.2731157914685338,0.2731157914685338
HHH_rd4_0124.pdb,S17K,16,0.5315561230340962,0.67097443,0.13941831038799246,0.13941831038799246
HHH_rd4_0124.pdb,S17T,16,0.2252558905859547,0.029810667,-0.19544522354799082,0.19544522354799082
HHH_rd4_0124.pdb,S17A,16,0.4965212536413788,0.49291214,-0.0036091101725219676,0.0036091101725219676
HHH_rd4_0124.pdb,S17G,16,0.4363122186903045,0.5429895,0.10667727372607733,0.10667727372607733
HHH_rd4_0124.pdb,S17M,16,0.6377508802493734,0.8112932,0.17354230450785924,0.17354230450785924
HHH_rd4_0124.pdb,S17L,16,0.5687954618325104,0.73981744,0.17102197867728575,0.17102197867728575
HHH_rd4_0124.pdb,S17V,16,0.6883485715606441,0.75318253,0.0648339588424931,0.0648339588424931
HHH_rd4_0124.pdb,S17I,16,0.8427917010435888,0.8605202,0.017728482996480777,0.017728482996480777
HHH_rd4_0124.pdb,S17W,16,0.8918091919410396,0.8318447,-0.05996450447918655,0.05996450447918655
HHH_rd4_0124.pdb,S17Y,16,0.9750414439137156,0.79510874,-0.17993270835234476,0.17993270835234476
HHH_rd4_0124.pdb,S17F,16,0.8913611768411771,0.8824079,-0.008953273169912457,0.008953273169912457
HHH_rd4_0124.pdb,S17P,16,0.3769726271318465,0.46223283,0.0852602010084123,0.0852602010084123
HHH_rd4_0124.pdb,Q18E,17,0.0810931403408639,-0.17273092,-0.2538240630398385,0.2538240630398385
HHH_rd4_0124.pdb,Q18N,17,0.0308886160074877,0.29059646,0.25970783932812935,0.25970783932812935
HHH_rd4_0124.pdb,Q18H,17,0.2066522023018093,0.003986161,-0.202666041099617,0.202666041099617
HHH_rd4_0124.pdb,Q18D,17,-0.1533005868392838,0.09527431,0.24857489367302785,0.24857489367302785
HHH_rd4_0124.pdb,Q18R,17,0.1805067119232632,0.31053028,0.13002356318316685,0.13002356318316685
HHH_rd4_0124.pdb,Q18K,17,0.2100706367857692,0.25855672,0.04848608680889632,0.04848608680889632
HHH_rd4_0124.pdb,Q18T,17,-0.1952430168992711,0.065109044,0.2603520612127019,0.2603520612127019
HHH_rd4_0124.pdb,Q18S,17,0.1969194965172811,0.1411396,-0.05577989981661277,0.05577989981661277
HHH_rd4_0124.pdb,Q18A,17,0.1011390408789176,-0.13276821,-0.2339072546278495,0.2339072546278495
HHH_rd4_0124.pdb,Q18G,17,0.3479025999441292,0.37922645,0.0313238462076042,0.0313238462076042
HHH_rd4_0124.pdb,Q18M,17,-0.4189955835354151,-0.066271074,0.3527245094191851,0.3527245094191851
HHH_rd4_0124.pdb,Q18L,17,-0.8756080741673549,-0.14775443,0.7278536433964808,0.7278536433964808
HHH_rd4_0124.pdb,Q18V,17,-0.5092823451379715,-0.18397745,0.32530489023722997,0.32530489023722997
HHH_rd4_0124.pdb,Q18I,17,-0.7633349721646525,-0.18955821,0.5737767641759135,0.5737767641759135
HHH_rd4_0124.pdb,Q18W,17,-0.4950776240915087,-0.44091216,0.054165466794374284,0.054165466794374284
HHH_rd4_0124.pdb,Q18Y,17,-0.3241499155195975,-0.29529664,0.02885327631557222,0.02885327631557222
HHH_rd4_0124.pdb,Q18F,17,-0.3803782950692211,-0.23480183,0.14557646620798453,0.14557646620798453
HHH_rd4_0124.pdb,Q18P,17,0.1584049682517916,0.16705868,0.008653708229455354,0.008653708229455354
HHH_rd4_0124.pdb,Q18C,17,-0.8825025397327402,-0.3109213,0.5715812283542612,0.5715812283542612
HHH_rd4_0124.pdb,E19Q,18,0.257889114212311,0.21171811,-0.046171001982010074,0.046171001982010074
HHH_rd4_0124.pdb,E19N,18,0.4393658917713263,0.40950394,-0.029861955003748164,0.029861955003748164
HHH_rd4_0124.pdb,E19H,18,0.2685503767139556,0.34134564,0.07279526132277231,0.07279526132277231
HHH_rd4_0124.pdb,E19D,18,0.2235928609697872,0.2488458,0.025252939787620943,0.025252939787620943
HHH_rd4_0124.pdb,E19R,18,0.18357442225044,0.40761566,0.22404123937065376,0.22404123937065376
HHH_rd4_0124.pdb,E19K,18,0.260738030465961,0.2953056,0.03456757923710296,0.03456757923710296
HHH_rd4_0124.pdb,E19T,18,0.3480543024635161,0.28051487,-0.06753943634985338,0.06753943634985338
HHH_rd4_0124.pdb,E19S,18,0.2098109803997199,0.26550967,0.055698684612639715,0.055698684612639715
HHH_rd4_0124.pdb,E19A,18,0.2059094863456585,0.072677284,-0.13323220186651727,0.13323220186651727
HHH_rd4_0124.pdb,E19G,18,0.3427119252064605,0.40257865,0.059866726698599326,0.059866726698599326
HHH_rd4_0124.pdb,E19M,18,0.2587025296668499,0.31304643,0.05434389591412847,0.05434389591412847
HHH_rd4_0124.pdb,E19L,18,0.2498837883790512,0.24072099,-0.009162801059104914,0.009162801059104914
HHH_rd4_0124.pdb,E19V,18,0.3479540921384505,0.20683193,-0.14112216007057943,0.14112216007057943
HHH_rd4_0124.pdb,E19I,18,0.3365789572725204,0.27760074,-0.05897822184657131,0.05897822184657131
HHH_rd4_0124.pdb,E19W,18,0.0202047569058676,0.25627336,0.23606860215441988,0.23606860215441988
HHH_rd4_0124.pdb,E19Y,18,0.1034704729292428,0.34796128,0.24449080384039526,0.24449080384039526
HHH_rd4_0124.pdb,E19F,18,0.2043531245360215,0.40106013,0.19670700963641807,0.19670700963641807
HHH_rd4_0124.pdb,E19P,18,0.5546728690526219,0.5803641,0.025691239033010405,0.025691239033010405
HHH_rd4_0124.pdb,E20Q,19,0.4096308452437782,0.32823554,-0.08139530843004222,0.08139530843004222
HHH_rd4_0124.pdb,E20N,19,0.4077965641380972,0.9226762,0.5148796414969736,0.5148796414969736
HHH_rd4_0124.pdb,E20H,19,0.4940970083799951,0.8397771,0.345680103627146,0.345680103627146
HHH_rd4_0124.pdb,E20D,19,0.2870952676808274,0.51673883,0.22964356431609034,0.22964356431609034
HHH_rd4_0124.pdb,E20R,19,0.4756092309025836,0.89238274,0.41677351007184266,0.41677351007184266
HHH_rd4_0124.pdb,E20K,19,0.464713089873342,0.7226355,0.2579224177102762,0.2579224177102762
HHH_rd4_0124.pdb,E20T,19,0.4425093204465427,0.66406107,0.22155174904198272,0.22155174904198272
HHH_rd4_0124.pdb,E20S,19,0.4717136683743317,0.7055323,0.23381864401885677,0.23381864401885677
HHH_rd4_0124.pdb,E20A,19,0.3626352038984162,0.22176975,-0.14086545378016058,0.14086545378016058
HHH_rd4_0124.pdb,E20G,19,0.4819975346932419,1.1734871,0.6914895325293533,0.6914895325293533
HHH_rd4_0124.pdb,E20M,19,0.2650024180384647,0.43869713,0.17369471144952664,0.17369471144952664
HHH_rd4_0124.pdb,E20L,19,0.4653171143978265,0.5719225,0.10660536666220155,0.10660536666220155
HHH_rd4_0124.pdb,E20V,19,0.4065085425673638,0.59246516,0.18595661970985788,0.18595661970985788
HHH_rd4_0124.pdb,E20I,19,0.5361408072260103,0.6504564,0.11431562130182171,0.11431562130182171
HHH_rd4_0124.pdb,E20W,19,0.1586995296982205,0.5807451,0.42204557127681613,0.42204557127681613
HHH_rd4_0124.pdb,E20Y,19,0.3821631079120722,0.6938598,0.311696707685462,0.311696707685462
HHH_rd4_0124.pdb,E20F,19,0.4651409829629604,0.68153894,0.21639795651305277,0.21639795651305277
HHH_rd4_0124.pdb,E20P,19,2.6394268049454808,1.9816417,-0.6577851547455906,0.6577851547455906
HHH_rd4_0124.pdb,E20C,19,-0.4259706623883128,0.33190647,0.7578771300644755,0.7578771300644755
HHH_rd4_0124.pdb,I21Q,20,1.3100557576214875,1.838006,0.5279502619707976,0.5279502619707976
HHH_rd4_0124.pdb,I21E,20,2.438113256760929,2.3635483,-0.07456497795233519,0.07456497795233519
HHH_rd4_0124.pdb,I21N,20,2.291964591218122,2.6202755,0.3283109062184013,0.3283109062184013
HHH_rd4_0124.pdb,I21H,20,2.0035037916967746,2.2605941,0.2570903378656033,0.2570903378656033
HHH_rd4_0124.pdb,I21D,20,2.601104946368376,2.5177362,-0.08336874985043163,0.08336874985043163
HHH_rd4_0124.pdb,I21R,20,1.506952488823368,2.2913716,0.7844190951152306,0.7844190951152306
HHH_rd4_0124.pdb,I21K,20,1.724751913045069,2.3405466,0.6157946949261224,0.6157946949261224
HHH_rd4_0124.pdb,I21T,20,1.253338746961686,1.9395876,0.6862488461169274,0.6862488461169274
HHH_rd4_0124.pdb,I21S,20,1.6485200815961043,2.2240787,0.5755585736468156,0.5755585736468156
HHH_rd4_0124.pdb,I21A,20,0.706497713698637,1.6244571,0.9179594071967487,0.9179594071967487
HHH_rd4_0124.pdb,I21G,20,1.7362062092545685,2.5205107,0.7843044642683807,0.7843044642683807
HHH_rd4_0124.pdb,I21M,20,0.2826869278719763,0.8439049,0.5612179845997949,0.5612179845997949
HHH_rd4_0124.pdb,I21L,20,0.4344928692113199,0.744311,0.30981810586344816,0.30981810586344816
HHH_rd4_0124.pdb,I21V,20,0.7089094422080218,0.82741374,0.1185042955658735,0.1185042955658735
HHH_rd4_0124.pdb,I21W,20,0.3672061401215212,1.6097362,1.2425300640258177,1.2425300640258177
HHH_rd4_0124.pdb,I21Y,20,0.6999044297528971,1.6756898,0.9757853867220174,0.9757853867220174
HHH_rd4_0124.pdb,I21F,20,0.3535831616851459,1.1637489,0.810165698674046,0.810165698674046
HHH_rd4_0124.pdb,I21P,20,2.3631036386760598,2.9243402,0.5612366094318504,0.5612366094318504
HHH_rd4_0124.pdb,I21C,20,-0.2363782344646285,1.3083502,1.5447284398860763,1.5447284398860763
HHH_rd4_0124.pdb,Q22E,21,0.2866139852154792,0.41834652,0.13173253902310722,0.13173253902310722
HHH_rd4_0124.pdb,Q22N,21,0.5382148062421102,1.371537,0.8333221638964396,0.8333221638964396
HHH_rd4_0124.pdb,Q22H,21,0.333912218080465,0.834748,0.5008358116283973,0.5008358116283973
HHH_rd4_0124.pdb,Q22D,21,0.8682858600092125,1.5075674,0.6392815456914711,0.6392815456914711
HHH_rd4_0124.pdb,Q22R,21,-0.0482710267180521,0.47760275,0.5258737767809946,0.5258737767809946
HHH_rd4_0124.pdb,Q22K,21,-0.0901512175306866,0.44337857,0.5335297852263042,0.5335297852263042
HHH_rd4_0124.pdb,Q22T,21,0.1097551845272335,0.73238766,0.6226324774066654,0.6226324774066654
HHH_rd4_0124.pdb,Q22S,21,0.2460632910915896,0.90890086,0.6628375658801511,0.6628375658801511
HHH_rd4_0124.pdb,Q22A,21,0.1014355496958705,0.5923444,0.49090885357103625,0.49090885357103625
HHH_rd4_0124.pdb,Q22G,21,0.3715318496764253,1.4657202,1.094188327020352,1.094188327020352
HHH_rd4_0124.pdb,Q22M,21,-0.3506850052550068,0.025627494,0.3763124991133442,0.3763124991133442
HHH_rd4_0124.pdb,Q22L,21,-0.2064734583856349,0.009182215,0.2156556731225734,0.2156556731225734
HHH_rd4_0124.pdb,Q22V,21,-0.3926570742884447,0.36837146,0.7610285311499407,0.7610285311499407
HHH_rd4_0124.pdb,Q22I,21,-0.4766779440319502,0.04362297,0.5203009146130049,0.5203009146130049
HHH_rd4_0124.pdb,Q22W,21,-0.0355660565689845,0.59861743,0.6341834910706324,0.6341834910706324
HHH_rd4_0124.pdb,Q22Y,21,-0.360313027090019,0.55515224,0.9154652645053327,0.9154652645053327
HHH_rd4_0124.pdb,Q22F,21,-0.4459376178041008,0.534322,0.9802596411958244,0.9802596411958244
HHH_rd4_0124.pdb,Q22P,21,0.7430981925082847,2.3033333,1.5602350899624184,1.5602350899624184
HHH_rd4_0124.pdb,R23Q,22,0.3206110385360259,0.18138531,-0.1392257300319213,0.1392257300319213
HHH_rd4_0124.pdb,R23E,22,0.3444994533390366,0.3088365,-0.03566296342318881,0.03566296342318881
HHH_rd4_0124.pdb,R23N,22,0.2860283679271711,0.36460873,0.07858036691894399,0.07858036691894399
HHH_rd4_0124.pdb,R23H,22,0.3766712182102625,0.37034702,-0.006324195200008598,0.006324195200008598
HHH_rd4_0124.pdb,R23D,22,0.5255688295871264,0.5426169,0.017048074194764506,0.017048074194764506
HHH_rd4_0124.pdb,R23K,22,0.3951760786302667,0.09899004,-0.2961860405929666,0.2961860405929666
HHH_rd4_0124.pdb,R23T,22,0.3739217017566048,0.3469561,-0.0269655977164589,0.0269655977164589
HHH_rd4_0124.pdb,R23S,22,0.3694170707676678,0.36744428,-0.001972793957975394,0.001972793957975394
HHH_rd4_0124.pdb,R23A,22,0.292522579228901,0.19314854,-0.09937404075863276,0.09937404075863276
HHH_rd4_0124.pdb,R23G,22,0.578783418725094,0.76957726,0.19079384606067262,0.19079384606067262
HHH_rd4_0124.pdb,R23M,22,0.2670715622721165,0.11905658,-0.14801497982124978,0.14801497982124978
HHH_rd4_0124.pdb,R23L,22,0.2291390309643532,0.13327104,-0.09586799243209612,0.09586799243209612
HHH_rd4_0124.pdb,R23V,22,0.4033294254027348,0.37618843,-0.027140998192880683,0.027140998192880683
HHH_rd4_0124.pdb,R23I,22,0.3833545716416284,0.1587864,-0.22456817048901762,0.22456817048901762
HHH_rd4_0124.pdb,R23W,22,0.3640738682140554,0.29079986,-0.07327401202814232,0.07327401202814232
HHH_rd4_0124.pdb,R23Y,22,0.3179676889972467,0.3022064,-0.01576129194066711,0.01576129194066711
HHH_rd4_0124.pdb,R23F,22,0.3797471102784742,0.35885558,-0.02089153495536933,0.02089153495536933
HHH_rd4_0124.pdb,R23P,22,2.1105427336119136,1.813497,-0.2970457863234004,0.2970457863234004
HHH_rd4_0124.pdb,R23C,22,-0.2849065560056478,0.13518684,0.4200933921291143,0.4200933921291143
HHH_rd4_0124.pdb,I24Q,23,0.5028941240590388,1.0068519,0.503957787485761,0.503957787485761
HHH_rd4_0124.pdb,I24E,23,0.6410692797106112,1.1178026,0.4767333402234708,0.4767333402234708
HHH_rd4_0124.pdb,I24N,23,1.187933933761153,1.4156985,0.22776459452864195,0.22776459452864195
HHH_rd4_0124.pdb,I24H,23,0.6041847065768713,0.9592679,0.35508320771832524,0.35508320771832524
HHH_rd4_0124.pdb,I24D,23,1.5926337766434546,1.4354756,-0.157158188798606,0.157158188798606
HHH_rd4_0124.pdb,I24R,23,0.4944836941464532,1.1982312,0.7037475260989081,0.7037475260989081
HHH_rd4_0124.pdb,I24K,23,0.9582552399446777,1.2577815,0.29952626564003915,0.29952626564003915
HHH_rd4_0124.pdb,I24T,23,0.6047650511627802,0.92949224,0.3247271840209356,0.3247271840209356
HHH_rd4_0124.pdb,I24S,23,1.0357561466034684,1.2312561,0.19549998075401454,0.19549998075401454
HHH_rd4_0124.pdb,I24A,23,0.6127457634682414,0.96502066,0.35227489311745197,0.35227489311745197
HHH_rd4_0124.pdb,I24G,23,1.6086382304231952,1.59424,-0.014398280243141492,0.014398280243141492
HHH_rd4_0124.pdb,I24M,23,0.2628985728813602,0.51666737,0.2537687931464718,0.2537687931464718
HHH_rd4_0124.pdb,I24L,23,0.2393161084426076,0.39540753,0.15609141924255782,0.15609141924255782
HHH_rd4_0124.pdb,I24V,23,0.4882827593594887,0.42295572,-0.06532703774274373,0.06532703774274373
HHH_rd4_0124.pdb,I24W,23,0.2199978582679091,0.4285394,0.20854153706442732,0.20854153706442732
HHH_rd4_0124.pdb,I24Y,23,0.2782275602763655,0.38426232,0.10603476310315108,0.10603476310315108
HHH_rd4_0124.pdb,I24F,23,0.3325412356594885,0.32895893,-0.0035823070744360197,0.0035823070744360197
HHH_rd4_0124.pdb,I24C,23,-0.0129023936543524,0.4533457,0.4662480798516333,0.4662480798516333
HHH_rd4_0124.pdb,L25Q,24,2.276111033295646,2.2008498,-0.07526126179601222,0.07526126179601222
HHH_rd4_0124.pdb,L25E,24,2.386870753983751,2.4526923,0.06582151629517963,0.06582151629517963
HHH_rd4_0124.pdb,L25N,24,2.229081330936131,2.244205,0.01512366708022661,0.01512366708022661
HHH_rd4_0124.pdb,L25H,24,2.0652949074187417,2.0681744,0.002879454763875522,0.002879454763875522
HHH_rd4_0124.pdb,L25R,24,1.6800937265899158,2.429802,0.7497082143280529,0.7497082143280529
HHH_rd4_0124.pdb,L25K,24,2.110420809014601,2.3541558,0.24373496987028664,0.24373496987028664
HHH_rd4_0124.pdb,L25T,24,1.303324651611958,1.9585047,0.6551800252068896,0.6551800252068896
HHH_rd4_0124.pdb,L25S,24,1.791856814649376,2.125452,0.3335952269766005,0.3335952269766005
HHH_rd4_0124.pdb,L25A,24,0.9354988399530532,1.8492677,0.9137688812230943,0.9137688812230943
HHH_rd4_0124.pdb,L25G,24,2.002792072296934,2.0841906,0.08139853477398873,0.08139853477398873
HHH_rd4_0124.pdb,L25M,24,0.4502847054960608,0.96843827,0.5181535622117639,0.5181535622117639
HHH_rd4_0124.pdb,L25V,24,1.2475124475924932,1.4615885,0.21407605433774357,0.21407605433774357
HHH_rd4_0124.pdb,L25I,24,1.210158452075715,1.1074556,-0.10270284084677206,0.10270284084677206
HHH_rd4_0124.pdb,L25W,24,1.98141145633874,1.8113436,-0.17006790565667207,0.17006790565667207
HHH_rd4_0124.pdb,L25Y,24,1.527800669357323,1.8181797,0.290379057243324,0.290379057243324
HHH_rd4_0124.pdb,L25F,24,0.9868094306280476,1.6477895,0.6609800476739544,0.6609800476739544
HHH_rd4_0124.pdb,L25P,24,2.2598605730391865,2.3377297,0.07786911941991992,0.07786911941991992
HHH_rd4_0124.pdb,L25C,24,-0.0423631094865115,1.239193,1.281556072132996,1.281556072132996
HHH_rd4_0124.pdb,K26Q,25,0.2399472085979976,0.07692637,-0.1630208356526889,0.1630208356526889
HHH_rd4_0124.pdb,K26E,25,0.2971683741601798,0.21327597,-0.08389240513170693,0.08389240513170693
HHH_rd4_0124.pdb,K26N,25,0.4775545490607698,0.33709294,-0.14046161302179883,0.14046161302179883
HHH_rd4_0124.pdb,K26H,25,0.292132141590971,0.05747474,-0.2346574017414036,0.2346574017414036
HHH_rd4_0124.pdb,K26D,25,0.7143683236458291,0.734653,0.020284672417403282,0.020284672417403282
HHH_rd4_0124.pdb,K26R,25,0.1566704045277929,-0.13977501,-0.29644541249097345,0.29644541249097345
HHH_rd4_0124.pdb,K26T,25,0.0400223886764437,-0.018486395,-0.058508784154692295,0.058508784154692295
HHH_rd4_0124.pdb,K26S,25,0.15762084350184,0.27754527,0.1199244298021456,0.1199244298021456
HHH_rd4_0124.pdb,K26A,25,0.1124545590917687,0.088991314,-0.02346324491902395,0.02346324491902395
HHH_rd4_0124.pdb,K26G,25,0.4562121458310464,0.9927487,0.5365365318995139,0.5365365318995139
HHH_rd4_0124.pdb,K26M,25,-0.1412063835336148,-0.5435271,-0.40232074277864105,0.40232074277864105
HHH_rd4_0124.pdb,K26L,25,-0.4295267769864141,-0.7826633,-0.35313650874585517,0.35313650874585517
HHH_rd4_0124.pdb,K26V,25,-0.2102308186460215,-0.23838681,-0.028155991179875717,0.028155991179875717
HHH_rd4_0124.pdb,K26I,25,-0.2468091116498165,-0.53590447,-0.289095355456049,0.289095355456049
HHH_rd4_0124.pdb,K26W,25,0.0692961621734107,-0.51770294,-0.5869990992995704,0.5869990992995704
HHH_rd4_0124.pdb,K26Y,25,-0.0265977008574214,-0.45403752,-0.42743981645176743,0.42743981645176743
HHH_rd4_0124.pdb,K26F,25,-0.0498654297327261,-0.3016096,-0.2517441758180399,0.2517441758180399
HHH_rd4_0124.pdb,K26P,25,1.525341870143313,1.9735563,0.4482144099927954,0.4482144099927954
HHH_rd4_0124.pdb,K26C,25,-0.5977567293948447,-0.4794223,0.11833442834084384,0.11833442834084384
HHH_rd4_0124.pdb,R27Q,26,0.3807032799781036,0.07058193,-0.31012135208255764,0.31012135208255764
HHH_rd4_0124.pdb,R27E,26,0.4151164122857331,0.11804202,-0.2970743902959107,0.2970743902959107
HHH_rd4_0124.pdb,R27N,26,0.4919264401332375,0.17213088,-0.31979555739321675,0.31979555739321675
HHH_rd4_0124.pdb,R27H,26,0.4333431746512839,0.20416765,-0.2291755255013892,0.2291755255013892
HHH_rd4_0124.pdb,R27D,26,0.5321364703904456,0.2346157,-0.2975207719336814,0.2975207719336814
HHH_rd4_0124.pdb,R27K,26,0.3442078455161055,-0.0073555857,-0.35156343121041855,0.35156343121041855
HHH_rd4_0124.pdb,R27T,26,0.5689941155468821,0.28132647,-0.28766764278763524,0.28766764278763524
HHH_rd4_0124.pdb,R27S,26,0.3432299459334165,0.1184914,-0.22473854962547124,0.22473854962547124
HHH_rd4_0124.pdb,R27A,26,0.1623276116553669,-0.13112089,-0.29344850203431894,0.29344850203431894
HHH_rd4_0124.pdb,R27G,26,0.4788406563450078,0.31692684,-0.16191381937753951,0.16191381937753951
HHH_rd4_0124.pdb,R27M,26,0.1576916898497791,-0.005715117,-0.16340680670826147,0.16340680670826147
HHH_rd4_0124.pdb,R27L,26,0.1935222151923616,0.036215395,-0.1573068204570253,0.1573068204570253
HHH_rd4_0124.pdb,R27V,26,0.4457929349313996,0.39940897,-0.046383968628527894,0.046383968628527894
HHH_rd4_0124.pdb,R27I,26,0.3575697209771984,0.23504096,-0.12252875828112297,0.12252875828112297
HHH_rd4_0124.pdb,R27W,26,0.4481934830814915,0.107851356,-0.3403421268135624,0.3403421268135624
HHH_rd4_0124.pdb,R27Y,26,0.4062819702865405,0.18843931,-0.21784266068952512,0.21784266068952512
HHH_rd4_0124.pdb,R27F,26,0.3434507405751359,0.24067695,-0.10277378618651745,0.10277378618651745
HHH_rd4_0124.pdb,R27P,26,1.3696098522229434,1.2027818,-0.1668280557675601,0.1668280557675601
HHH_rd4_0124.pdb,R27C,26,-0.6529771006039529,-0.07351974,0.5794573640755563,0.5794573640755563
HHH_rd4_0124.pdb,N28Q,27,0.0182957900214799,-0.06534383,-0.08363961703068096,0.08363961703068096
HHH_rd4_0124.pdb,N28E,27,0.1884604581917908,0.3045188,0.11605833086117245,0.11605833086117245
HHH_rd4_0124.pdb,N28H,27,0.0933291711073145,-0.21047075,-0.30379992203523964,0.30379992203523964
HHH_rd4_0124.pdb,N28D,27,0.4167924197484034,0.50998104,0.09318861643781484,0.09318861643781484
HHH_rd4_0124.pdb,N28R,27,-0.0860086380668472,-0.16405904,-0.07805040486375582,0.07805040486375582
HHH_rd4_0124.pdb,N28K,27,-0.062091697294843,-0.07716642,-0.015074725906717976,0.015074725906717976
HHH_rd4_0124.pdb,N28T,27,0.2413785061455906,0.056082785,-0.18529572101604347,0.18529572101604347
HHH_rd4_0124.pdb,N28S,27,0.0794918988657427,0.09149739,0.012005492596583345,0.012005492596583345
HHH_rd4_0124.pdb,N28A,27,-0.0247106415479072,-0.22050442,-0.19579377646757284,0.19579377646757284
HHH_rd4_0124.pdb,N28G,27,0.4161554873807391,0.34030786,-0.07584762581419552,0.07584762581419552
HHH_rd4_0124.pdb,N28M,27,-0.2720520556436583,-0.9619013,-0.6898492514623598,0.6898492514623598
HHH_rd4_0124.pdb,N28L,27,-0.1825515279605485,-0.81735957,-0.6348080387279891,0.6348080387279891
HHH_rd4_0124.pdb,N28V,27,0.089966012625688,-0.19586462,-0.28583063045024243,0.28583063045024243
HHH_rd4_0124.pdb,N28I,27,-0.1419295727293896,-0.5072427,-0.36531310686655766,0.36531310686655766
HHH_rd4_0124.pdb,N28W,27,-0.1686492917839512,-0.77055025,-0.6019009592231289,0.6019009592231289
HHH_rd4_0124.pdb,N28Y,27,-0.109406951722595,-0.73713505,-0.6277281009583743,0.6277281009583743
HHH_rd4_0124.pdb,N28F,27,-0.1392329720202794,-0.8490536,-0.7098206492718349,0.7098206492718349
HHH_rd4_0124.pdb,N28P,27,0.7556487506479559,1.3140898,0.5584410244374933,0.5584410244374933
HHH_rd4_0124.pdb,N28C,27,-0.8289418337195447,-0.96899176,-0.14004992271966432,0.14004992271966432
HHH_rd4_0124.pdb,G29Q,28,0.9582337699845124,0.78252906,-0.17570471391227727,0.17570471391227727
HHH_rd4_0124.pdb,G29E,28,1.0579727545208544,1.1417603,0.08378759475282727,0.08378759475282727
HHH_rd4_0124.pdb,G29N,28,0.6287050337483076,0.4981609,-0.13054413506285223,0.13054413506285223
HHH_rd4_0124.pdb,G29H,28,0.7983673489920271,0.730865,-0.0675023473135603,0.0675023473135603
HHH_rd4_0124.pdb,G29D,28,0.8588342663606323,0.9775136,0.1186793449560486,0.1186793449560486
HHH_rd4_0124.pdb,G29R,28,0.9101887098411554,1.0388783,0.12868961180648864,0.12868961180648864
HHH_rd4_0124.pdb,G29K,28,0.8464058277273263,0.9056073,0.05920145538806065,0.05920145538806065
HHH_rd4_0124.pdb,G29T,28,1.0475277078423628,1.5544232,0.5068955051627031,0.5068955051627031
HHH_rd4_0124.pdb,G29S,28,0.8901812574326629,1.0309649,0.14078359394673168,0.14078359394673168
HHH_rd4_0124.pdb,G29A,28,0.9449036644024869,1.0824718,0.13756818313169283,0.13756818313169283
HHH_rd4_0124.pdb,G29M,28,0.8741372268014869,1.010079,0.13594179942074214,0.13594179942074214
HHH_rd4_0124.pdb,G29L,28,0.837975319507873,1.0787163,0.2407409585682989,0.2407409585682989
HHH_rd4_0124.pdb,G29V,28,1.1234730735585896,1.6188469,0.49537381975195727,0.49537381975195727
HHH_rd4_0124.pdb,G29I,28,0.9820405331228388,1.7007456,0.7187050494577276,0.7187050494577276
HHH_rd4_0124.pdb,G29W,28,0.8132942998277397,1.082519,0.2692247545851021,0.2692247545851021
HHH_rd4_0124.pdb,G29Y,28,0.943031703303704,1.0811784,0.1381467234388497,0.1381467234388497
HHH_rd4_0124.pdb,G29F,28,0.8705734472991087,0.9169316,0.04635818188179952,0.04635818188179952
HHH_rd4_0124.pdb,G29P,28,1.1037213606594136,1.9320507,0.8283293442966411,0.8283293442966411
HHH_rd4_0124.pdb,G29C,28,0.2966300924577645,0.3384931,0.041863016291625144,0.041863016291625144
HHH_rd4_0124.pdb,I30Q,29,0.9269522989032226,1.4202743,0.4933219587566895,0.4933219587566895
HHH_rd4_0124.pdb,I30E,29,1.119282723346028,1.4676168,0.3483340731475022,0.3483340731475022
HHH_rd4_0124.pdb,I30N,29,0.9761633461529164,1.4477417,0.4715784007495494,0.4715784007495494
HHH_rd4_0124.pdb,I30H,29,0.3830466245510122,0.8628366,0.4797899747989634,0.4797899747989634
HHH_rd4_0124.pdb,I30D,29,1.1920884053849825,1.3658711,0.17378266643050821,0.17378266643050821
HHH_rd4_0124.pdb,I30R,29,1.003640089967264,1.6133679,0.6097278251862395,0.6097278251862395
HHH_rd4_0124.pdb,I30K,29,1.0596185554737323,1.6477014,0.5880828271632916,0.5880828271632916
HHH_rd4_0124.pdb,I30T,29,0.7194853743186651,1.0810637,0.36157837308734075,0.36157837308734075
HHH_rd4_0124.pdb,I30S,29,1.041005282950871,1.4488527,0.40784737532091864,0.40784737532091864
HHH_rd4_0124.pdb,I30A,29,0.5548023796423887,1.1568747,0.6020722770348574,0.6020722770348574
HHH_rd4_0124.pdb,I30G,29,1.1899160402205842,1.7501206,0.5602045995804412,0.5602045995804412
HHH_rd4_0124.pdb,I30M,29,0.373378817050275,0.8067429,0.4333640895201596,0.4333640895201596
HHH_rd4_0124.pdb,I30L,29,0.4669472788072857,0.6005325,0.13358519332635077,0.13358519332635077
HHH_rd4_0124.pdb,I30V,29,0.1642213403964292,0.3534382,0.18921685817000758,0.18921685817000758
HHH_rd4_0124.pdb,I30W,29,0.0746963404598524,0.093381524,0.01868518362614613,0.01868518362614613
HHH_rd4_0124.pdb,I30Y,29,-0.2200734173131573,-0.07755017,0.14252324450737117,0.14252324450737117
HHH_rd4_0124.pdb,I30F,29,-0.1788354840885084,-0.011530697,0.16730478674277477,0.16730478674277477
HHH_rd4_0124.pdb,I30P,29,1.3135302745924693,1.6807468,0.36721651915447895,0.36721651915447895
HHH_rd4_0124.pdb,I30C,29,-0.0005299774272609,0.47755307,0.4780830470187831,0.4780830470187831
HHH_rd4_0124.pdb,D31Q,30,0.8302402555313195,0.83130836,0.001068109336844536,0.001068109336844536
HHH_rd4_0124.pdb,D31E,30,0.6627696886916219,0.6120701,-0.05069960507345783,0.05069960507345783
HHH_rd4_0124.pdb,D31N,30,0.3511770834789447,0.26303703,-0.0881400575504474,0.0881400575504474
HHH_rd4_0124.pdb,D31H,30,0.5441566796888122,0.6791893,0.13503264469015508,0.13503264469015508
HHH_rd4_0124.pdb,D31R,30,0.736064921815099,1.0353602,0.2992952952793224,0.2992952952793224
HHH_rd4_0124.pdb,D31K,30,0.7147487193611488,0.8871375,0.1723887532683983,0.1723887532683983
HHH_rd4_0124.pdb,D31T,30,0.7307997377573388,0.7298988,-0.0009009273706810372,0.0009009273706810372
HHH_rd4_0124.pdb,D31S,30,0.439695308274654,0.59863096,0.158935656481358,0.158935656481358
HHH_rd4_0124.pdb,D31A,30,0.6252383736092704,0.6173905,-0.00784786018916539,0.00784786018916539
HHH_rd4_0124.pdb,D31G,30,0.9130166097312552,0.85852206,-0.05449455219799104,0.05449455219799104
HHH_rd4_0124.pdb,D31M,30,0.8591140618102231,1.1592085,0.3000944743378482,0.3000944743378482
HHH_rd4_0124.pdb,D31L,30,0.8372943476725985,0.8552426,0.017948262305123697,0.017948262305123697
HHH_rd4_0124.pdb,D31V,30,1.0890884323848593,0.90215814,-0.18693029124868987,0.18693029124868987
HHH_rd4_0124.pdb,D31I,30,1.0981303569012375,0.9640828,-0.13404757940108492,0.13404757940108492
HHH_rd4_0124.pdb,D31W,30,1.0556002362232244,0.9185861,-0.1370141609172857,0.1370141609172857
HHH_rd4_0124.pdb,D31Y,30,1.1133219003069894,0.9200505,-0.19327139848356412,0.19327139848356412
HHH_rd4_0124.pdb,D31F,30,1.0186257187353231,0.95627797,-0.062347752235994536,0.062347752235994536
HHH_rd4_0124.pdb,D31P,30,0.5476904248966985,0.6018415,0.0541510844454951,0.0541510844454951
HHH_rd4_0124.pdb,D31C,30,0.6187402180283412,0.55385554,-0.06488467966011613,0.06488467966011613
HHH_rd4_0124.pdb,P32Q,31,0.6955205605555057,0.48606583,-0.2094547257948398,0.2094547257948398
HHH_rd4_0124.pdb,P32E,31,0.4425577507006488,0.30684018,-0.13571756934994078,0.13571756934994078
HHH_rd4_0124.pdb,P32N,31,0.875553482488576,0.6620231,-0.213530355409566,0.213530355409566
HHH_rd4_0124.pdb,P32H,31,0.7725718815554572,0.57298744,-0.19958444430722722,0.19958444430722722
HHH_rd4_0124.pdb,P32D,31,0.4568370738568372,0.5955768,0.13873974890088375,0.13873974890088375
HHH_rd4_0124.pdb,P32R,31,0.9238935600511728,0.69443667,-0.22945689070150244,0.22945689070150244
HHH_rd4_0124.pdb,P32K,31,0.8654244141955378,0.61400664,-0.25141777566862133,0.25141777566862133
HHH_rd4_0124.pdb,P32T,31,0.7563894770203197,0.5893656,-0.16702387548070785,0.16702387548070785
HHH_rd4_0124.pdb,P32S,31,0.6314667092886812,0.52181053,-0.10965617767247027,0.10965617767247027
HHH_rd4_0124.pdb,P32A,31,0.5016216580608466,0.43649396,-0.065127695057688,0.065127695057688
HHH_rd4_0124.pdb,P32G,31,0.6908555523386359,0.8064525,0.11559696040245293,0.11559696040245293
HHH_rd4_0124.pdb,P32M,31,0.5669708880384232,0.5420141,-0.02495676602914587,0.02495676602914587
HHH_rd4_0124.pdb,P32L,31,0.5865064353834482,0.424406,-0.16210044335235074,0.16210044335235074
HHH_rd4_0124.pdb,P32V,31,0.5871187648986822,0.39875957,-0.18835919120063838,0.18835919120063838
HHH_rd4_0124.pdb,P32I,31,0.5257071457732694,0.45983395,-0.06587319596896335,0.06587319596896335
HHH_rd4_0124.pdb,P32W,31,0.3953939323378559,0.260558,-0.13483592319021187,0.13483592319021187
HHH_rd4_0124.pdb,P32Y,31,0.7049295593753979,0.49946553,-0.20546403422509885,0.20546403422509885
HHH_rd4_0124.pdb,P32F,31,0.6010662721845124,0.52244043,-0.0786258386823151,0.0786258386823151
HHH_rd4_0124.pdb,R33Q,32,0.4092107811259076,0.13514405,-0.27406672623622863,0.27406672623622863
HHH_rd4_0124.pdb,R33E,32,0.3386039459183396,0.2617887,-0.07681524986769567,0.07681524986769567
HHH_rd4_0124.pdb,R33N,32,0.4177137108970365,0.19157419,-0.22613952481038185,0.22613952481038185
HHH_rd4_0124.pdb,R33H,32,0.3481789577376186,0.21378396,-0.13439499322288623,0.13439499322288623
HHH_rd4_0124.pdb,R33D,32,0.3858011654664719,0.40759364,0.021792472238377325,0.021792472238377325
HHH_rd4_0124.pdb,R33K,32,0.1739324562455613,0.010450855,-0.16348160134806222,0.16348160134806222
HHH_rd4_0124.pdb,R33T,32,0.4965648097728541,0.29554683,-0.20101798007238414,0.20101798007238414
HHH_rd4_0124.pdb,R33S,32,0.4048488648792674,0.30033764,-0.10451122244800826,0.10451122244800826
HHH_rd4_0124.pdb,R33A,32,0.2442432934992526,0.09466642,-0.14957687208583098,0.14957687208583098
HHH_rd4_0124.pdb,R33G,32,0.5724669469469621,0.46527943,-0.10718751679597638,0.10718751679597638
HHH_rd4_0124.pdb,R33M,32,0.4239765383621874,0.1554622,-0.26851433295218374,0.26851433295218374
HHH_rd4_0124.pdb,R33L,32,0.3648018756912836,0.11337443,-0.25142744873033845,0.25142744873033845
HHH_rd4_0124.pdb,R33V,32,0.4226922624808811,0.22685517,-0.19583708877387274,0.19583708877387274
HHH_rd4_0124.pdb,R33I,32,0.3333320903752659,0.10199343,-0.23133866369470102,0.23133866369470102
HHH_rd4_0124.pdb,R33W,32,0.5430331377486033,0.16696651,-0.3760666249493403,0.3760666249493403
HHH_rd4_0124.pdb,R33Y,32,0.6233807954567867,0.20517503,-0.4182057682055431,0.4182057682055431
HHH_rd4_0124.pdb,R33F,32,0.6135446804599922,0.25160316,-0.3619415241317909,0.3619415241317909
HHH_rd4_0124.pdb,R33P,32,1.0476185554962814,1.0934385,0.04581995063012245,0.04581995063012245
HHH_rd4_0124.pdb,R33C,32,-0.2978994371145054,0.019140065,0.3170395018308445,0.3170395018308445
HHH_rd4_0124.pdb,D34Q,33,0.1215564267650051,0.18070945,0.059153024671991364,0.059153024671991364
HHH_rd4_0124.pdb,D34E,33,0.1155508355705035,0.17964862,0.06409778729994176,0.06409778729994176
HHH_rd4_0124.pdb,D34N,33,0.6174986722860061,0.40109354,-0.2164051297101699,0.2164051297101699
HHH_rd4_0124.pdb,D34H,33,0.2709465941344742,0.37454307,0.10359647665867766,0.10359647665867766
HHH_rd4_0124.pdb,D34R,33,0.4066454827567163,0.8258218,0.4191763341645178,0.4191763341645178
HHH_rd4_0124.pdb,D34K,33,0.31303464299602,0.6731787,0.3601440297945073,0.3601440297945073
HHH_rd4_0124.pdb,D34T,33,-0.3400740075481343,0.5416894,0.8817634034526753,0.8817634034526753
HHH_rd4_0124.pdb,D34S,33,0.4419591477989131,0.45961502,0.01765587414513292,0.01765587414513292
HHH_rd4_0124.pdb,D34A,33,0.2830962162098689,-0.029138327,-0.3122345428547664,0.3122345428547664
HHH_rd4_0124.pdb,D34G,33,0.8555584498219622,0.870212,0.014653568667875483,0.014653568667875483
HHH_rd4_0124.pdb,D34M,33,-0.2725831332539392,0.18582603,0.4584091666077447,0.4584091666077447
HHH_rd4_0124.pdb,D34L,33,-0.5576693519783589,0.31252825,0.8701976045799824,0.8701976045799824
HHH_rd4_0124.pdb,D34V,33,-0.6356244934524342,0.32827616,0.9639006508315846,0.9639006508315846
HHH_rd4_0124.pdb,D34I,33,-0.6504358016535388,0.22354048,0.8739762865587817,0.8739762865587817
HHH_rd4_0124.pdb,D34W,33,0.0071380719461735,0.3236391,0.31650102288338583,0.31650102288338583
HHH_rd4_0124.pdb,D34Y,33,0.0926047160878051,0.352786,0.26018128845549937,0.26018128845549937
HHH_rd4_0124.pdb,D34F,33,-0.0132198979998172,0.3249417,0.3381615927362979,0.3381615927362979
HHH_rd4_0124.pdb,D34P,33,1.2757286377641834,2.2586985,0.982969825675758,0.982969825675758
HHH_rd4_0124.pdb,D34C,33,-0.5179518732383055,-0.07291639,0.4450354847266478,0.4450354847266478
HHH_rd4_0124.pdb,V35Q,34,1.284951695552938,2.1286154,0.843663683780558,0.843663683780558
HHH_rd4_0124.pdb,V35E,34,1.3792734962855244,2.0284104,0.649136938437376,0.649136938437376
HHH_rd4_0124.pdb,V35N,34,1.3886091274326344,2.2634177,0.8748085933620433,0.8748085933620433
HHH_rd4_0124.pdb,V35H,34,1.0799412712302152,2.068193,0.9882516876015719,0.9882516876015719
HHH_rd4_0124.pdb,V35D,34,0.1763045628082669,2.1803486,2.004044071911582,2.004044071911582
HHH_rd4_0124.pdb,V35R,34,1.3452680761102196,2.3645658,1.0192977731939796,1.0192977731939796
HHH_rd4_0124.pdb,V35K,34,1.362356747250486,2.3739107,1.011553918261599,1.011553918261599
HHH_rd4_0124.pdb,V35T,34,1.0058549455216417,1.3566688,0.35081388439626604,0.35081388439626604
HHH_rd4_0124.pdb,V35S,34,0.9736141338612396,1.8497281,0.876113973591153,0.876113973591153
HHH_rd4_0124.pdb,V35A,34,0.5628279648034855,1.2870665,0.7242384948522762,0.7242384948522762
HHH_rd4_0124.pdb,V35G,34,1.2074631321422942,2.096533,0.8890699279315584,0.8890699279315584
HHH_rd4_0124.pdb,V35M,34,0.6937149118861201,1.1338503,0.440135424188709,0.440135424188709
HHH_rd4_0124.pdb,V35L,34,0.4744244112295128,0.7723253,0.2979008660989784,0.2979008660989784
HHH_rd4_0124.pdb,V35I,34,-0.0521934841395552,-0.018550754,0.033642730546110375,0.033642730546110375
HHH_rd4_0124.pdb,V35W,34,0.183403506302386,1.486346,1.3029425000910466,1.3029425000910466
HHH_rd4_0124.pdb,V35Y,34,0.1271184294805147,1.451172,1.3240535647287748,1.3240535647287748
HHH_rd4_0124.pdb,V35F,34,0.3509060785340505,1.2947143,0.9438082530928416,0.9438082530928416
HHH_rd4_0124.pdb,V35P,34,1.2576971707663898,2.2601755,1.0024782957710858,1.0024782957710858
HHH_rd4_0124.pdb,V35C,34,0.0659943454353899,1.0036658,0.9376714594275861,0.9376714594275861
HHH_rd4_0124.pdb,E36Q,35,0.5126081063929662,0.24820869,-0.2643994196835622,0.2643994196835622
HHH_rd4_0124.pdb,E36N,35,0.7962516912380844,0.41024572,-0.3860059746662765,0.3860059746662765
HHH_rd4_0124.pdb,E36H,35,0.7329634655416224,0.24348506,-0.48947840222718453,0.48947840222718453
HHH_rd4_0124.pdb,E36D,35,0.4386121250752264,0.2842339,-0.15437822715080318,0.15437822715080318
HHH_rd4_0124.pdb,E36R,35,0.5039735436228712,0.45094293,-0.05303061006345344,0.05303061006345344
HHH_rd4_0124.pdb,E36K,35,0.7094830476992833,0.4265873,-0.2828957342856633,0.2828957342856633
HHH_rd4_0124.pdb,E36T,35,0.7710336190311131,0.27377555,-0.4972580712882695,0.4972580712882695
HHH_rd4_0124.pdb,E36S,35,0.7260685121456665,0.3484185,-0.3776500081459564,0.3776500081459564
HHH_rd4_0124.pdb,E36A,35,0.2557863707354646,0.2431565,-0.012629878025351093,0.012629878025351093
HHH_rd4_0124.pdb,E36G,35,0.858427923401752,0.636057,-0.2223709041680484,0.2223709041680484
HHH_rd4_0124.pdb,E36M,35,0.4004456455804899,0.23430106,-0.16614458514233377,0.16614458514233377
HHH_rd4_0124.pdb,E36L,35,0.4462402612705116,0.2112667,-0.2349735648174171,0.2349735648174171
HHH_rd4_0124.pdb,E36V,35,0.6225633639670238,0.100785226,-0.5217781383372173,0.5217781383372173
HHH_rd4_0124.pdb,E36I,35,0.5086946173222535,0.09306364,-0.41563097970800333,0.41563097970800333
HHH_rd4_0124.pdb,E36W,35,0.2177476187301403,0.14895433,-0.0687932868552929,0.0687932868552929
HHH_rd4_0124.pdb,E36Y,35,0.5462868913961298,0.15099438,-0.3952925160480387,0.3952925160480387
HHH_rd4_0124.pdb,E36F,35,0.6440165087737828,0.22974993,-0.4142665758886128,0.4142665758886128
HHH_rd4_0124.pdb,E36P,35,0.9176238498869592,1.3438379,0.4262140073594397,0.4262140073594397
HHH_rd4_0124.pdb,E36C,35,0.1310398726344948,0.032850683,-0.09818918989905168,0.09818918989905168
HHH_rd4_0124.pdb,H37Q,36,0.0177838005477564,0.06787879,0.050094989652000224,0.050094989652000224
HHH_rd4_0124.pdb,H37E,36,-0.4230911827008488,0.16918153,0.5922727084080937,0.5922727084080937
HHH_rd4_0124.pdb,H37N,36,0.0712708935061048,0.18982668,0.11855578870386377,0.11855578870386377
HHH_rd4_0124.pdb,H37D,36,-0.2871211428866924,0.36191845,0.6490395922885479,0.6490395922885479
HHH_rd4_0124.pdb,H37R,36,-0.1641920021821736,-0.123851426,0.040340576236414794,0.040340576236414794
HHH_rd4_0124.pdb,H37K,36,0.0050240025064447,-0.021730654,-0.026754656448076015,0.026754656448076015
HHH_rd4_0124.pdb,H37T,36,-0.0102322381486728,0.10294074,0.11317297634981416,0.11317297634981416
HHH_rd4_0124.pdb,H37S,36,0.007656691481453,0.103298634,0.0956419428092422,0.0956419428092422
HHH_rd4_0124.pdb,H37A,36,-0.3328119626635508,0.037732363,0.37054432541074317,0.37054432541074317
HHH_rd4_0124.pdb,H37G,36,0.3569575898890977,0.5298514,0.17289378712124776,0.17289378712124776
HHH_rd4_0124.pdb,H37M,36,-0.0376949263836305,0.022382803,0.06007772964491056,0.06007772964491056
HHH_rd4_0124.pdb,H37L,36,0.0272259438384268,0.062056422,0.03483047839515474,0.03483047839515474
HHH_rd4_0124.pdb,H37V,36,0.1265874485502871,0.1578694,0.031281950043615475,0.031281950043615475
HHH_rd4_0124.pdb,H37I,36,-0.0492445777838759,-0.030538224,0.018706354100041823,0.018706354100041823
HHH_rd4_0124.pdb,H37W,36,0.0129994693047275,-0.11689889,-0.12989835616414447,0.12989835616414447
HHH_rd4_0124.pdb,H37Y,36,0.1685674129860199,-0.14463916,-0.31320657719538575,0.31320657719538575
HHH_rd4_0124.pdb,H37F,36,0.1882766023488284,-0.055487253,-0.2437638551206828,0.2437638551206828
HHH_rd4_0124.pdb,H37P,36,0.9085043747800944,1.4938575,0.5853531281572225,0.5853531281572225
HHH_rd4_0124.pdb,V38Q,37,1.2050772864034065,1.0472552,-0.15782212797902906,0.15782212797902906
HHH_rd4_0124.pdb,V38E,37,1.2872452365474676,1.0158005,-0.27144476047324884,0.27144476047324884
HHH_rd4_0124.pdb,V38N,37,1.3198582453651913,1.2847409,-0.035117320529986173,0.035117320529986173
HHH_rd4_0124.pdb,V38H,37,0.97049249850665,0.63221765,-0.3382748528615084,0.3382748528615084
HHH_rd4_0124.pdb,V38D,37,1.295696712918542,1.5801895,0.2844927535578985,0.2844927535578985
HHH_rd4_0124.pdb,V38R,37,1.1014174244490835,1.409087,0.30766951822364597,0.30766951822364597
HHH_rd4_0124.pdb,V38K,37,1.2019074376653998,1.4532492,0.25134177841431216,0.25134177841431216
HHH_rd4_0124.pdb,V38T,37,0.9062725087241768,0.5877489,-0.31852362356945263,0.31852362356945263
HHH_rd4_0124.pdb,V38S,37,1.2254530689396266,1.0875108,-0.13794224473613537,0.13794224473613537
HHH_rd4_0124.pdb,V38A,37,0.4639995674363528,0.96871066,0.5047110934980954,0.5047110934980954
HHH_rd4_0124.pdb,V38G,37,1.3422594880955931,1.7210021,0.3787426138026002,0.3787426138026002
HHH_rd4_0124.pdb,V38M,37,0.4898190538207094,0.6416007,0.15178167421426375,0.15178167421426375
HHH_rd4_0124.pdb,V38L,37,0.2063447535588585,0.41115808,0.20481333131052626,0.20481333131052626
HHH_rd4_0124.pdb,V38I,37,-0.1218965184860241,-0.019641697,0.1022548210792553,0.1022548210792553
HHH_rd4_0124.pdb,V38W,37,0.3853174242431918,0.091212094,-0.2941053304130832,0.2941053304130832
HHH_rd4_0124.pdb,V38Y,37,0.8448161475321707,0.104349494,-0.740466653551763,0.740466653551763
HHH_rd4_0124.pdb,V38F,37,0.73560004590735,0.3510065,-0.3845935380338148,0.3845935380338148
HHH_rd4_0124.pdb,V38P,37,1.5874198171093727,2.109645,0.5222250727221702,0.5222250727221702
HHH_rd4_0124.pdb,V39Q,38,0.774446461004245,1.257663,0.48321655054665835,0.48321655054665835
HHH_rd4_0124.pdb,V39E,38,0.8906233387294356,1.2609437,0.37032031246990527,0.37032031246990527
HHH_rd4_0124.pdb,V39N,38,0.7791842013258365,1.5977525,0.8185682505708309,0.8185682505708309
HHH_rd4_0124.pdb,V39H,38,0.783683316696159,1.3081436,0.5244602990264973,0.5244602990264973
HHH_rd4_0124.pdb,V39D,38,1.0774522784059186,1.4834654,0.4060131547148089,0.4060131547148089
HHH_rd4_0124.pdb,V39R,38,0.5074540157367513,1.6613853,1.1539312820385172,1.1539312820385172
HHH_rd4_0124.pdb,V39K,38,0.7991698798730926,1.5888182,0.789648312608902,0.789648312608902
HHH_rd4_0124.pdb,V39T,38,0.4737353347389201,0.45934772,-0.014387609824369318,0.014387609824369318
HHH_rd4_0124.pdb,V39S,38,0.8265079684974774,1.218275,0.3917669824836627,0.3917669824836627
HHH_rd4_0124.pdb,V39A,38,0.7956476041456406,1.0618529,0.26620532783067774,0.26620532783067774
HHH_rd4_0124.pdb,V39G,38,1.059262018715353,1.4907722,0.43151022859910015,0.43151022859910015
HHH_rd4_0124.pdb,V39M,38,-0.6644864548358902,0.7316983,1.396184729448317,1.396184729448317
HHH_rd4_0124.pdb,V39L,38,-0.9786594750311576,0.56791264,1.546572113218566,1.546572113218566
HHH_rd4_0124.pdb,V39I,38,-0.4239639588734254,0.32367992,0.7476438828846559,0.7476438828846559
HHH_rd4_0124.pdb,V39W,38,0.5245027882046265,0.7760849,0.25158211169771727,0.25158211169771727
HHH_rd4_0124.pdb,V39Y,38,0.4525598377023387,0.8369849,0.38442503511565446,0.38442503511565446
HHH_rd4_0124.pdb,V39F,38,-0.2791972633617947,0.8353157,1.1145129677074979,1.1145129677074979
HHH_rd4_0124.pdb,V39P,38,1.373297848454616,1.6049832,0.23168536210904356,0.23168536210904356
HHH_rd4_0124.pdb,V39C,38,-1.0444256051042735,0.3591379,1.403563497827357,1.403563497827357
HHH_rd4_0124.pdb,R40Q,39,0.1761227919678332,0.117220804,-0.058901987872564954,0.058901987872564954
HHH_rd4_0124.pdb,R40E,39,-0.0151186011065107,0.09663203,0.11175063469301277,0.11175063469301277
HHH_rd4_0124.pdb,R40N,39,-0.0323192701106365,0.026020274,0.05833954367688253,0.05833954367688253
HHH_rd4_0124.pdb,R40H,39,0.2245294545789498,0.014616586,-0.20991286831100164,0.20991286831100164
HHH_rd4_0124.pdb,R40D,39,-0.1004591382282014,0.266385,0.36684412725141,0.36684412725141
HHH_rd4_0124.pdb,R40K,39,0.3464305470934443,0.11370604,-0.23272450969129127,0.23272450969129127
HHH_rd4_0124.pdb,R40T,39,0.3233826318986044,0.17014225,-0.15324038362570858,0.15324038362570858
HHH_rd4_0124.pdb,R40S,39,0.3300700603356874,0.12251054,-0.20755952283053758,0.20755952283053758
HHH_rd4_0124.pdb,R40A,39,0.3641130331623452,0.078321554,-0.2857914793956178,0.2857914793956178
HHH_rd4_0124.pdb,R40G,39,0.3146897405581088,0.5413774,0.22668768463567784,0.22668768463567784
HHH_rd4_0124.pdb,R40M,39,0.7873009396817034,0.021930188,-0.7653707517411059,0.7653707517411059
HHH_rd4_0124.pdb,R40L,39,0.7817621028298365,0.050880045,-0.7308820581311213,0.7308820581311213
HHH_rd4_0124.pdb,R40V,39,0.4668845222702549,0.24405348,-0.22283103926091652,0.22283103926091652
HHH_rd4_0124.pdb,R40I,39,0.2646493764675015,0.11439615,-0.1502532290375584,0.1502532290375584
HHH_rd4_0124.pdb,R40W,39,1.05893847091962,-0.12784505,-1.1867835198240388,1.1867835198240388
HHH_rd4_0124.pdb,R40Y,39,1.2102047444137862,-0.04307404,-1.253278786018782,1.253278786018782
HHH_rd4_0124.pdb,R40F,39,1.2416094170784309,0.010133043,-1.2314763741468742,1.2314763741468742
HHH_rd4_0124.pdb,R40P,39,0.3875937508531659,1.6241487,1.236554975610152,1.236554975610152
HHH_rd4_0124.pdb,R40C,39,-0.6981137340926249,-0.21721375,0.4808999842070658,0.4808999842070658
HHH_rd4_0124.pdb,R41Q,40,0.4486914622362832,0.30901906,-0.1396724032934884,0.1396724032934884
HHH_rd4_0124.pdb,R41E,40,0.4323881751528986,0.49986714,0.06747896609389703,0.06747896609389703
HHH_rd4_0124.pdb,R41N,40,0.4107914378787918,0.5037677,0.0929762909267502,0.0929762909267502
HHH_rd4_0124.pdb,R41H,40,0.2945775574946629,0.30343276,0.00885520512817034,0.00885520512817034
HHH_rd4_0124.pdb,R41D,40,0.3550027312768975,0.8096535,0.4546507893072089,0.4546507893072089
HHH_rd4_0124.pdb,R41K,40,0.0956682611846135,0.09819102,0.002522761688311309,0.002522761688311309
HHH_rd4_0124.pdb,R41T,40,0.6710612094110646,0.31921828,-0.35184293147985124,0.35184293147985124
HHH_rd4_0124.pdb,R41S,40,0.503689548143315,0.37695137,-0.1267381814803359,0.1267381814803359
HHH_rd4_0124.pdb,R41A,40,0.4694944928530484,0.14849845,-0.32099604710376556,0.32099604710376556
HHH_rd4_0124.pdb,R41G,40,0.6266631089366337,0.68376243,0.05709932220808067,0.05709932220808067
HHH_rd4_0124.pdb,R41M,40,0.0648186854612806,0.06715074,0.0023320563542864187,0.0023320563542864187
HHH_rd4_0124.pdb,R41L,40,0.1437722855177217,0.02468583,-0.1190864556398683,0.1190864556398683
HHH_rd4_0124.pdb,R41V,40,0.6944096958743267,0.27464792,-0.4197617745505504,0.4197617745505504
HHH_rd4_0124.pdb,R41I,40,0.4423903993222542,0.095968276,-0.3464221230599709,0.3464221230599709
HHH_rd4_0124.pdb,R41W,40,0.6059191372186721,0.060015634,-0.5459035035163939,0.5459035035163939
HHH_rd4_0124.pdb,R41Y,40,0.4654178886622804,0.04974544,-0.41567244817918714,0.41567244817918714
HHH_rd4_0124.pdb,R41F,40,0.3324079889954481,0.13340114,-0.19900684842480754,0.19900684842480754
HHH_rd4_0124.pdb,R41P,40,1.0327405031737125,1.4065268,0.37378630079662445,0.37378630079662445
HHH_rd4_0124.pdb,R41C,40,-0.5647380067518968,0.033396393,0.598134399812581,0.598134399812581
HHH_rd4_0124.pdb,L42Q,41,0.5884054384069406,0.9325493,0.34414385940266023,0.34414385940266023
HHH_rd4_0124.pdb,L42E,41,0.8018190853213885,0.8216559,0.01983684376720407,0.01983684376720407
HHH_rd4_0124.pdb,L42N,41,0.6342804174187859,0.9361967,0.3019162674185554,0.3019162674185554
HHH_rd4_0124.pdb,L42H,41,0.5778736095372821,0.6220719,0.04419831228812687,0.04419831228812687
HHH_rd4_0124.pdb,L42D,41,0.771563063132259,1.0454435,0.27388047171881524,0.27388047171881524
HHH_rd4_0124.pdb,L42R,41,0.4729713695983313,1.1557019,0.6827305060883142,0.6827305060883142
HHH_rd4_0124.pdb,L42K,41,0.683270888813976,1.1945506,0.5112797446165049,0.5112797446165049
HHH_rd4_0124.pdb,L42T,41,0.6146682263822008,0.87640214,0.26173391328149553,0.26173391328149553
HHH_rd4_0124.pdb,L42S,41,0.59577294258981,0.8724436,0.2766706738004183,0.2766706738004183
HHH_rd4_0124.pdb,L42A,41,0.4821469329654473,0.9590825,0.476935551279853,0.476935551279853
HHH_rd4_0124.pdb,L42G,41,0.5775728688898865,1.0143244,0.4367515577611145,0.4367515577611145
HHH_rd4_0124.pdb,L42M,41,0.6546258337464885,0.24544707,-0.40917876433997913,0.40917876433997913
HHH_rd4_0124.pdb,L42V,41,0.3328480965603122,0.69689333,0.3640452378284207,0.3640452378284207
HHH_rd4_0124.pdb,L42I,41,-0.0103508502370484,0.43590933,0.44626018108192755,0.44626018108192755
HHH_rd4_0124.pdb,L42W,41,1.0579276255788612,0.28172874,-0.7761988810720253,0.7761988810720253
HHH_rd4_0124.pdb,L42Y,41,0.8840022440996298,0.09981167,-0.7841905709352621,0.7841905709352621
HHH_rd4_0124.pdb,L42F,41,0.8882811924806333,0.3010829,-0.5871982833734251,0.5871982833734251
HHH_rd4_0124.pdb,L42P,41,0.6760288605422919,1.6236901,0.9476612677841241,0.9476612677841241
HHH_rd4_0124.pdb,L42C,41,-0.1830232168809484,0.1126706,0.2956938172952245,0.2956938172952245
HHH_rd4_0124.pdb,R43Q,42,-0.1544402455717561,0.0024828985,0.15692314410510036,0.15692314410510036
HHH_rd4_0124.pdb,R43E,42,-0.1125216250945035,0.034355447,0.14687707179078494,0.14687707179078494
HHH_rd4_0124.pdb,R43N,42,0.0532335926435596,0.16789639,0.11466279731768309,0.11466279731768309
HHH_rd4_0124.pdb,R43H,42,-0.0015776277184227,0.07952591,0.08110353803632049,0.08110353803632049
HHH_rd4_0124.pdb,R43D,42,0.1907853600664111,0.23160946,0.04082410362530031,0.04082410362530031
HHH_rd4_0124.pdb,R43K,42,0.3557302694972499,-0.010621242,-0.36635151172242003,0.36635151172242003
HHH_rd4_0124.pdb,R43T,42,0.1699094763005069,0.17519122,0.005281747320861507,0.005281747320861507
HHH_rd4_0124.pdb,R43S,42,0.1027333794194156,-0.002862893,-0.10559627246436418,0.10559627246436418
HHH_rd4_0124.pdb,R43A,42,-0.0949604561498047,-0.13755342,-0.04259296749330749,0.04259296749330749
HHH_rd4_0124.pdb,R43G,42,0.0478316034578401,0.26835966,0.22052805764445482,0.22052805764445482
HHH_rd4_0124.pdb,R43M,42,-0.3410951312101418,-0.08350337,0.2575917582428986,0.2575917582428986
HHH_rd4_0124.pdb,R43L,42,-0.5233989637855727,-0.04490634,0.4784926232461173,0.4784926232461173
HHH_rd4_0124.pdb,R43V,42,0.1623236574017508,0.21576028,0.05343661831979918,0.05343661831979918
HHH_rd4_0124.pdb,R43I,42,0.1115269955875266,0.1117097,0.00018270344716425635,0.00018270344716425635
HHH_rd4_0124.pdb,R43W,42,-0.251984490671487,0.009393387,0.26137787721428407,0.26137787721428407
HHH_rd4_0124.pdb,R43Y,42,-0.1930256848202873,0.04238885,0.23541453378068694,0.23541453378068694
HHH_rd4_0124.pdb,R43F,42,-0.8143091647735183,0.14351761,0.957826778184468,0.957826778184468
HHH_rd4_0124.pdb,R43P,42,0.4092541736054012,0.8454095,0.43615533891443525,0.43615533891443525
HHH_rd4_0395.pdb,S1Q,0,-0.239510505487412,0.22918354,0.4686940452356039,0.4686940452356039
HHH_rd4_0395.pdb,S1E,0,0.2317645675135473,0.35496357,0.12319900331965888,0.12319900331965888
HHH_rd4_0395.pdb,S1N,0,-0.4570321059210727,0.044831708,0.5018638139946887,0.5018638139946887
HHH_rd4_0395.pdb,S1H,0,-0.5321035681065514,0.13132317,0.6634267417487099,0.6634267417487099
HHH_rd4_0395.pdb,S1D,0,0.1788140273167977,0.35267836,0.17386433123804237,0.17386433123804237
HHH_rd4_0395.pdb,S1R,0,-0.7917156723424021,0.122405745,0.9141214174314563,0.9141214174314563
HHH_rd4_0395.pdb,S1K,0,-0.546756616657067,0.05984409,0.6066007081916815,0.6066007081916815
HHH_rd4_0395.pdb,S1T,0,-0.5334446235325085,0.12844653,0.6618911578085171,0.6618911578085171
HHH_rd4_0395.pdb,S1A,0,-0.3960243062070496,0.08108245,0.47710675457035373,0.47710675457035373
HHH_rd4_0395.pdb,S1G,0,-0.0620386245859845,0.2408787,0.3029173257960065,0.3029173257960065
HHH_rd4_0395.pdb,S1M,0,-0.7723818833030975,0.007163495,0.7795453781284607,0.7795453781284607
HHH_rd4_0395.pdb,S1V,0,-0.803147326128629,0.11082943,0.9139767539669545,0.9139767539669545
HHH_rd4_0395.pdb,S1I,0,-1.00104270761084,0.06422898,1.065271689344162,1.065271689344162
HHH_rd4_0395.pdb,S1W,0,-0.8903555506369258,0.040932536,0.931288086762109,0.931288086762109
HHH_rd4_0395.pdb,S1Y,0,-1.1095758627916732,0.11345646,1.2230323206449905,1.2230323206449905
HHH_rd4_0395.pdb,S1F,0,-0.9908264574867128,0.10481828,1.0956447345476983,1.0956447345476983
HHH_rd4_0395.pdb,S1P,0,-0.4592820480092552,0.010714114,0.469996161721566,0.469996161721566
HHH_rd4_0395.pdb,S1C,0,0.2449645225471997,-0.19160247,-0.4365669910378003,0.4365669910378003
HHH_rd4_0395.pdb,E2Q,1,-0.3595325855931337,0.10969999,0.46923257246819094,0.46923257246819094
HHH_rd4_0395.pdb,E2N,1,-0.2545746667206101,0.09320844,0.3477831063687615,0.3477831063687615
HHH_rd4_0395.pdb,E2H,1,-0.3264019321450728,0.10119894,0.4276008736142653,0.4276008736142653
HHH_rd4_0395.pdb,E2D,1,-0.2738343251901902,0.122153744,0.39598806929171454,0.39598806929171454
HHH_rd4_0395.pdb,E2R,1,-0.2292649147880063,0.09784349,0.3271084053289876,0.3271084053289876
HHH_rd4_0395.pdb,E2K,1,-0.3052099843782514,0.06849545,0.37370543678227364,0.37370543678227364
HHH_rd4_0395.pdb,E2T,1,-0.4618288625153344,0.1446664,0.6064952660473626,0.6064952660473626
HHH_rd4_0395.pdb,E2S,1,-0.6556766301599115,0.0647482,0.7204248279538721,0.7204248279538721
HHH_rd4_0395.pdb,E2A,1,-0.4341077289164339,0.025593325,0.4597010544121538,0.4597010544121538
HHH_rd4_0395.pdb,E2G,1,-0.2467281789462401,0.20301183,0.44974000462697283,0.44974000462697283
HHH_rd4_0395.pdb,E2M,1,-0.4566498703440489,0.062117476,0.518767346360332,0.518767346360332
HHH_rd4_0395.pdb,E2L,1,-0.5094178862412688,0.034967773,0.5443856589039084,0.5443856589039084
HHH_rd4_0395.pdb,E2V,1,-0.4400720123616697,0.06312066,0.5031926755277158,0.5031926755277158
HHH_rd4_0395.pdb,E2I,1,-0.4847557840072252,0.07877055,0.5635263321124651,0.5635263321124651
HHH_rd4_0395.pdb,E2W,1,-0.5053059884645439,0.003047809,0.5083537974693275,0.5083537974693275
HHH_rd4_0395.pdb,E2Y,1,-0.4404452481737468,0.06846572,0.5089109653106068,0.5089109653106068
HHH_rd4_0395.pdb,E2F,1,-0.4849111790689111,0.116463274,0.6013744528325677,0.6013744528325677
HHH_rd4_0395.pdb,E2P,1,0.0326558362452575,-0.011867359,-0.044523195525843745,0.044523195525843745
HHH_rd4_0395.pdb,E2C,1,0.3491346950321734,-0.1430061,-0.4921407962828219,0.4921407962828219
HHH_rd4_0395.pdb,E3Q,2,-0.0139273874740815,0.18342254,0.1973499231319642,0.1973499231319642
HHH_rd4_0395.pdb,E3N,2,-0.0971651547168654,0.19354405,0.29070919980754073,0.29070919980754073
HHH_rd4_0395.pdb,E3H,2,0.0282863767202963,0.19017598,0.16188960360921725,0.16188960360921725
HHH_rd4_0395.pdb,E3D,2,-0.3993231231385765,0.15629585,0.55561897401157,0.55561897401157
HHH_rd4_0395.pdb,E3R,2,0.235676383646938,0.20922133,-0.026455050381633427,0.026455050381633427
HHH_rd4_0395.pdb,E3K,2,0.3133347614557946,0.17159075,-0.14174401600672842,0.14174401600672842
HHH_rd4_0395.pdb,E3T,2,0.0086725782709913,0.27854878,0.26987619883243275,0.26987619883243275
HHH_rd4_0395.pdb,E3S,2,-0.1078516701206733,0.17718287,0.2850345382437278,0.2850345382437278
HHH_rd4_0395.pdb,E3A,2,-0.2595981772423741,0.04894674,0.30854491548547713,0.30854491548547713
HHH_rd4_0395.pdb,E3G,2,0.1269160254041512,0.31494796,0.1880319373567741,0.1880319373567741
HHH_rd4_0395.pdb,E3M,2,-0.2526505359383026,0.12655792,0.3792084523411194,0.3792084523411194
HHH_rd4_0395.pdb,E3L,2,-0.1719815472678232,0.125839,0.2978205422476816,0.2978205422476816
HHH_rd4_0395.pdb,E3V,2,0.1115789130992457,0.23716955,0.1255906357698873,0.1255906357698873
HHH_rd4_0395.pdb,E3I,2,0.0116303476876207,0.23340021,0.22176986305056137,0.22176986305056137
HHH_rd4_0395.pdb,E3W,2,-1.160588672404795,0.06826778,1.2288564499669363,1.2288564499669363
HHH_rd4_0395.pdb,E3Y,2,-0.4936691269900253,0.15177865,0.645447780254071,0.645447780254071
HHH_rd4_0395.pdb,E3F,2,-0.3349285915913835,0.183753,0.5186815903010622,0.5186815903010622
HHH_rd4_0395.pdb,E3P,2,0.6729857370941157,0.4916827,-0.18130302883071847,0.18130302883071847
HHH_rd4_0395.pdb,E3C,2,0.4261866442266626,-0.06258863,-0.4887752763334436,0.4887752763334436
HHH_rd4_0395.pdb,A4Q,3,0.9758959970337866,0.9699449,-0.005951102719974344,0.005951102719974344
HHH_rd4_0395.pdb,A4E,3,1.5580006220759803,1.1281226,-0.42987805394548717,0.42987805394548717
HHH_rd4_0395.pdb,A4N,3,0.4103572384242704,1.0007986,0.5904413446064303,0.5904413446064303
HHH_rd4_0395.pdb,A4H,3,0.1098381750871855,0.705227,0.5953888423154634,0.5953888423154634
HHH_rd4_0395.pdb,A4D,3,1.5420093156558128,1.0240153,-0.5179940082293601,0.5179940082293601
HHH_rd4_0395.pdb,A4R,3,1.3167461654983494,1.1646173,-0.1521288654647801,0.1521288654647801
HHH_rd4_0395.pdb,A4K,3,1.2939526878152678,1.1277394,-0.1662132583413909,0.1662132583413909
HHH_rd4_0395.pdb,A4T,3,0.8096321326337765,0.74239004,-0.06724209605082976,0.06724209605082976
HHH_rd4_0395.pdb,A4S,3,0.8536459613189913,0.6290563,-0.22458968642809163,0.22458968642809163
HHH_rd4_0395.pdb,A4G,3,0.7222930083984682,1.0161762,0.2938832153564146,0.2938832153564146
HHH_rd4_0395.pdb,A4M,3,-0.2091521479307676,0.39497846,0.6041306115805174,0.6041306115805174
HHH_rd4_0395.pdb,A4L,3,-0.2518379544351212,0.2912322,0.5430701529119126,0.5430701529119126
HHH_rd4_0395.pdb,A4V,3,0.1379221864759783,0.4266731,0.28875092782379586,0.28875092782379586
HHH_rd4_0395.pdb,A4I,3,-0.1594011476795716,0.22104272,0.3804438701431794,0.3804438701431794
HHH_rd4_0395.pdb,A4W,3,-0.9593606367220442,0.09583819,1.0551988258471052,1.0551988258471052
HHH_rd4_0395.pdb,A4Y,3,-0.4909222136920625,0.21757954,0.7085017572826082,0.7085017572826082
HHH_rd4_0395.pdb,A4F,3,-0.3816484548773626,0.21734315,0.5989916064467291,0.5989916064467291
HHH_rd4_0395.pdb,A4P,3,0.2652078441848502,1.3492026,1.0839947887192025,1.0839947887192025
HHH_rd4_0395.pdb,A4C,3,0.4143297602089717,0.09047651,-0.3238532473000362,0.3238532473000362
HHH_rd4_0395.pdb,E5Q,4,0.3225887370474387,0.5928154,0.2702266621224832,0.2702266621224832
HHH_rd4_0395.pdb,E5N,4,0.5587802296585145,1.053663,0.4948827857070861,0.4948827857070861
HHH_rd4_0395.pdb,E5H,4,0.3483302651887436,0.5624758,0.2141455353254776,0.2141455353254776
HHH_rd4_0395.pdb,E5D,4,0.6758056116674824,0.7370217,0.061216072979124014,0.061216072979124014
HHH_rd4_0395.pdb,E5R,4,0.2186966466731803,0.818334,0.5996373367481453,0.5996373367481453
HHH_rd4_0395.pdb,E5K,4,0.4890065761611266,0.74993014,0.26092356719519666,0.26092356719519666
HHH_rd4_0395.pdb,E5T,4,0.0577709751711963,0.5072597,0.44948875135315675,0.44948875135315675
HHH_rd4_0395.pdb,E5S,4,0.5024563239430697,0.6730895,0.17063318029887364,0.17063318029887364
HHH_rd4_0395.pdb,E5A,4,0.0703825218596856,0.4624302,0.39204768706174686,0.39204768706174686
HHH_rd4_0395.pdb,E5G,4,0.9509150037773936,0.819065,-0.1318500289925425,0.1318500289925425
HHH_rd4_0395.pdb,E5M,4,-0.6196132186398415,0.006350577,0.6259637955174355,0.6259637955174355
HHH_rd4_0395.pdb,E5L,4,-0.8259884945456726,-0.13744494,0.6885435513560516,0.6885435513560516
HHH_rd4_0395.pdb,E5V,4,-0.2589534549870524,0.3125139,0.5714673428692851,0.5714673428692851
HHH_rd4_0395.pdb,E5I,4,-0.4199961724896646,0.2084815,0.6284776780028558,0.6284776780028558
HHH_rd4_0395.pdb,E5W,4,-0.7945268411459327,-0.16495827,0.6295685727419258,0.6295685727419258
HHH_rd4_0395.pdb,E5Y,4,-1.0830403449854114,-0.25173977,0.8313005748113849,0.8313005748113849
HHH_rd4_0395.pdb,E5F,4,-0.7518672670354691,-0.23971024,0.5121570254793015,0.5121570254793015
HHH_rd4_0395.pdb,E5P,4,1.8599028203145056,1.1746109,-0.6852919671193152,0.6852919671193152
HHH_rd4_0395.pdb,E5C,4,0.8075877453045264,0.0728834,-0.7347043479637518,0.7347043479637518
HHH_rd4_0395.pdb,K6Q,5,-0.3675769171106839,0.18935499,0.5569319030630613,0.5569319030630613
HHH_rd4_0395.pdb,K6E,5,-0.196931219067423,0.36445907,0.5613902866505072,0.5613902866505072
HHH_rd4_0395.pdb,K6N,5,-0.0942426848157511,0.3547762,0.44901888844810584,0.44901888844810584
HHH_rd4_0395.pdb,K6H,5,-0.0599078555357768,0.39082518,0.45073303773525497,0.45073303773525497
HHH_rd4_0395.pdb,K6D,5,0.0794069451004353,0.59440166,0.514994712480894,0.514994712480894
HHH_rd4_0395.pdb,K6R,5,-0.6854720182131837,-0.066519946,0.6189520723532747,0.6189520723532747
HHH_rd4_0395.pdb,K6T,5,0.0340015270573426,0.4228171,0.3888155839579772,0.3888155839579772
HHH_rd4_0395.pdb,K6S,5,0.0006519900775745,0.38663992,0.38598793277971005,0.38598793277971005
HHH_rd4_0395.pdb,K6A,5,-0.5266436284612066,0.2224749,0.7491185313294775,0.7491185313294775
HHH_rd4_0395.pdb,K6G,5,0.4282338099486722,0.6838607,0.25562690925527676,0.25562690925527676
HHH_rd4_0395.pdb,K6M,5,-0.2957595661928636,0.17845918,0.47421874857449353,0.47421874857449353
HHH_rd4_0395.pdb,K6L,5,-0.3053845646285715,0.20520984,0.510594400992364,0.510594400992364
HHH_rd4_0395.pdb,K6V,5,-0.0023726424860184,0.43267217,0.43504481527082367,0.43504481527082367
HHH_rd4_0395.pdb,K6I,5,-0.1658489747923304,0.24968243,0.4155314012449671,0.4155314012449671
HHH_rd4_0395.pdb,K6W,5,-0.1481881304680992,0.379121,0.5273091360032249,0.5273091360032249
HHH_rd4_0395.pdb,K6Y,5,-0.0197941895888824,0.39312577,0.4129199620650787,0.4129199620650787
HHH_rd4_0395.pdb,K6F,5,-0.1304640308740916,0.42864108,0.5591051117304149,0.5591051117304149
HHH_rd4_0395.pdb,K6P,5,1.6644019266818382,1.343908,-0.3204939743731834,0.3204939743731834
HHH_rd4_0395.pdb,K6C,5,0.5356832304912857,0.20190987,-0.33377336058199925,0.33377336058199925
HHH_rd4_0395.pdb,R7Q,6,-0.3456288058655561,0.3537251,0.6993539113896192,0.6993539113896192
HHH_rd4_0395.pdb,R7E,6,0.2512438543468547,0.7502914,0.4990475527614522,0.4990475527614522
HHH_rd4_0395.pdb,R7N,6,0.7138272132456276,0.7070422,-0.006784995990988918,0.006784995990988918
HHH_rd4_0395.pdb,R7H,6,-0.6877272879448633,0.14677833,0.8345056181517343,0.8345056181517343
HHH_rd4_0395.pdb,R7D,6,1.3826497140922926,1.1312329,-0.25141685638813005,0.25141685638813005
HHH_rd4_0395.pdb,R7K,6,-0.5674192286529367,0.17818917,0.7456084019937341,0.7456084019937341
HHH_rd4_0395.pdb,R7T,6,-0.8712488126104505,0.010843195,0.882092007631603,0.882092007631603
HHH_rd4_0395.pdb,R7S,6,0.5938993406409727,0.47078928,-0.12311005712694989,0.12311005712694989
HHH_rd4_0395.pdb,R7A,6,-0.1933239894407292,0.19576102,0.389085014392664,0.389085014392664
HHH_rd4_0395.pdb,R7G,6,1.4785218296585496,0.9545616,-0.5239602385101731,0.5239602385101731
HHH_rd4_0395.pdb,R7P,6,2.8028837211813995,1.2893296,-1.5135540731635162,1.5135540731635162
HHH_rd4_0395.pdb,R7C,6,-0.1186223196991145,-0.45610258,-0.3374802601329625,0.3374802601329625
HHH_rd4_0395.pdb,A8Q,7,3.196753029688145,1.6642563,-1.5324966953833354,1.5324966953833354
HHH_rd4_0395.pdb,A8E,7,3.1486034847192808,1.8350959,-1.3135076023035093,1.3135076023035093
HHH_rd4_0395.pdb,A8N,7,2.974149293049705,1.9724536,-1.0016956988419414,1.0016956988419414
HHH_rd4_0395.pdb,A8H,7,2.856840667148397,1.5156888,-1.3411518901784873,1.3411518901784873
HHH_rd4_0395.pdb,A8D,7,2.992436533530117,2.0085497,-0.983886843283535,0.983886843283535
HHH_rd4_0395.pdb,A8R,7,2.724896360767409,1.5123734,-1.2125229133491962,1.2125229133491962
HHH_rd4_0395.pdb,A8K,7,3.03620270101499,1.6212339,-1.4149687608904782,1.4149687608904782
HHH_rd4_0395.pdb,A8T,7,1.6745463388498845,1.528595,-0.14595136814675946,0.14595136814675946
HHH_rd4_0395.pdb,A8S,7,1.8777021369498772,1.2985212,-0.5791809758704705,0.5791809758704705
HHH_rd4_0395.pdb,A8G,7,1.32673159817922,0.67692006,-0.6498115418361414,0.6498115418361414
HHH_rd4_0395.pdb,A8M,7,1.441506525012619,1.0255775,-0.4159289798466035,0.4159289798466035
HHH_rd4_0395.pdb,A8L,7,1.5747305102600286,0.8223371,-0.7523934192909429,0.7523934192909429
HHH_rd4_0395.pdb,A8V,7,0.409365729993528,0.97811747,0.5687517359793723,0.5687517359793723
HHH_rd4_0395.pdb,A8I,7,0.3054512842229826,0.9001914,0.594740142054178,0.594740142054178
HHH_rd4_0395.pdb,A8W,7,1.566916142775277,0.8464227,-0.7204934705035484,0.7204934705035484
HHH_rd4_0395.pdb,A8Y,7,1.7466345098113307,0.7901536,-0.9564808871840724,0.9564808871840724
HHH_rd4_0395.pdb,A8F,7,1.5829859867982936,0.79470485,-0.7882811323099208,0.7882811323099208
HHH_rd4_0395.pdb,A8P,7,3.017907725834288,2.061783,-0.9561246505016463,0.9561246505016463
HHH_rd4_0395.pdb,A8C,7,0.8382431558170476,0.6534271,-0.18481603179361006,0.18481603179361006
HHH_rd4_0395.pdb,R9Q,8,0.0716170791961543,0.38934147,0.31772439438325245,0.31772439438325245
HHH_rd4_0395.pdb,R9E,8,0.5208166780946684,0.44345522,-0.07736145882586953,0.07736145882586953
HHH_rd4_0395.pdb,R9N,8,0.0914715364624498,0.69600534,0.6045338079284194,0.6045338079284194
HHH_rd4_0395.pdb,R9H,8,0.2199694425157172,0.41627342,0.19630397257293636,0.19630397257293636
HHH_rd4_0395.pdb,R9D,8,1.0773510658309189,0.94940233,-0.12794873352501068,0.12794873352501068
HHH_rd4_0395.pdb,R9K,8,-0.0283620112537645,0.30855852,0.3369205349087022,0.3369205349087022
HHH_rd4_0395.pdb,R9T,8,0.511331586135432,0.43832478,-0.07300680686335248,0.07300680686335248
HHH_rd4_0395.pdb,R9S,8,0.5730977820938707,0.55798036,-0.01511742349325429,0.01511742349325429
HHH_rd4_0395.pdb,R9A,8,0.4301932170553737,0.26946393,-0.16072929050164753,0.16072929050164753
HHH_rd4_0395.pdb,R9G,8,0.9598848557001772,1.0842786,0.1243937278264341,0.1243937278264341
HHH_rd4_0395.pdb,R9M,8,0.0518503084859136,0.004810661,-0.04703964740841421,0.04703964740841421
HHH_rd4_0395.pdb,R9L,8,-0.1821552360614964,-0.11905238,0.06310285573808636,0.06310285573808636
HHH_rd4_0395.pdb,R9V,8,0.3459596816552981,0.20071106,-0.14524862506521785,0.14524862506521785
HHH_rd4_0395.pdb,R9I,8,0.1142306057998343,-0.09779343,-0.21202403588978486,0.21202403588978486
HHH_rd4_0395.pdb,R9W,8,-0.3845888319102126,-0.16835305,0.21623578096302326,0.21623578096302326
HHH_rd4_0395.pdb,R9Y,8,-0.0789754527006687,-0.14187911,-0.0629036588277279,0.0629036588277279
HHH_rd4_0395.pdb,R9F,8,0.1108933591827794,-0.0061683357,-0.11706169485897264,0.11706169485897264
HHH_rd4_0395.pdb,R9P,8,3.261404944622741,1.8882408,-1.3731641304137567,1.3731641304137567
HHH_rd4_0395.pdb,R9C,8,0.2859336174805467,0.07144275,-0.21449086440399334,0.21449086440399334
HHH_rd4_0395.pdb,E10Q,9,0.2546287925704855,0.24682248,-0.007806316183461559,0.007806316183461559
HHH_rd4_0395.pdb,E10N,9,0.5809970623200416,0.422157,-0.15884007274560918,0.15884007274560918
HHH_rd4_0395.pdb,E10H,9,0.6178263428279545,0.3319681,-0.285858243949094,0.285858243949094
HHH_rd4_0395.pdb,E10D,9,-0.0651225495676728,0.28910878,0.3542313325743409,0.3542313325743409
HHH_rd4_0395.pdb,E10R,9,0.4766611179642162,0.23216945,-0.24449166863483995,0.24449166863483995
HHH_rd4_0395.pdb,E10K,9,0.6675583909617546,0.27304,-0.3945183943377617,0.3945183943377617
HHH_rd4_0395.pdb,E10T,9,0.6756608147253598,0.37902263,-0.2966381866564358,0.2966381866564358
HHH_rd4_0395.pdb,E10S,9,0.6282233512083346,0.28154835,-0.3466750001589114,0.3466750001589114
HHH_rd4_0395.pdb,E10A,9,0.0617560928969265,0.06854877,0.006792675861847307,0.006792675861847307
HHH_rd4_0395.pdb,E10G,9,1.143445568638504,0.5848191,-0.5586264901930695,0.5586264901930695
HHH_rd4_0395.pdb,E10M,9,0.1515503064562975,0.08227204,-0.06927826859256611,0.06927826859256611
HHH_rd4_0395.pdb,E10L,9,0.1689955728322445,0.13797668,-0.031018896606582275,0.031018896606582275
HHH_rd4_0395.pdb,E10V,9,0.5123429453442245,0.37628037,-0.13606257796980437,0.13606257796980437
HHH_rd4_0395.pdb,E10I,9,0.2229577549086667,0.2611173,0.038159554423227215,0.038159554423227215
HHH_rd4_0395.pdb,E10W,9,-0.2214980508551534,0.07863712,0.30013517396306355,0.30013517396306355
HHH_rd4_0395.pdb,E10Y,9,-0.0601730453771192,0.11784515,0.17801819322524848,0.17801819322524848
HHH_rd4_0395.pdb,E10F,9,0.1700282799930956,0.16114068,-0.008887599679985259,0.008887599679985259
HHH_rd4_0395.pdb,E10P,9,2.662909099504,1.4008436,-1.2620654792037072,1.2620654792037072
HHH_rd4_0395.pdb,E10C,9,0.1715209345304531,0.029412568,-0.14210836691494408,0.14210836691494408
HHH_rd4_0395.pdb,L11Q,10,1.97171523570342,1.4119406,-0.5597746610574239,0.5597746610574239
HHH_rd4_0395.pdb,L11E,10,1.582005160867376,1.5854324,0.0034272493727973696,0.0034272493727973696
HHH_rd4_0395.pdb,L11N,10,2.7464513171351226,1.9109352,-0.8355161536371978,0.8355161536371978
HHH_rd4_0395.pdb,L11H,10,2.1615647766758994,1.5455589,-0.61600584723254,0.61600584723254
HHH_rd4_0395.pdb,L11D,10,2.0300740569902955,1.7975335,-0.232540544874817,0.232540544874817
HHH_rd4_0395.pdb,L11R,10,2.7970088736947547,1.7093775,-1.0876313464578162,1.0876313464578162
HHH_rd4_0395.pdb,L11K,10,2.653864802280254,1.7103162,-0.9435486210973925,0.9435486210973925
HHH_rd4_0395.pdb,L11T,10,3.029037321441948,1.4173918,-1.6116455444033737,1.6116455444033737
HHH_rd4_0395.pdb,L11S,10,2.471750212530666,1.5589795,-0.9127707012696797,0.9127707012696797
HHH_rd4_0395.pdb,L11A,10,1.4849391477614424,1.2798433,-0.20509581737814164,0.20509581737814164
HHH_rd4_0395.pdb,L11G,10,2.9680378350139085,1.8866851,-1.0813527020335618,1.0813527020335618
HHH_rd4_0395.pdb,L11M,10,-0.4876322128451047,0.2850682,0.7727004267847715,0.7727004267847715
HHH_rd4_0395.pdb,L11V,10,2.689424294094761,1.2529515,-1.436472791294773,1.436472791294773
HHH_rd4_0395.pdb,L11I,10,2.084109521133307,0.68273205,-1.4013774754828248,1.4013774754828248
HHH_rd4_0395.pdb,L11W,10,0.6386552661804874,0.5578177,-0.08083756865546299,0.08083756865546299
HHH_rd4_0395.pdb,L11Y,10,1.2259494286824957,0.5852649,-0.6406845074941412,0.6406845074941412
HHH_rd4_0395.pdb,L11F,10,1.4108440375194211,0.6339712,-0.7768728232249875,0.7768728232249875
HHH_rd4_0395.pdb,L11P,10,3.323282191416648,2.146673,-1.1766092273205788,1.1766092273205788
HHH_rd4_0395.pdb,L11C,10,0.5020519668121715,0.7087616,0.20670960602565813,0.20670960602565813
HHH_rd4_0395.pdb,Y12Q,11,0.7014190827885947,1.534894,0.8334749067743936,0.8334749067743936
HHH_rd4_0395.pdb,Y12E,11,1.3121287372664252,1.8473597,0.5352309200211725,0.5352309200211725
HHH_rd4_0395.pdb,Y12N,11,0.7139772242897688,1.7554381,1.0414608650809587,1.0414608650809587
HHH_rd4_0395.pdb,Y12H,11,0.1180952343563266,0.9729737,0.8548784699817471,0.8548784699817471
HHH_rd4_0395.pdb,Y12D,11,0.968962214351044,1.9139732,0.9450109978910824,0.9450109978910824
HHH_rd4_0395.pdb,Y12R,11,0.8793764621022686,1.4681449,0.5887684315439716,0.5887684315439716
HHH_rd4_0395.pdb,Y12K,11,1.0539514382673485,1.6061673,0.5522158781694191,0.5522158781694191
HHH_rd4_0395.pdb,Y12T,11,1.18611522215118,1.6681232,0.4820080230880779,0.4820080230880779
HHH_rd4_0395.pdb,Y12S,11,0.6152870228600795,1.531323,0.9160359332251256,0.9160359332251256
HHH_rd4_0395.pdb,Y12A,11,0.0914934304969312,1.0427557,0.9512622925026415,0.9512622925026415
HHH_rd4_0395.pdb,Y12G,11,1.4531660834392488,1.8162408,0.3630747040668547,0.3630747040668547
HHH_rd4_0395.pdb,Y12M,11,-0.0423220414909062,0.90197325,0.9442952890189824,0.9442952890189824
HHH_rd4_0395.pdb,Y12L,11,-0.2002308599401088,0.8361088,1.0363396636891933,1.0363396636891933
HHH_rd4_0395.pdb,Y12V,11,0.4496167321956701,1.3769808,0.9273640493595057,0.9273640493595057
HHH_rd4_0395.pdb,Y12I,11,0.1721360215975744,1.1076101,0.9354740848706262,0.9354740848706262
HHH_rd4_0395.pdb,Y12W,11,-0.4164962862252643,0.20738065,0.6238769386529377,0.6238769386529377
HHH_rd4_0395.pdb,Y12F,11,-0.5617990821690091,0.32719928,0.8889983624310025,0.8889983624310025
HHH_rd4_0395.pdb,Y12P,11,3.394781006249703,2.5297332,-0.8650478252499472,0.8650478252499472
HHH_rd4_0395.pdb,Y12C,11,0.3299284805743063,0.6772636,0.34733513694125767,0.34733513694125767
HHH_rd4_0395.pdb,K13Q,12,-0.2362458017848263,0.04418516,0.28043096337540246,0.28043096337540246
HHH_rd4_0395.pdb,K13E,12,-0.3129882326514561,0.039679088,0.3526673203499157,0.3526673203499157
HHH_rd4_0395.pdb,K13N,12,-0.3680076017792544,0.15628006,0.5242876574213824,0.5242876574213824
HHH_rd4_0395.pdb,K13H,12,-0.1605801881305821,0.084401615,0.24498180309459044,0.24498180309459044
HHH_rd4_0395.pdb,K13D,12,-0.0107570267179792,0.24787721,0.25863423709662603,0.25863423709662603
HHH_rd4_0395.pdb,K13R,12,-0.5182878624531817,0.06041266,0.5787005226943087,0.5787005226943087
HHH_rd4_0395.pdb,K13T,12,0.3402446512530441,0.21545953,-0.12478512566786953,0.12478512566786953
HHH_rd4_0395.pdb,K13S,12,-0.1879935516263948,0.1184698,0.3064633487011896,0.3064633487011896
HHH_rd4_0395.pdb,K13A,12,-0.4985758986646456,-0.071515515,0.4270603832179827,0.4270603832179827
HHH_rd4_0395.pdb,K13G,12,0.2867925141083649,0.31479323,0.028000714994723452,0.028000714994723452
HHH_rd4_0395.pdb,K13M,12,-0.4155272806868009,-0.11184518,0.3036821002945356,0.3036821002945356
HHH_rd4_0395.pdb,K13L,12,-0.4377458977737216,-0.15831925,0.2794266480245379,0.2794266480245379
HHH_rd4_0395.pdb,K13V,12,0.2737087783720144,0.31553978,0.04183099890688574,0.04183099890688574
HHH_rd4_0395.pdb,K13I,12,0.1056148230139735,0.19809349,0.0924786657984731,0.0924786657984731
HHH_rd4_0395.pdb,K13W,12,0.0074481018471521,0.03439799,0.026949887664337768,0.026949887664337768
HHH_rd4_0395.pdb,K13Y,12,-0.1970721327081008,0.07091528,0.26798741448071434,0.26798741448071434
HHH_rd4_0395.pdb,K13F,12,-0.1042788397960023,0.15470079,0.2589796256713227,0.2589796256713227
HHH_rd4_0395.pdb,K13P,12,2.5937129762140003,1.3072083,-1.2865046765771595,1.2865046765771595
HHH_rd4_0395.pdb,K13C,12,0.1705786745454096,-0.20461525,-0.3751939247752451,0.3751939247752451
HHH_rd4_0395.pdb,R14Q,13,-0.9041948929126438,0.08784947,0.9920443609054264,0.9920443609054264
HHH_rd4_0395.pdb,R14E,13,-0.1047894737998627,0.32147306,0.42626253583828433,0.42626253583828433
HHH_rd4_0395.pdb,R14N,13,-0.5619329843927616,0.31807292,0.8800058994699711,0.8800058994699711
HHH_rd4_0395.pdb,R14H,13,-0.1201984974887104,0.20492515,0.3251236471678944,0.3251236471678944
HHH_rd4_0395.pdb,R14D,13,0.2758836930434425,0.61849344,0.3426097447235863,0.3426097447235863
HHH_rd4_0395.pdb,R14K,13,-0.4447430470019684,-0.021780953,0.4229620941907272,0.4229620941907272
HHH_rd4_0395.pdb,R14T,13,0.1580796793748335,0.26429263,0.10621294819817981,0.10621294819817981
HHH_rd4_0395.pdb,R14S,13,-0.3615774447088506,0.26021346,0.6217909092073706,0.6217909092073706
HHH_rd4_0395.pdb,R14A,13,-0.8473669999508591,0.0705902,0.9179571979908676,0.9179571979908676
HHH_rd4_0395.pdb,R14G,13,0.3524988053847711,0.40636447,0.05386566533552006,0.05386566533552006
HHH_rd4_0395.pdb,R14M,13,-0.8657526216395386,-0.1377117,0.7280409178622254,0.7280409178622254
HHH_rd4_0395.pdb,R14L,13,-0.7428456329634203,-0.16256768,0.5802779578497423,0.5802779578497423
HHH_rd4_0395.pdb,R14V,13,0.2550285888861539,0.30538204,0.050353454237091366,0.050353454237091366
HHH_rd4_0395.pdb,R14I,13,-0.1348678310039903,0.12991247,0.26478029681476606,0.26478029681476606
HHH_rd4_0395.pdb,R14W,13,0.1118020759465086,0.118767545,0.006965468680681042,0.006965468680681042
HHH_rd4_0395.pdb,R14Y,13,0.1451909393954409,0.15559809,0.010407149703489466,0.010407149703489466
HHH_rd4_0395.pdb,R14F,13,0.1695604214509769,0.1527072,-0.016853217228297773,0.016853217228297773
HHH_rd4_0395.pdb,R14P,13,2.414351388684364,1.2624816,-1.1518698184405287,1.1518698184405287
HHH_rd4_0395.pdb,R14C,13,-0.1691136728993094,-0.17032847,-0.0012147951850259298,0.0012147951850259298
HHH_rd4_0395.pdb,G15Q,14,1.6476437862956774,0.9577314,-0.6899123605335009,0.6899123605335009
HHH_rd4_0395.pdb,G15E,14,2.212575902951703,1.2606955,-0.9518804454932068,0.9518804454932068
HHH_rd4_0395.pdb,G15N,14,1.1597269234005427,0.68821025,-0.4715166744533992,0.4715166744533992
HHH_rd4_0395.pdb,G15H,14,1.2578927037276708,0.8672919,-0.39060077639002433,0.39060077639002433
HHH_rd4_0395.pdb,G15D,14,2.010375162602792,0.9787297,-1.0316454377187587,1.0316454377187587
HHH_rd4_0395.pdb,G15R,14,1.599636088982482,1.1808113,-0.4188248030098869,0.4188248030098869
HHH_rd4_0395.pdb,G15K,14,1.412914097611214,1.0259314,-0.38698273927381166,0.38698273927381166
HHH_rd4_0395.pdb,G15T,14,2.609814117518159,1.320953,-1.2888611060054025,1.2888611060054025
HHH_rd4_0395.pdb,G15S,14,1.8552204471576383,0.97235614,-0.8828643065440824,0.8828643065440824
HHH_rd4_0395.pdb,G15A,14,1.8312508208732383,1.0600042,-0.7712465865592735,0.7712465865592735
HHH_rd4_0395.pdb,G15M,14,1.6762002942516814,1.0586723,-0.6175279853298674,0.6175279853298674
HHH_rd4_0395.pdb,G15L,14,1.6495203752337586,1.0949786,-0.5545418042956483,0.5545418042956483
HHH_rd4_0395.pdb,G15V,14,2.6955617108028824,1.5814934,-1.1140683331173356,1.1140683331173356
HHH_rd4_0395.pdb,G15I,14,2.548389175992381,1.6116703,-0.9367189203313702,0.9367189203313702
HHH_rd4_0395.pdb,G15W,14,1.351438149036567,1.0083464,-0.34309171062866906,0.34309171062866906
HHH_rd4_0395.pdb,G15Y,14,1.642519567146817,0.9770473,-0.6654722429662139,0.6654722429662139
HHH_rd4_0395.pdb,G15F,14,1.5374954598305095,0.8359704,-0.7015250580665935,0.7015250580665935
HHH_rd4_0395.pdb,G15P,14,2.958316248614824,1.7201252,-1.238191050250566,1.238191050250566
HHH_rd4_0395.pdb,G15C,14,0.8645789236258987,0.44203967,-0.42253925506587064,0.42253925506587064
HHH_rd4_0395.pdb,V16Q,15,0.4797500503776222,0.57647884,0.09672878854297107,0.09672878854297107
HHH_rd4_0395.pdb,V16E,15,0.7123151065681079,0.60570014,-0.10661497133708986,0.10661497133708986
HHH_rd4_0395.pdb,V16N,15,0.6761732920177703,0.775325,0.09915170826833197,0.09915170826833197
HHH_rd4_0395.pdb,V16H,15,-0.1063070193523296,0.399863,0.5061700240367778,0.5061700240367778
HHH_rd4_0395.pdb,V16D,15,1.1206773775235686,0.82322073,-0.2974566476956877,0.2974566476956877
HHH_rd4_0395.pdb,V16R,15,0.6869530251597142,0.73530793,0.04835490674031018,0.04835490674031018
HHH_rd4_0395.pdb,V16K,15,0.4139087935275665,0.7133307,0.2994218925648102,0.2994218925648102
HHH_rd4_0395.pdb,V16T,15,0.6059569822610245,0.38070756,-0.22524942029126738,0.22524942029126738
HHH_rd4_0395.pdb,V16S,15,0.5334907617720441,0.60797095,0.07448019121562677,0.07448019121562677
HHH_rd4_0395.pdb,V16A,15,-0.4333438355236385,0.45138916,0.8847329992561672,0.8847329992561672
HHH_rd4_0395.pdb,V16G,15,0.902684066718196,0.9569003,0.05421623187723246,0.05421623187723246
HHH_rd4_0395.pdb,V16M,15,-0.73804328766846,0.15178518,0.8898284676411086,0.8898284676411086
HHH_rd4_0395.pdb,V16L,15,-0.5242391700054334,0.15172273,0.6759618992115186,0.6759618992115186
HHH_rd4_0395.pdb,V16I,15,-0.0994603633882165,-0.08925551,0.010204851627504827,0.010204851627504827
HHH_rd4_0395.pdb,V16W,15,-1.1042589005469114,-0.08173084,1.0225280579565794,1.0225280579565794
HHH_rd4_0395.pdb,V16P,15,2.997537098640153,1.1225502,-1.8749868495404214,1.8749868495404214
HHH_rd4_0395.pdb,V16C,15,-0.2187553754747533,-0.086321,0.13243437919026843,0.13243437919026843
HHH_rd4_0395.pdb,S17Q,16,0.5581618559939603,0.6835587,0.12539684647491178,0.12539684647491178
HHH_rd4_0395.pdb,S17E,16,0.5803178624691627,0.6529474,0.07262956337312243,0.07262956337312243
HHH_rd4_0395.pdb,S17N,16,0.1440648632490919,0.37054318,0.22647831864711782,0.22647831864711782
HHH_rd4_0395.pdb,S17H,16,0.3920781821726451,0.63978314,0.24770496182454727,0.24770496182454727
HHH_rd4_0395.pdb,S17D,16,0.0910049764492191,0.3948459,0.30384092647055017,0.30384092647055017
HHH_rd4_0395.pdb,S17R,16,0.4752231265529087,0.66289675,0.1876736258045742,0.1876736258045742
HHH_rd4_0395.pdb,S17K,16,0.2842829574511087,0.58921987,0.3049369107320273,0.3049369107320273
HHH_rd4_0395.pdb,S17T,16,-0.0505831595652406,0.07461473,0.1251978930228059,0.1251978930228059
HHH_rd4_0395.pdb,S17A,16,0.1594214230705128,0.42666024,0.2672388166259899,0.2672388166259899
HHH_rd4_0395.pdb,S17G,16,0.0781066323583217,0.5279793,0.4498726819689183,0.4498726819689183
HHH_rd4_0395.pdb,S17M,16,0.854143980432128,0.72791445,-0.12622952787933261,0.12622952787933261
HHH_rd4_0395.pdb,S17L,16,0.7016192035760564,0.650609,-0.05101018715759942,0.05101018715759942
HHH_rd4_0395.pdb,S17V,16,1.0303026521788174,0.7206019,-0.30970073586564606,0.30970073586564606
HHH_rd4_0395.pdb,S17I,16,1.1659904142026996,0.7912614,-0.3747290392522906,0.3747290392522906
HHH_rd4_0395.pdb,S17W,16,1.2074994750675063,0.69211435,-0.5153851218875747,0.5153851218875747
HHH_rd4_0395.pdb,S17Y,16,1.2574485645376503,0.6977596,-0.5596889362417519,0.5596889362417519
HHH_rd4_0395.pdb,S17F,16,1.2082664063554711,0.7762946,-0.43197181731280754,0.43197181731280754
HHH_rd4_0395.pdb,S17P,16,-0.2782199236346061,0.3163906,0.5946105274153526,0.5946105274153526
HHH_rd4_0395.pdb,S17C,16,0.3748300611406985,0.33776343,-0.037066632452649184,0.037066632452649184
HHH_rd4_0395.pdb,K18Q,17,-1.0335520933385904,0.08878546,1.1223375554200228,1.1223375554200228
HHH_rd4_0395.pdb,K18N,17,-0.323635814556404,0.26882517,0.5924609879343947,0.5924609879343947
HHH_rd4_0395.pdb,K18H,17,-0.5860224527520366,0.0075757876,0.5935982403558917,0.5935982403558917
HHH_rd4_0395.pdb,K18R,17,-0.3403657743454733,0.20534101,0.5457067856312552,0.5457067856312552
HHH_rd4_0395.pdb,K18S,17,-1.1060948662743044,0.10958999,1.2156848527774287,1.2156848527774287
HHH_rd4_0395.pdb,K18G,17,-0.7505649291938097,0.14863154,0.899196472114876,0.899196472114876
HHH_rd4_0395.pdb,K18C,17,0.0219341452141725,-0.490484,-0.5124181444664918,0.5124181444664918
HHH_rd4_0395.pdb,E19Q,18,-0.2674274129289742,0.18714502,0.45457243746701437,0.45457243746701437
HHH_rd4_0395.pdb,E19N,18,-0.0827930772473224,0.25552726,0.33832033516663396,0.33832033516663396
HHH_rd4_0395.pdb,E19H,18,-0.0829581242010855,0.24362706,0.32658518068053954,0.32658518068053954
HHH_rd4_0395.pdb,E19D,18,-0.1531003340252335,0.18194151,0.33504184327205966,0.33504184327205966
HHH_rd4_0395.pdb,E19R,18,-0.2806889088520368,0.28265506,0.5633439691433271,0.5633439691433271
HHH_rd4_0395.pdb,E19K,18,-0.2888172679877261,0.21268852,0.501505788538454,0.501505788538454
HHH_rd4_0395.pdb,E19T,18,-0.0856690002523263,0.3218108,0.40747981201036765,0.40747981201036765
HHH_rd4_0395.pdb,E19S,18,-0.1155853918364044,0.20103598,0.3166213682463165,0.3166213682463165
HHH_rd4_0395.pdb,E19A,18,-0.3029678277574597,0.055021584,0.35798941179142574,0.35798941179142574
HHH_rd4_0395.pdb,E19G,18,0.1064496269962282,0.3290614,0.22261176197319318,0.22261176197319318
HHH_rd4_0395.pdb,E19M,18,0.0645564013139106,0.22304252,0.1584861165865563,0.1584861165865563
HHH_rd4_0395.pdb,E19L,18,0.066470960891789,0.18316755,0.11669658609574457,0.11669658609574457
HHH_rd4_0395.pdb,E19V,18,0.1424817857742475,0.30059034,0.15810855054853692,0.15810855054853692
HHH_rd4_0395.pdb,E19I,18,0.0905076488494618,0.32763177,0.23712412271502184,0.23712412271502184
HHH_rd4_0395.pdb,E19W,18,0.0791771859716155,0.19592544,0.11674825839293224,0.11674825839293224
HHH_rd4_0395.pdb,E19Y,18,0.1758777169195129,0.27814013,0.1022624107393311,0.1022624107393311
HHH_rd4_0395.pdb,E19F,18,0.1911163686048267,0.34707904,0.15596267001516842,0.15596267001516842
HHH_rd4_0395.pdb,E19P,18,0.4640523268149934,0.5384333,0.07438098655475756,0.07438098655475756
HHH_rd4_0395.pdb,Q20E,19,-0.855184415768127,0.06827015,0.9234545626148982,0.9234545626148982
HHH_rd4_0395.pdb,Q20N,19,0.2287424308043704,0.46917647,0.24043404042899752,0.24043404042899752
HHH_rd4_0395.pdb,Q20H,19,0.0167376507034564,0.2612206,0.24448295347783328,0.24448295347783328
HHH_rd4_0395.pdb,Q20D,19,-0.1734699728943156,0.41865826,0.5921282294250774,0.5921282294250774
HHH_rd4_0395.pdb,Q20R,19,-0.3739349077887901,0.18974742,0.5636823307223686,0.5636823307223686
HHH_rd4_0395.pdb,Q20K,19,-0.6229606328124246,0.12988476,0.752845397364541,0.752845397364541
HHH_rd4_0395.pdb,Q20T,19,-0.2583133918528801,0.33941433,0.5977277201895959,0.5977277201895959
HHH_rd4_0395.pdb,Q20S,19,0.2233134954780169,0.35873854,0.13542504612507147,0.13542504612507147
HHH_rd4_0395.pdb,Q20A,19,-0.4401147251208641,0.042514384,0.4826291089137413,0.4826291089137413
HHH_rd4_0395.pdb,Q20G,19,0.1169630090480247,0.6544374,0.5374744137043557,0.5374744137043557
HHH_rd4_0395.pdb,Q20M,19,-0.5308936213124529,0.047086,0.5779796217549578,0.5779796217549578
HHH_rd4_0395.pdb,Q20L,19,-0.4229769766094868,0.16017878,0.583155757165212,0.583155757165212
HHH_rd4_0395.pdb,Q20V,19,-0.8980589266806858,0.26262438,1.160683309653403,1.160683309653403
HHH_rd4_0395.pdb,Q20I,19,-0.8383745913119744,0.16030166,0.998676246842904,0.998676246842904
HHH_rd4_0395.pdb,Q20W,19,0.0563149017194195,0.14486009,0.08854518710580633,0.08854518710580633
HHH_rd4_0395.pdb,Q20Y,19,-0.2082252430401912,0.14872406,0.3569493072711101,0.3569493072711101
HHH_rd4_0395.pdb,Q20F,19,-0.1795363363060884,0.17195861,0.3514949467215471,0.3514949467215471
HHH_rd4_0395.pdb,Q20P,19,2.5800630501299064,1.4356632,-1.1443998268633049,1.1443998268633049
HHH_rd4_0395.pdb,I21Q,20,3.242923387342195,1.8839068,-1.3590165460641188,1.3590165460641188
HHH_rd4_0395.pdb,I21E,20,3.774634525450042,2.5423012,-1.2323333474715263,1.2323333474715263
HHH_rd4_0395.pdb,I21N,20,3.8143449230360487,2.5175405,-1.2968044681715467,1.2968044681715467
HHH_rd4_0395.pdb,I21H,20,3.591772074793226,2.1747384,-1.4170336676582163,1.4170336676582163
HHH_rd4_0395.pdb,I21D,20,4.024273331052907,2.6335793,-1.3906940769025162,1.3906940769025162
HHH_rd4_0395.pdb,I21R,20,3.4790625589895656,1.9986465,-1.4804160612631252,1.4804160612631252
HHH_rd4_0395.pdb,I21K,20,3.669211664572798,2.1275043,-1.541707315817915,1.541707315817915
HHH_rd4_0395.pdb,I21T,20,2.540140076875951,2.013168,-0.5269719803335926,0.5269719803335926
HHH_rd4_0395.pdb,I21S,20,3.388568011562068,2.1760092,-1.212558833400447,1.212558833400447
HHH_rd4_0395.pdb,I21A,20,2.693888769785112,1.6141084,-1.079780326524919,1.079780326524919
HHH_rd4_0395.pdb,I21G,20,4.033674359576226,2.4606898,-1.5729845764799126,1.5729845764799126
HHH_rd4_0395.pdb,I21M,20,1.4370352272664095,0.99565923,-0.44137599512682213,0.44137599512682213
HHH_rd4_0395.pdb,I21L,20,0.9449342946191086,0.73526204,-0.20967225829556124,0.20967225829556124
HHH_rd4_0395.pdb,I21V,20,0.9763272840757602,0.8800513,-0.09627596924498016,0.09627596924498016
HHH_rd4_0395.pdb,I21W,20,2.4890361833030425,1.7042961,-0.7847400712424957,0.7847400712424957
HHH_rd4_0395.pdb,I21Y,20,2.841730855313269,1.7425965,-1.0991343482408205,1.0991343482408205
HHH_rd4_0395.pdb,I21F,20,2.5672927423147445,1.2902737,-1.2770190759329085,1.2770190759329085
HHH_rd4_0395.pdb,I21P,20,3.871696675675965,2.7814984,-1.0901982435165412,1.0901982435165412
HHH_rd4_0395.pdb,I21C,20,2.5156483808529653,1.3887632,-1.1268851915371694,1.1268851915371694
HHH_rd4_0395.pdb,K22Q,21,0.2537965658254197,0.18294075,-0.0708558145112565,0.0708558145112565
HHH_rd4_0395.pdb,K22E,21,0.1517245398789737,0.69211817,0.5403936279982235,0.5403936279982235
HHH_rd4_0395.pdb,K22N,21,0.9875258129007656,0.99501485,0.007489033424155078,0.007489033424155078
HHH_rd4_0395.pdb,K22H,21,0.6364551985860158,0.5439667,-0.09248848801854148,0.09248848801854148
HHH_rd4_0395.pdb,K22D,21,1.5339667454260164,1.458821,-0.07514568715270098,0.07514568715270098
HHH_rd4_0395.pdb,K22R,21,-0.4498173280650679,-0.1441682,0.3056491299563948,0.3056491299563948
HHH_rd4_0395.pdb,K22T,21,-0.157611121114348,0.4114281,0.5690392150245653,0.5690392150245653
HHH_rd4_0395.pdb,K22S,21,0.0855641624363703,0.59255123,0.506987068947907,0.506987068947907
HHH_rd4_0395.pdb,K22A,21,-0.3782808138317453,0.33183038,0.7101111961788522,0.7101111961788522
HHH_rd4_0395.pdb,K22G,21,0.4548008340545375,1.2353833,0.780582438116483,0.780582438116483
HHH_rd4_0395.pdb,K22M,21,-0.6463137259798328,-0.19982433,0.44648939278891486,0.44648939278891486
HHH_rd4_0395.pdb,K22L,21,0.0484488370525175,-0.20002759,-0.24847642208211956,0.24847642208211956
HHH_rd4_0395.pdb,K22V,21,-0.5515069252400471,0.095641196,0.6471481210141254,0.6471481210141254
HHH_rd4_0395.pdb,K22I,21,-0.8347539706540772,-0.22812843,0.6066255374265381,0.6066255374265381
HHH_rd4_0395.pdb,K22W,21,0.4904715537402815,0.15368344,-0.33678811484314863,0.33678811484314863
HHH_rd4_0395.pdb,K22Y,21,-0.0895008266309456,0.076680005,0.1661808312276558,0.1661808312276558
HHH_rd4_0395.pdb,K22F,21,-0.0486679946463022,0.104091644,0.15275963893341157,0.15275963893341157
HHH_rd4_0395.pdb,K22P,21,2.365707002199905,2.0713236,-0.2943833690059354,0.2943833690059354
HHH_rd4_0395.pdb,K22C,21,0.5193310783472271,-0.00059723854,-0.5199283168878766,0.5199283168878766
HHH_rd4_0395.pdb,E23Q,22,-0.2740672601400469,0.022135973,0.29620323311673147,0.29620323311673147
HHH_rd4_0395.pdb,E23N,22,-0.0518038046940629,0.23690672,0.2887105268820588,0.2887105268820588
HHH_rd4_0395.pdb,E23H,22,0.0694446586631296,0.170255,0.10081034669652006,0.10081034669652006
HHH_rd4_0395.pdb,E23D,22,-0.0069569348348372,0.26885092,0.2758078574193709,0.2758078574193709
HHH_rd4_0395.pdb,E23R,22,-0.3850182879354404,0.050185047,0.43520333502549396,0.43520333502549396
HHH_rd4_0395.pdb,E23K,22,-0.2634818409103108,0.044691518,0.3081733588594151,0.3081733588594151
HHH_rd4_0395.pdb,E23T,22,0.0564903194116839,0.20499274,0.14850242193467536,0.14850242193467536
HHH_rd4_0395.pdb,E23S,22,0.0051229269227235,0.20120075,0.19607782652767017,0.19607782652767017
HHH_rd4_0395.pdb,E23A,22,-0.2594017053987247,0.035501957,0.29490366233842197,0.29490366233842197
HHH_rd4_0395.pdb,E23G,22,0.4039547478114484,0.43588233,0.03192758212934749,0.03192758212934749
HHH_rd4_0395.pdb,E23M,22,-0.2190657704928114,-0.02866447,0.1904013007738783,0.1904013007738783
HHH_rd4_0395.pdb,E23L,22,-0.4128859907205777,-0.0057416856,0.4071443050916867,0.4071443050916867
HHH_rd4_0395.pdb,E23V,22,-0.1281692468178294,0.15387584,0.2820450895082972,0.2820450895082972
HHH_rd4_0395.pdb,E23I,22,-0.3665050216619487,0.027998835,0.39450385651035264,0.39450385651035264
HHH_rd4_0395.pdb,E23W,22,0.0453813858822056,0.13842733,0.09304594616144217,0.09304594616144217
HHH_rd4_0395.pdb,E23Y,22,0.2123913878490912,0.1350058,-0.07738558593296876,0.07738558593296876
HHH_rd4_0395.pdb,E23F,22,0.3801434272664528,0.17282668,-0.2073167497056465,0.2073167497056465
HHH_rd4_0395.pdb,E23P,22,2.6864949177798945,1.3048819,-1.3816129874286371,1.3816129874286371
HHH_rd4_0395.pdb,E23C,22,-0.0749065701005955,-0.08370021,-0.00879363975543783,0.00879363975543783
HHH_rd4_0395.pdb,V24Q,23,0.5009858240118783,0.761662,0.26067618236629553,0.26067618236629553
HHH_rd4_0395.pdb,V24E,23,-0.3595479720457764,0.48960567,0.8491536372526856,0.8491536372526856
HHH_rd4_0395.pdb,V24N,23,1.1446372193241707,0.92720604,-0.2174311798954598,0.2174311798954598
HHH_rd4_0395.pdb,V24H,23,0.1382373212778045,0.43734628,0.29910895834331974,0.29910895834331974
HHH_rd4_0395.pdb,V24D,23,0.4662553863528931,0.857919,0.39166359138453366,0.39166359138453366
HHH_rd4_0395.pdb,V24R,23,1.03456390646073,0.98373187,-0.0508320405778564,0.0508320405778564
HHH_rd4_0395.pdb,V24K,23,1.1401123844323615,1.048644,-0.09146843778471747,0.09146843778471747
HHH_rd4_0395.pdb,V24T,23,0.1478141961273937,0.60082865,0.45301445148613173,0.45301445148613173
HHH_rd4_0395.pdb,V24S,23,0.7499412916746624,0.8386394,0.08869808687300607,0.08869808687300607
HHH_rd4_0395.pdb,V24A,23,-0.0579584586358064,0.58731085,0.6452693092560762,0.6452693092560762
HHH_rd4_0395.pdb,V24G,23,1.61137084930506,1.2760992,-0.3352716442879702,0.3352716442879702
HHH_rd4_0395.pdb,V24M,23,-0.4933392465770705,0.27272284,0.7660620868862136,0.7660620868862136
HHH_rd4_0395.pdb,V24L,23,-0.3995298639182749,0.20007287,0.5996027335767451,0.5996027335767451
HHH_rd4_0395.pdb,V24I,23,-0.7472170289174969,-0.055372477,0.6918445523397381,0.6918445523397381
HHH_rd4_0395.pdb,V24W,23,-0.3028377045352606,-0.23756948,0.06526822340084593,0.06526822340084593
HHH_rd4_0395.pdb,V24Y,23,-0.7841950678686391,-0.26429096,0.5199041092256795,0.5199041092256795
HHH_rd4_0395.pdb,V24F,23,-0.9238737199884248,-0.06676957,0.8571041498761964,0.8571041498761964
HHH_rd4_0395.pdb,V24P,23,3.9125502367524345,1.6738567,-2.2386935015229423,2.2386935015229423
HHH_rd4_0395.pdb,V24C,23,0.5421495269938648,-0.024926066,-0.5670755933924854,0.5670755933924854
HHH_rd4_0395.pdb,L25Q,24,4.021665583030934,2.1140347,-1.9076309303209733,1.9076309303209733
HHH_rd4_0395.pdb,L25E,24,4.13169221408719,2.1258976,-2.0057945681368725,2.0057945681368725
HHH_rd4_0395.pdb,L25N,24,3.890123116092014,2.27777,-1.6123530736725806,1.6123530736725806
HHH_rd4_0395.pdb,L25H,24,4.033330235883649,2.0245774,-2.0087528566569643,2.0087528566569643
HHH_rd4_0395.pdb,L25D,24,4.142498785632798,2.1635056,-1.978993231433579,1.978993231433579
HHH_rd4_0395.pdb,L25R,24,3.7597468349781504,2.3778324,-1.3819144222584239,1.3819144222584239
HHH_rd4_0395.pdb,L25K,24,3.864274664826356,2.248585,-1.615689679093324,1.615689679093324
HHH_rd4_0395.pdb,L25T,24,3.88072018334262,1.8140479,-2.066672250717803,2.066672250717803
HHH_rd4_0395.pdb,L25S,24,3.4407547977407047,2.0660229,-1.3747319248159,1.3747319248159
HHH_rd4_0395.pdb,L25A,24,2.863973745671699,1.8228736,-1.0411001532949902,1.0411001532949902
HHH_rd4_0395.pdb,L25G,24,3.577850109463168,2.0803535,-1.4974966110043058,1.4974966110043058
HHH_rd4_0395.pdb,L25M,24,0.94971264488707,1.0069737,0.057261098551650735,0.057261098551650735
HHH_rd4_0395.pdb,L25V,24,2.412226849281246,1.3299031,-1.0823237235183067,1.0823237235183067
HHH_rd4_0395.pdb,L25I,24,1.6544604956849305,0.9500149,-0.7044456064446656,0.7044456064446656
HHH_rd4_0395.pdb,L25W,24,3.0558064441969144,1.584798,-1.4710084657957303,1.4710084657957303
HHH_rd4_0395.pdb,L25Y,24,2.726162346776169,1.6499916,-1.0761707152682956,1.0761707152682956
HHH_rd4_0395.pdb,L25F,24,1.6643845285860883,1.5455551,-0.11882941383999457,0.11882941383999457
HHH_rd4_0395.pdb,L25P,24,4.077458504897878,2.1885824,-1.888876084548757,1.888876084548757
HHH_rd4_0395.pdb,L25C,24,1.8357996619265065,1.3094593,-0.5263403332750782,0.5263403332750782
HHH_rd4_0395.pdb,K26Q,25,-0.0779104272767696,0.086486675,0.16439710212198827,0.16439710212198827
HHH_rd4_0395.pdb,K26E,25,-0.0240733537321453,0.16017923,0.18425258132270622,0.18425258132270622
HHH_rd4_0395.pdb,K26N,25,0.1459862924597299,0.38471276,0.23872646322035432,0.23872646322035432
HHH_rd4_0395.pdb,K26H,25,-0.1985255209292886,0.067566074,0.26609159536023114,0.26609159536023114
HHH_rd4_0395.pdb,K26D,25,0.7848661324807056,0.68857074,-0.09629539464196046,0.09629539464196046
HHH_rd4_0395.pdb,K26R,25,-0.7132335302446329,-0.04080555,0.6724279818151437,0.6724279818151437
HHH_rd4_0395.pdb,K26T,25,-0.4065130185951915,-0.23719534,0.16931767581603197,0.16931767581603197
HHH_rd4_0395.pdb,K26S,25,-0.0470239560997676,0.07778809,0.1248120482957553,0.1248120482957553
HHH_rd4_0395.pdb,K26A,25,-0.1602176546401805,-0.040555235,0.11966241964171592,0.11966241964171592
HHH_rd4_0395.pdb,K26G,25,0.2223283705241896,0.8209971,0.5986687484257005,0.5986687484257005
HHH_rd4_0395.pdb,K26M,25,-0.659840575131188,-0.45722124,0.20261933532596643,0.20261933532596643
HHH_rd4_0395.pdb,K26L,25,-1.1578359125421347,-0.7974483,0.360387635068685,0.360387635068685
HHH_rd4_0395.pdb,K26V,25,-0.4968284932764328,-0.25155643,0.24527206698973542,0.24527206698973542
HHH_rd4_0395.pdb,K26I,25,-1.0710433980728729,-0.52807826,0.5429651400353057,0.5429651400353057
HHH_rd4_0395.pdb,K26W,25,0.1982460619542907,-0.50079185,-0.6990379096601318,0.6990379096601318
HHH_rd4_0395.pdb,K26Y,25,-0.7508249624638719,-0.39387134,0.3569536252885026,0.3569536252885026
HHH_rd4_0395.pdb,K26F,25,-0.3606143478697818,-0.26743245,0.09318189662161286,0.09318189662161286
HHH_rd4_0395.pdb,K26P,25,3.034005072756947,1.6227269,-1.4112781554901015,1.4112781554901015
HHH_rd4_0395.pdb,K26C,25,0.3793634803057513,-0.4549586,-0.8343220681906542,0.8343220681906542
HHH_rd4_0395.pdb,R27Q,26,-0.585705969826888,0.103699565,0.6894055347606649,0.6894055347606649
HHH_rd4_0395.pdb,R27E,26,-0.315428260177395,0.20177385,0.5172021122873041,0.5172021122873041
HHH_rd4_0395.pdb,R27N,26,-0.3279394494896674,0.19183831,0.5197777586584831,0.5197777586584831
HHH_rd4_0395.pdb,R27H,26,-0.0991171052722581,0.19605106,0.29516816642566995,0.29516816642566995
HHH_rd4_0395.pdb,R27D,26,0.0243324842904613,0.32888633,0.30455384583725476,0.30455384583725476
HHH_rd4_0395.pdb,R27K,26,-0.5118762839525219,-0.007714227,0.5041620571105954,0.5041620571105954
HHH_rd4_0395.pdb,R27T,26,-0.1092177800901756,0.18113428,0.29035206363280863,0.29035206363280863
HHH_rd4_0395.pdb,R27S,26,-0.6192073756538186,0.084014356,0.7032217317901406,0.7032217317901406
HHH_rd4_0395.pdb,R27A,26,-0.7908771439288271,-0.01817,0.7727071448062075,0.7727071448062075
HHH_rd4_0395.pdb,R27G,26,-0.4459857447593727,0.34254742,0.7885331614463844,0.7885331614463844
HHH_rd4_0395.pdb,R27M,26,-0.5680582174467137,0.0046613812,0.5727195986913731,0.5727195986913731
HHH_rd4_0395.pdb,R27L,26,-0.5594518920544562,0.045463562,0.604915454066175,0.604915454066175
HHH_rd4_0395.pdb,R27V,26,0.2415973620390619,0.359,0.11740263533833373,0.11740263533833373
HHH_rd4_0395.pdb,R27I,26,-0.0133839606478352,0.2093536,0.22273755661989636,0.22273755661989636
HHH_rd4_0395.pdb,R27W,26,-0.0054937184447796,0.122032195,0.12752591377444575,0.12752591377444575
HHH_rd4_0395.pdb,R27Y,26,0.0667102743574137,0.17649819,0.1097879152111059,0.1097879152111059
HHH_rd4_0395.pdb,R27F,26,-0.0604743971554806,0.21443827,0.2749126716582348,0.2749126716582348
HHH_rd4_0395.pdb,R27P,26,2.0905413419650336,1.1718125,-0.9187288076327582,0.9187288076327582
HHH_rd4_0395.pdb,R27C,26,0.1105841559885827,-0.088145375,-0.19872953124035272,0.19872953124035272
HHH_rd4_0395.pdb,L28Q,27,0.5389407585410444,1.0349518,0.496011047527376,0.496011047527376
HHH_rd4_0395.pdb,L28E,27,0.1819119876268962,1.0455831,0.863671141302242,0.863671141302242
HHH_rd4_0395.pdb,L28N,27,1.0281798224608902,1.3970342,0.36885434578251797,0.36885434578251797
HHH_rd4_0395.pdb,L28H,27,0.7551583336735264,1.0905383,0.3353799296473965,0.3353799296473965
HHH_rd4_0395.pdb,L28D,27,0.6725305676568443,1.2300333,0.5575027108084267,0.5575027108084267
HHH_rd4_0395.pdb,L28R,27,1.180443932314744,1.3062655,0.1258215410510397,0.1258215410510397
HHH_rd4_0395.pdb,L28K,27,1.4601141559290711,1.307348,-0.1527661430048768,0.1527661430048768
HHH_rd4_0395.pdb,L28T,27,1.0468243517268083,0.8700645,-0.17675985473278977,0.17675985473278977
HHH_rd4_0395.pdb,L28S,27,0.4537258084542386,0.95956033,0.505834526228226,0.505834526228226
HHH_rd4_0395.pdb,L28A,27,0.2863763516570681,0.9036998,0.6173234636162168,0.6173234636162168
HHH_rd4_0395.pdb,L28G,27,1.1990169248768283,1.269016,0.06999910257373321,0.06999910257373321
HHH_rd4_0395.pdb,L28M,27,-1.028496070095562,0.026931942,1.055428011604809,1.055428011604809
HHH_rd4_0395.pdb,L28V,27,1.1626585918729102,0.90421027,-0.25844832242176885,0.25844832242176885
HHH_rd4_0395.pdb,L28I,27,0.3064077673354557,0.521677,0.21526924987645835,0.21526924987645835
HHH_rd4_0395.pdb,L28W,27,-0.449328433578251,0.285829,0.7351574412038309,0.7351574412038309
HHH_rd4_0395.pdb,L28Y,27,0.1721456060668886,0.22663349,0.05448788306503888,0.05448788306503888
HHH_rd4_0395.pdb,L28F,27,0.149955600812341,0.30621618,0.15626057951221345,0.15626057951221345
HHH_rd4_0395.pdb,L28P,27,3.2205745641569727,1.7694819,-1.4510926668028468,1.4510926668028468
HHH_rd4_0395.pdb,L28C,27,0.6175148896630693,0.2770095,-0.3405054025109697,0.3405054025109697
HHH_rd4_0395.pdb,G29Q,28,1.2089210731094262,0.9152695,-0.29365157905272454,0.29365157905272454
HHH_rd4_0395.pdb,G29E,28,1.6017709795791055,1.2559273,-0.3458436552840616,0.3458436552840616
HHH_rd4_0395.pdb,G29N,28,0.7035799369475404,0.61958396,-0.08399597259970104,0.08399597259970104
HHH_rd4_0395.pdb,G29H,28,1.0238336484360375,0.81829304,-0.20554061340567253,0.20554061340567253
HHH_rd4_0395.pdb,G29D,28,1.4848266601685824,0.99189925,-0.49292740823071624,0.49292740823071624
HHH_rd4_0395.pdb,G29R,28,1.126942505611968,1.1580397,0.03109718345205792,0.03109718345205792
HHH_rd4_0395.pdb,G29K,28,0.9858143922283888,1.0253913,0.03957694802734846,0.03957694802734846
HHH_rd4_0395.pdb,G29T,28,2.089567083907269,1.4238054,-0.6657617278815731,0.6657617278815731
HHH_rd4_0395.pdb,G29S,28,1.3565076619050522,1.0085295,-0.3479781180284043,0.3479781180284043
HHH_rd4_0395.pdb,G29A,28,1.3738735087616245,1.1140351,-0.25983837921450537,0.25983837921450537
HHH_rd4_0395.pdb,G29M,28,1.0483688467059125,1.0479814,-0.0003874652895916597,0.0003874652895916597
HHH_rd4_0395.pdb,G29L,28,0.8685309328927602,1.0971504,0.22861951209167586,0.22861951209167586
HHH_rd4_0395.pdb,G29V,28,1.5017212103727848,1.6352496,0.13352840434279134,0.13352840434279134
HHH_rd4_0395.pdb,G29I,28,1.3893990322240342,1.6852634,0.2958643630854141,0.2958643630854141
HHH_rd4_0395.pdb,G29W,28,1.7454152245495864,1.0419331,-0.7034821648572036,0.7034821648572036
HHH_rd4_0395.pdb,G29Y,28,1.6965640870895653,1.0098441,-0.6867200223770409,0.6867200223770409
HHH_rd4_0395.pdb,G29F,28,1.3214956329798824,0.8760523,-0.44544331297637285,0.44544331297637285
HHH_rd4_0395.pdb,G29P,28,2.4129251442772235,1.9294924,-0.4834327898842181,0.4834327898842181
HHH_rd4_0395.pdb,V30Q,29,1.4733559686686544,1.2154338,-0.257922132685378,0.257922132685378
HHH_rd4_0395.pdb,V30E,29,2.113144771892764,1.4065434,-0.7066013978311796,0.7066013978311796
HHH_rd4_0395.pdb,V30N,29,1.5408373384448644,1.5500271,0.00918979358943739,0.00918979358943739
HHH_rd4_0395.pdb,V30H,29,0.4911704003089934,1.149331,0.6581605733161897,0.6581605733161897
HHH_rd4_0395.pdb,V30D,29,2.985394105500408,1.7028791,-1.282515034264751,1.282515034264751
HHH_rd4_0395.pdb,V30R,29,1.1698246138518875,1.4794192,0.3095946175629074,0.3095946175629074
HHH_rd4_0395.pdb,V30K,29,1.1845715790160949,1.4412639,0.2566923350921815,0.2566923350921815
HHH_rd4_0395.pdb,V30T,29,0.8525286440806585,0.75806904,-0.09445960568954526,0.09445960568954526
HHH_rd4_0395.pdb,V30S,29,1.4667375219210013,1.3180058,-0.14873172167380888,0.14873172167380888
HHH_rd4_0395.pdb,V30A,29,0.9474729134280336,1.018318,0.07084514363220806,0.07084514363220806
HHH_rd4_0395.pdb,V30G,29,1.908760709550705,1.7449872,-0.16377346017631544,0.16377346017631544
HHH_rd4_0395.pdb,V30M,29,-0.0767931174198173,0.549968,0.6267611216465019,0.6267611216465019
HHH_rd4_0395.pdb,V30L,29,-0.632046876803046,0.48448715,1.116534022942191,1.116534022942191
HHH_rd4_0395.pdb,V30I,29,-0.6022596963622231,-0.043349802,0.558909893868174,0.558909893868174
HHH_rd4_0395.pdb,V30W,29,0.3747645855388359,0.55210525,0.17734066243555985,0.17734066243555985
HHH_rd4_0395.pdb,V30Y,29,-0.1592106925192666,0.5832568,0.7424674736204934,0.7424674736204934
HHH_rd4_0395.pdb,V30F,29,-0.5091127400721831,0.5508518,1.0599645619715972,1.0599645619715972
HHH_rd4_0395.pdb,V30P,29,2.842720321039145,1.6847236,-1.1579967053927827,1.1579967053927827
HHH_rd4_0395.pdb,V30C,29,0.7341558837015016,0.27449024,-0.4596656464654787,0.4596656464654787
HHH_rd4_0395.pdb,D31Q,30,0.079914805856156,0.4520102,0.37209540847260986,0.37209540847260986
HHH_rd4_0395.pdb,D31E,30,-0.0039160745451045,0.3948099,0.39872597625942946,0.39872597625942946
HHH_rd4_0395.pdb,D31N,30,-0.2366666296267077,0.05578643,0.2924530604624316,0.2924530604624316
HHH_rd4_0395.pdb,D31H,30,-0.1656731288966173,0.3823531,0.548026226097011,0.548026226097011
HHH_rd4_0395.pdb,D31R,30,0.3366358407853438,0.52275205,0.1861162057997392,0.1861162057997392
HHH_rd4_0395.pdb,D31K,30,0.2112891241178585,0.3908879,0.17959876216792336,0.17959876216792336
HHH_rd4_0395.pdb,D31T,30,-0.0791285391026885,0.10892767,0.1880562062436492,0.1880562062436492
HHH_rd4_0395.pdb,D31S,30,-0.4398876651218657,-0.040899545,0.3989881201675658,0.3989881201675658
HHH_rd4_0395.pdb,D31A,30,-0.1532433243532036,0.24657395,0.3998172791738365,0.3998172791738365
HHH_rd4_0395.pdb,D31G,30,-0.1908546633050103,0.43981007,0.6306647307202478,0.6306647307202478
HHH_rd4_0395.pdb,D31M,30,0.2647940341153698,0.7548233,0.4900292929491444,0.4900292929491444
HHH_rd4_0395.pdb,D31L,30,0.2147852313915659,0.55248326,0.33769802923999537,0.33769802923999537
HHH_rd4_0395.pdb,D31V,30,0.6514428113696455,0.6305564,-0.020886406779038857,0.020886406779038857
HHH_rd4_0395.pdb,D31I,30,0.7666616843615479,0.708321,-0.05834070905789801,0.05834070905789801
HHH_rd4_0395.pdb,D31W,30,1.0609850139137276,0.6201681,-0.4408169240470894,0.4408169240470894
HHH_rd4_0395.pdb,D31Y,30,0.8654656539569121,0.62286323,-0.24260242086746509,0.24260242086746509
HHH_rd4_0395.pdb,D31F,30,0.7881014917358398,0.71710783,-0.07099365930404655,0.07099365930404655
HHH_rd4_0395.pdb,D31P,30,-0.5712218953100399,0.2303917,0.8016135914055065,0.8016135914055065
HHH_rd4_0395.pdb,D31C,30,0.5854084278366436,0.26593903,-0.31946940076564445,0.31946940076564445
HHH_rd4_0395.pdb,P32Q,31,0.1634368054892623,0.32151344,0.15807663869599467,0.15807663869599467
HHH_rd4_0395.pdb,P32E,31,-0.3833854096858786,0.03303954,0.4164249497382925,0.4164249497382925
HHH_rd4_0395.pdb,P32N,31,0.3706475139001997,0.29747614,-0.07317137125531747,0.07317137125531747
HHH_rd4_0395.pdb,P32H,31,0.2240169343396254,0.32941738,0.105400443370717,0.105400443370717
HHH_rd4_0395.pdb,P32D,31,-0.1957674394374589,0.12542856,0.32119599683339395,0.32119599683339395
HHH_rd4_0395.pdb,P32R,31,0.5558598599158882,0.43750763,-0.1183522305213569,0.1183522305213569
HHH_rd4_0395.pdb,P32K,31,0.3925752810331695,0.39545602,0.0028807350305206647,0.0028807350305206647
HHH_rd4_0395.pdb,P32T,31,0.3275419058468536,0.3617231,0.03418118933175052,0.03418118933175052
HHH_rd4_0395.pdb,P32S,31,0.0290815315528298,0.23938625,0.21030471405549997,0.21030471405549997
HHH_rd4_0395.pdb,P32A,31,-0.2281399977247176,0.2087805,0.4369204950372634,0.4369204950372634
HHH_rd4_0395.pdb,P32G,31,0.472178198051262,0.46999955,-0.002178646278190699,0.002178646278190699
HHH_rd4_0395.pdb,P32M,31,0.1796952741157875,0.35256922,0.17287394833446884,0.17287394833446884
HHH_rd4_0395.pdb,P32L,31,0.1762680919260102,0.2630873,0.08681921052035516,0.08681921052035516
HHH_rd4_0395.pdb,P32V,31,0.2341551580448331,0.30146575,0.06731059169576747,0.06731059169576747
HHH_rd4_0395.pdb,P32I,31,0.1077775449710842,0.37280577,0.26502822924079933,0.26502822924079933
HHH_rd4_0395.pdb,P32W,31,0.1274469117342018,0.10154176,-0.025905154150583642,0.025905154150583642
HHH_rd4_0395.pdb,P32Y,31,0.5341755806952921,0.28996295,-0.24421263332667031,0.24421263332667031
HHH_rd4_0395.pdb,P32F,31,0.5647979439393138,0.33766663,-0.22713131319437974,0.22713131319437974
HHH_rd4_0395.pdb,P32C,31,0.8127395914865985,0.121919096,-0.6908204959703936,0.6908204959703936
HHH_rd4_0395.pdb,K33Q,32,-0.3454096119825252,0.09058973,0.4359993439142116,0.4359993439142116
HHH_rd4_0395.pdb,K33E,32,-0.5031267813503204,0.12696595,0.6300927362501083,0.6300927362501083
HHH_rd4_0395.pdb,K33N,32,-0.3203544474618525,0.14375484,0.46410928735900825,0.46410928735900825
HHH_rd4_0395.pdb,K33H,32,-0.398131335724174,0.19465804,0.5927893767245402,0.5927893767245402
HHH_rd4_0395.pdb,K33D,32,-0.5167473549360171,0.21446516,0.731212511133565,0.731212511133565
HHH_rd4_0395.pdb,K33R,32,-0.4509281792923447,0.06661019,0.5175383665844437,0.5175383665844437
HHH_rd4_0395.pdb,K33T,32,-0.2350197684488004,0.20446672,0.43948648390385564,0.43948648390385564
HHH_rd4_0395.pdb,K33S,32,-0.2598545116148711,0.1892077,0.44906221449000844,0.44906221449000844
HHH_rd4_0395.pdb,K33A,32,-0.5236669175896971,0.08413459,0.6078015111956923,0.6078015111956923
HHH_rd4_0395.pdb,K33G,32,-0.1133940483153783,0.318179,0.43157305966028797,0.43157305966028797
HHH_rd4_0395.pdb,K33M,32,-0.3866872387658535,0.14951175,0.5361989932786404,0.5361989932786404
HHH_rd4_0395.pdb,K33L,32,-0.5384231059882953,0.119982965,0.6584060712788418,0.6584060712788418
HHH_rd4_0395.pdb,K33V,32,-0.3997566057093271,0.22419015,0.6239467514402994,0.6239467514402994
HHH_rd4_0395.pdb,K33I,32,-0.4481695256409708,0.18590967,0.6340791992125574,0.6340791992125574
HHH_rd4_0395.pdb,K33W,32,-0.4680794109365216,0.19764143,0.6657208432218304,0.6657208432218304
HHH_rd4_0395.pdb,K33Y,32,-0.2930096289031194,0.24464448,0.537654106866567,0.537654106866567
HHH_rd4_0395.pdb,K33F,32,-0.3200807355529207,0.29140902,0.6114897512084383,0.6114897512084383
HHH_rd4_0395.pdb,K33P,32,0.6712226070501033,0.6576716,-0.013551036272210215,0.013551036272210215
HHH_rd4_0395.pdb,K33C,32,0.4989112653190481,0.0036659837,-0.4952452816421377,0.4952452816421377
HHH_rd4_0395.pdb,E34Q,33,-0.2145783708530775,0.0031319112,0.2177102820116392,0.2177102820116392
HHH_rd4_0395.pdb,E34N,33,0.3737314989622864,0.34474152,-0.02898997569644779,0.02898997569644779
HHH_rd4_0395.pdb,E34H,33,0.1322764135284453,0.2105377,0.07826128831672377,0.07826128831672377
HHH_rd4_0395.pdb,E34D,33,-0.1484295643326416,0.46214914,0.6105787075516358,0.6105787075516358
HHH_rd4_0395.pdb,E34R,33,0.2197771031759692,0.047959633,-0.17181747000441083,0.17181747000441083
HHH_rd4_0395.pdb,E34K,33,0.0193890732584289,0.03189242,0.01250334560296026,0.01250334560296026
HHH_rd4_0395.pdb,E34T,33,-0.5953917736576644,0.16093802,0.7563297981785384,0.7563297981785384
HHH_rd4_0395.pdb,E34S,33,0.0326723921423095,0.30275965,0.2700872552270753,0.2700872552270753
HHH_rd4_0395.pdb,E34A,33,-0.0827495559891886,0.032702632,0.11545218823759024,0.11545218823759024
HHH_rd4_0395.pdb,E34G,33,0.5259273797574631,0.7879108,0.26198343929618684,0.26198343929618684
HHH_rd4_0395.pdb,E34M,33,-0.4631178281230586,-0.19463636,0.2684814683122294,0.2684814683122294
HHH_rd4_0395.pdb,E34L,33,-0.6627824010507926,-0.103511766,0.5592706354515418,0.5592706354515418
HHH_rd4_0395.pdb,E34V,33,-0.6625718077792664,0.0069359094,0.6695077171697159,0.6695077171697159
HHH_rd4_0395.pdb,E34I,33,-0.5809202016524075,-0.07922663,0.5016935737065076,0.5016935737065076
HHH_rd4_0395.pdb,E34W,33,0.1383341161396369,-0.032002524,-0.1703366396810874,0.1703366396810874
HHH_rd4_0395.pdb,E34Y,33,0.3161923800655604,-0.021486998,-0.3376793776699305,0.3376793776699305
HHH_rd4_0395.pdb,E34F,33,0.2328261679511207,-0.037178636,-0.2700048035483497,0.2700048035483497
HHH_rd4_0395.pdb,E34P,33,2.529924327496383,1.3077497,-1.2221745792664027,1.2221745792664027
HHH_rd4_0395.pdb,E34C,33,0.6405723329446125,-0.25768155,-0.8982538815400409,0.8982538815400409
HHH_rd4_0395.pdb,V35Q,34,1.104279981101966,1.6027831,0.49850310281374455,0.49850310281374455
HHH_rd4_0395.pdb,V35E,34,2.439231294546474,1.6344712,-0.8047601164916642,0.8047601164916642
HHH_rd4_0395.pdb,V35N,34,2.326433556743155,2.0302258,-0.2962078029589752,0.2962078029589752
HHH_rd4_0395.pdb,V35H,34,2.1487939698884526,1.6696422,-0.47915175988173875,0.47915175988173875
HHH_rd4_0395.pdb,V35D,34,3.1938778984849723,1.9224323,-1.2714455950563224,1.2714455950563224
HHH_rd4_0395.pdb,V35R,34,1.0709021623060186,1.9898336,0.9189314310625116,0.9189314310625116
HHH_rd4_0395.pdb,V35K,34,2.993417777690211,1.9952517,-0.9981661221115976,0.9981661221115976
HHH_rd4_0395.pdb,V35T,34,0.4696701201277862,0.92003834,0.4503682223481049,0.4503682223481049
HHH_rd4_0395.pdb,V35S,34,0.5428888585397074,1.3156244,0.7727354977301291,0.7727354977301291
HHH_rd4_0395.pdb,V35A,34,-0.6686257162823992,0.74427295,1.4128986635938006,1.4128986635938006
HHH_rd4_0395.pdb,V35G,34,1.3048280221363928,1.6788342,0.3740061777690027,0.3740061777690027
HHH_rd4_0395.pdb,V35M,34,0.6696019389831873,0.8056985,0.13609657500149286,0.13609657500149286
HHH_rd4_0395.pdb,V35L,34,0.4712111617833798,0.54443073,0.07321957094367099,0.07321957094367099
HHH_rd4_0395.pdb,V35I,34,-0.83369360517095,0.04983151,0.883525114761099,0.883525114761099
HHH_rd4_0395.pdb,V35W,34,1.4381532594922164,0.9293282,-0.5088250562909225,0.5088250562909225
HHH_rd4_0395.pdb,V35Y,34,1.3698605118169898,0.97381485,-0.3960456667318457,0.3960456667318457
HHH_rd4_0395.pdb,V35F,34,1.1774637220193624,0.9034738,-0.2739899275590658,0.2739899275590658
HHH_rd4_0395.pdb,V35P,34,3.4972757831357555,1.8235555,-1.673720313622816,1.673720313622816
HHH_rd4_0395.pdb,V35C,34,0.4243804210402313,0.5991539,0.17477345526439514,0.17477345526439514
HHH_rd4_0395.pdb,E36Q,35,0.5586396404564065,0.27839428,-0.2802453585922402,0.2802453585922402
HHH_rd4_0395.pdb,E36N,35,0.3338784832400376,0.5386064,0.2047279220181411,0.2047279220181411
HHH_rd4_0395.pdb,E36H,35,0.6265764561630638,0.41566753,-0.21090892228855207,0.21090892228855207
HHH_rd4_0395.pdb,E36D,35,-0.2944775681062115,0.37822294,0.6727005104585064,0.6727005104585064
HHH_rd4_0395.pdb,E36R,35,0.6489398630517078,0.48781195,-0.16112791022234685,0.16112791022234685
HHH_rd4_0395.pdb,E36K,35,0.9031062857941924,0.47834975,-0.4247565405206023,0.4247565405206023
HHH_rd4_0395.pdb,E36T,35,0.7337488706464734,0.43219826,-0.30155061439227726,0.30155061439227726
HHH_rd4_0395.pdb,E36S,35,0.62772529541764,0.4248716,-0.20285370170387962,0.20285370170387962
HHH_rd4_0395.pdb,E36A,35,0.3497928233175376,0.252631,-0.09716181469250706,0.09716181469250706
HHH_rd4_0395.pdb,E36G,35,0.9792849337637116,0.7828382,-0.19644670839902656,0.19644670839902656
HHH_rd4_0395.pdb,E36M,35,0.4621272757825778,0.2580773,-0.2040499821481631,0.2040499821481631
HHH_rd4_0395.pdb,E36L,35,0.3314155265476737,0.17986813,-0.15154739467168188,0.15154739467168188
HHH_rd4_0395.pdb,E36V,35,0.6351894630968964,0.30697724,-0.32821222086552737,0.32821222086552737
HHH_rd4_0395.pdb,E36I,35,0.3800683688851616,0.22974299,-0.15032537994110795,0.15032537994110795
HHH_rd4_0395.pdb,E36W,35,0.7153501019771946,0.31375396,-0.40159613946040995,0.40159613946040995
HHH_rd4_0395.pdb,E36Y,35,0.5936814182361765,0.35706443,-0.2366169922908945,0.2366169922908945
HHH_rd4_0395.pdb,E36F,35,0.7924339826073572,0.43863398,-0.3538000042405054,0.3538000042405054
HHH_rd4_0395.pdb,E36P,35,1.6557500456003016,1.483984,-0.17176605207002815,0.17176605207002815
HHH_rd4_0395.pdb,E36C,35,0.6288471551219987,0.17533776,-0.45350939348145003,0.45350939348145003
HHH_rd4_0395.pdb,E37Q,36,-0.0139020338497712,0.08903052,0.10293255297761697,0.10293255297761697
HHH_rd4_0395.pdb,E37N,36,-0.0557986677346318,0.26292014,0.3187188089547246,0.3187188089547246
HHH_rd4_0395.pdb,E37H,36,0.3311290583517214,0.2746559,-0.05647315000554526,0.05647315000554526
HHH_rd4_0395.pdb,E37D,36,-0.2842346207953401,0.29498592,0.5792205409861513,0.5792205409861513
HHH_rd4_0395.pdb,E37R,36,-0.3496843066008415,-0.04126203,0.30842227599934,0.30842227599934
HHH_rd4_0395.pdb,E37K,36,-0.0164864742799184,0.053436145,0.06992261946634265,0.06992261946634265
HHH_rd4_0395.pdb,E37T,36,0.2884191857001932,0.30974454,0.021325351176485263,0.021325351176485263
HHH_rd4_0395.pdb,E37S,36,0.0980863369633864,0.19484577,0.09675942886569991,0.09675942886569991
HHH_rd4_0395.pdb,E37A,36,-0.3434927676673336,0.0008702874,0.3443630550856991,0.3443630550856991
HHH_rd4_0395.pdb,E37G,36,0.4437258490712334,0.57176375,0.1280379048197578,0.1280379048197578
HHH_rd4_0395.pdb,E37M,36,-0.1335613199603402,0.0046591163,0.13822043622849817,0.13822043622849817
HHH_rd4_0395.pdb,E37L,36,-0.2100514656901064,0.031351313,0.24140277868506338,0.24140277868506338
HHH_rd4_0395.pdb,E37V,36,0.1441834183581649,0.33778402,0.19360060373465432,0.19360060373465432
HHH_rd4_0395.pdb,E37I,36,-0.014154272447076,0.15070541,0.16485968447729604,0.16485968447729604
HHH_rd4_0395.pdb,E37W,36,0.2463332585804547,0.15851425,-0.08781901223588837,0.08781901223588837
HHH_rd4_0395.pdb,E37Y,36,0.3180285553004993,0.17685518,-0.14117337861325868,0.14117337861325868
HHH_rd4_0395.pdb,E37F,36,0.2806833599236196,0.23145036,-0.049232995929974877,0.049232995929974877
HHH_rd4_0395.pdb,E37P,36,1.910722059002222,1.3581374,-0.5525846898463382,0.5525846898463382
HHH_rd4_0395.pdb,E37C,36,0.870695395474478,0.020903796,-0.8497915995169127,0.8497915995169127
HHH_rd4_0395.pdb,I38Q,37,2.648921237108042,1.7625744,-0.8863468028276467,0.8863468028276467
HHH_rd4_0395.pdb,I38E,37,3.175267415541421,2.0865316,-1.0887357764423,1.0887357764423
HHH_rd4_0395.pdb,I38N,37,3.1954927775284254,2.0353355,-1.160157236756941,1.160157236756941
HHH_rd4_0395.pdb,I38H,37,2.653332929717941,1.6880658,-0.9652671624297331,0.9652671624297331
HHH_rd4_0395.pdb,I38D,37,3.602876076209713,2.0910716,-1.51180447052734,1.51180447052734
HHH_rd4_0395.pdb,I38R,37,2.844153063144927,1.59954,-1.2446130679514456,1.2446130679514456
HHH_rd4_0395.pdb,I38K,37,2.9633028513167714,2.0114732,-0.951829672453246,0.951829672453246
HHH_rd4_0395.pdb,I38T,37,2.0227891119059977,1.7127471,-0.3100420148906169,0.3100420148906169
HHH_rd4_0395.pdb,I38S,37,2.669531583234677,1.8422599,-0.8272716993540619,0.8272716993540619
HHH_rd4_0395.pdb,I38A,37,1.7507949434525822,1.3280772,-0.4227177463776921,0.4227177463776921
HHH_rd4_0395.pdb,I38G,37,3.2237346932362128,2.0515385,-1.1721962258289862,1.1721962258289862
HHH_rd4_0395.pdb,I38M,37,0.6544263113463638,0.76655966,0.11213334908835915,0.11213334908835915
HHH_rd4_0395.pdb,I38L,37,0.7132269827862214,0.58347666,-0.1297503201504182,0.1297503201504182
HHH_rd4_0395.pdb,I38V,37,0.8897675683464161,0.89188266,0.0021150896583446155,0.0021150896583446155
HHH_rd4_0395.pdb,I38W,37,1.595909590342956,1.2152402,-0.3806693502459102,0.3806693502459102
HHH_rd4_0395.pdb,I38Y,37,1.697015293418814,1.0096798,-0.6873354991072906,0.6873354991072906
HHH_rd4_0395.pdb,I38F,37,1.5338653604509256,0.7731268,-0.7607385794641397,0.7607385794641397
HHH_rd4_0395.pdb,I38P,37,3.626629671273536,3.0240273,-0.6026023237088389,0.6026023237088389
HHH_rd4_0395.pdb,I38C,37,2.014615886448513,1.1112679,-0.903347962139736,0.903347962139736
HHH_rd4_0395.pdb,V39Q,38,1.8476645012724944,1.5670154,-0.2806490918028899,0.2806490918028899
HHH_rd4_0395.pdb,V39E,38,1.7618834470335605,1.6332827,-0.1286007855955722,0.1286007855955722
HHH_rd4_0395.pdb,V39N,38,2.1635103570097582,1.7423055,-0.42120483981310297,0.42120483981310297
HHH_rd4_0395.pdb,V39H,38,1.7450797486842031,1.3596386,-0.38544117694500635,0.38544117694500635
HHH_rd4_0395.pdb,V39D,38,2.3009791713489838,1.850632,-0.4503472190632172,0.4503472190632172
HHH_rd4_0395.pdb,V39R,38,2.6366346646857544,1.7587953,-0.8778394033026977,0.8778394033026977
HHH_rd4_0395.pdb,V39K,38,2.964272825684651,1.8077534,-1.1565193819666946,1.1565193819666946
HHH_rd4_0395.pdb,V39T,38,0.9102247020432532,0.9773081,0.06708339245824213,0.06708339245824213
HHH_rd4_0395.pdb,V39S,38,1.5745165886147765,1.4151759,-0.1593406738503722,0.1593406738503722
HHH_rd4_0395.pdb,V39A,38,1.2139859380926818,1.08333,-0.1306559028830261,0.1306559028830261
HHH_rd4_0395.pdb,V39G,38,2.1779634847399367,1.714903,-0.46306048772303,0.46306048772303
HHH_rd4_0395.pdb,V39I,38,-1.2026102461262749,-0.08221984,1.1203904070302055,1.1203904070302055
HHH_rd4_0395.pdb,V39W,38,-0.8824240069991109,0.89065343,1.7730774384146688,1.7730774384146688
HHH_rd4_0395.pdb,V39Y,38,-0.3350673752549244,0.8550066,1.190073950839336,1.190073950839336
HHH_rd4_0395.pdb,V39F,38,-0.7059856418466346,0.9075895,1.613575137028672,1.613575137028672
HHH_rd4_0395.pdb,V39P,38,2.9438596109946134,1.8576198,-1.086239848573959,1.086239848573959
HHH_rd4_0395.pdb,V39C,38,0.2738220981578707,0.58328176,0.309459657289517,0.309459657289517
HHH_rd4_0395.pdb,R40Q,39,-0.3891174254573331,0.2508672,0.6399846134341702,0.6399846134341702
HHH_rd4_0395.pdb,R40E,39,-0.8845343707844524,0.3246897,1.2092240570828228,1.2092240570828228
HHH_rd4_0395.pdb,R40N,39,-0.8701492987506025,0.29592562,1.1660749159686201,1.1660749159686201
HHH_rd4_0395.pdb,R40H,39,-0.2708162477563745,0.3788043,0.6496205440114862,0.6496205440114862
HHH_rd4_0395.pdb,R40D,39,-0.707600497557042,0.45672983,1.1643303268684129,1.1643303268684129
HHH_rd4_0395.pdb,R40K,39,-0.4717500195536175,0.10575521,0.577505229476408,0.577505229476408
HHH_rd4_0395.pdb,R40T,39,-0.0539522680114656,0.4855402,0.5394924792121797,0.5394924792121797
HHH_rd4_0395.pdb,R40S,39,-0.5784552359585957,0.322652,0.9011072480683522,0.9011072480683522
HHH_rd4_0395.pdb,R40A,39,-0.8129267046642763,0.111426026,0.9243527302933199,0.9243527302933199
HHH_rd4_0395.pdb,R40G,39,-0.2994959206147598,0.6293024,0.9287983030839371,0.9287983030839371
HHH_rd4_0395.pdb,R40M,39,-0.4376625349249039,0.15803552,0.5956980516637955,0.5956980516637955
HHH_rd4_0395.pdb,R40L,39,-0.3078753960563229,0.2051523,0.5130276990367459,0.5130276990367459
HHH_rd4_0395.pdb,R40V,39,0.2907011453984944,0.5697881,0.2790869529367717,0.2790869529367717
HHH_rd4_0395.pdb,R40I,39,0.1839084830607058,0.37302938,0.1891208979760526,0.1891208979760526
HHH_rd4_0395.pdb,R40W,39,0.0184718939041466,0.3113531,0.2928811935210853,0.2928811935210853
HHH_rd4_0395.pdb,R40Y,39,0.0434667601401272,0.35196322,0.30849646188669777,0.30849646188669777
HHH_rd4_0395.pdb,R40F,39,0.0943619558969826,0.42409205,0.32973009847008283,0.32973009847008283
HHH_rd4_0395.pdb,R40P,39,2.4591566283923005,1.5114864,-0.947670217297635,0.947670217297635
HHH_rd4_0395.pdb,R40C,39,0.256649869680547,0.15333214,-0.10331772565855907,0.10331772565855907
HHH_rd4_0395.pdb,R41Q,40,0.4792276099872539,0.7097825,0.2305548712062886,0.2305548712062886
HHH_rd4_0395.pdb,R41E,40,1.0920561766353507,1.10411,0.01205382588234949,0.01205382588234949
HHH_rd4_0395.pdb,R41N,40,0.1200074391234733,0.66529024,0.5452827973496102,0.5452827973496102
HHH_rd4_0395.pdb,R41H,40,0.5018851270963944,0.8131938,0.3113086709687911,0.3113086709687911
HHH_rd4_0395.pdb,R41D,40,1.0563137568819654,1.2921056,0.2357917986523974,0.2357917986523974
HHH_rd4_0395.pdb,R41K,40,-0.2616583800452794,0.2358244,0.4974827861922826,0.4974827861922826
HHH_rd4_0395.pdb,R41T,40,0.5986213031319525,0.71995974,0.12133843273840883,0.12133843273840883
HHH_rd4_0395.pdb,R41S,40,0.4415150361331572,0.735064,0.29354899356044634,0.29354899356044634
HHH_rd4_0395.pdb,R41A,40,0.3349112365661448,0.7165439,0.38163267632142844,0.38163267632142844
HHH_rd4_0395.pdb,R41G,40,0.5934642139609596,1.1859813,0.5925170596901634,0.5925170596901634
HHH_rd4_0395.pdb,R41M,40,0.3020348148458129,0.6342444,0.3322095675356263,0.3322095675356263
HHH_rd4_0395.pdb,R41L,40,0.4019517740271423,0.62915456,0.227202788922992,0.227202788922992
HHH_rd4_0395.pdb,R41V,40,0.9214790751129184,0.8256792,-0.09579989210663176,0.09579989210663176
HHH_rd4_0395.pdb,R41I,40,0.7567001414585359,0.5606729,-0.19602726223948075,0.19602726223948075
HHH_rd4_0395.pdb,R41W,40,0.7405035509184721,0.8092122,0.06870865687571737,0.06870865687571737
HHH_rd4_0395.pdb,R41Y,40,0.9127177618416796,0.81852615,-0.09419161304559809,0.09419161304559809
HHH_rd4_0395.pdb,R41F,40,0.5374430161428405,0.8360647,0.29862168016911017,0.29862168016911017
HHH_rd4_0395.pdb,R41P,40,2.2119733019953327,1.6600764,-0.5518969222193317,0.5518969222193317
HHH_rd4_0395.pdb,R41C,40,1.1613399184290536,0.67945576,-0.4818841612879403,0.4818841612879403
HHH_rd4_0395.pdb,I42Q,41,1.60329518131355,1.7999115,0.1966163177098874,0.1966163177098874
HHH_rd4_0395.pdb,I42E,41,2.580232533796804,2.0318751,-0.5483574002823999,0.5483574002823999
HHH_rd4_0395.pdb,I42N,41,2.1099369563115484,1.9681566,-0.14178038015493222,0.14178038015493222
HHH_rd4_0395.pdb,I42H,41,2.1079841637159946,1.7637873,-0.34419689412370946,0.34419689412370946
HHH_rd4_0395.pdb,I42D,41,2.7692163273862027,1.9760916,-0.7931247040799283,0.7931247040799283
HHH_rd4_0395.pdb,I42R,41,2.270999444451089,1.7888834,-0.4821159968039943,0.4821159968039943
HHH_rd4_0395.pdb,I42K,41,2.5044171000705404,1.9205484,-0.5838686610446615,0.5838686610446615
HHH_rd4_0395.pdb,I42T,41,1.385950040712518,1.5286957,0.14274566184027737,0.14274566184027737
HHH_rd4_0395.pdb,I42S,41,1.8288322302676976,1.7765933,-0.05223890274541976,0.05223890274541976
HHH_rd4_0395.pdb,I42A,41,1.1154451960319185,1.4410088,0.3255636101967192,0.3255636101967192
HHH_rd4_0395.pdb,I42G,41,2.2719246715182964,2.0032487,-0.26867597995945847,0.26867597995945847
HHH_rd4_0395.pdb,I42M,41,0.0129027288172105,0.9469652,0.9340624887731215,0.9340624887731215
HHH_rd4_0395.pdb,I42V,41,0.2994771873216173,0.7880979,0.48862073071198253,0.48862073071198253
HHH_rd4_0395.pdb,I42W,41,1.3939780383310705,1.1921387,-0.20183936645607048,0.20183936645607048
HHH_rd4_0395.pdb,I42Y,41,1.4439835398709655,1.248046,-0.19593749933599236,0.19593749933599236
HHH_rd4_0395.pdb,I42F,41,0.2968676673370596,1.0145602,0.7176925552886728,0.7176925552886728
HHH_rd4_0395.pdb,I42P,41,2.5802801298364346,1.9704792,-0.609800879882211,0.609800879882211
HHH_rd4_0395.pdb,I42C,41,0.8540472824066105,1.2236624,0.36961509399719805,0.36961509399719805
HHH_rd4_0395.pdb,K43N,42,-0.6826600290603819,-0.21149282,0.4711672074861708,0.4711672074861708
HHH_rd4_0395.pdb,K43R,42,-0.6200174662876385,0.08551304,0.7055305067110318,0.7055305067110318
HHH_rd4_0395.pdb,K43P,42,-0.5636300238509708,0.5580888,1.1217188033004337,1.1217188033004337
HHH_rd4_0395.pdb,K43C,42,-0.3432933937474116,-0.3339855,0.009307886259160847,0.009307886259160847
HHH_rd4_0557.pdb,P1Q,0,-0.1178949715687318,0.2957685,0.41366347094312145,0.41366347094312145
HHH_rd4_0557.pdb,P1E,0,-0.2329879415490596,0.29702747,0.5300154102303951,0.5300154102303951
HHH_rd4_0557.pdb,P1N,0,-0.0907644262457583,-0.0020655543,0.08869887198455072,0.08869887198455072
HHH_rd4_0557.pdb,P1H,0,-0.1263204986969097,0.1693991,0.29571959625874594,0.29571959625874594
HHH_rd4_0557.pdb,P1D,0,-0.0687626890435559,0.18339516,0.25215785126832546,0.25215785126832546
HHH_rd4_0557.pdb,P1R,0,0.0669210779848703,0.2442298,0.1773087155637137,0.1773087155637137
HHH_rd4_0557.pdb,P1K,0,0.1278788121714891,0.12637185,-0.0015069665684999123,0.0015069665684999123
HHH_rd4_0557.pdb,P1T,0,-0.1079481829508881,-0.012793869,0.09515431417075199,0.09515431417075199
HHH_rd4_0557.pdb,P1S,0,-0.1998006480508496,-0.070238814,0.12956183429295318,0.12956183429295318
HHH_rd4_0557.pdb,P1A,0,-0.0454714161058404,0.07238801,0.11785942434272548,0.11785942434272548
HHH_rd4_0557.pdb,P1G,0,0.0231115418621548,0.23294811,0.20983656764540592,0.20983656764540592
HHH_rd4_0557.pdb,P1M,0,-0.0948545646459657,0.14961168,0.2444662463457185,0.2444662463457185
HHH_rd4_0557.pdb,P1L,0,-0.1827292842779546,0.17614812,0.3588774008665471,0.3588774008665471
HHH_rd4_0557.pdb,P1V,0,0.0300076902378814,0.15236217,0.1223544775973542,0.1223544775973542
HHH_rd4_0557.pdb,P1I,0,-0.0581711885212961,0.21723273,0.27540392248621615,0.27540392248621615
HHH_rd4_0557.pdb,P1W,0,-0.1541126396622978,0.06741836,0.22153099888232572,0.22153099888232572
HHH_rd4_0557.pdb,P1Y,0,-0.2884379808509147,0.1667153,0.45515327497361063,0.45515327497361063
HHH_rd4_0557.pdb,P1F,0,-0.2602323283803058,0.17794998,0.4381823082816196,0.4381823082816196
HHH_rd4_0557.pdb,P1C,0,0.4981443256123872,-0.1559163,-0.6540606290086122,0.6540606290086122
HHH_rd4_0557.pdb,E2Q,1,-0.0593061598026118,0.25458756,0.3138937206947169,0.3138937206947169
HHH_rd4_0557.pdb,E2N,1,0.0665301361577044,0.2949472,0.22841707081632515,0.22841707081632515
HHH_rd4_0557.pdb,E2H,1,0.0044206480598956,0.30044428,0.2960236270808667,0.2960236270808667
HHH_rd4_0557.pdb,E2D,1,-0.1693191485167018,0.13423364,0.30355278716092027,0.30355278716092027
HHH_rd4_0557.pdb,E2R,1,0.0499456522531303,0.38409492,0.3341492714815346,0.3341492714815346
HHH_rd4_0557.pdb,E2K,1,0.0368750855904398,0.32520825,0.2883331611174765,0.2883331611174765
HHH_rd4_0557.pdb,E2T,1,0.0194352126018748,0.283865,0.2644297921760335,0.2644297921760335
HHH_rd4_0557.pdb,E2S,1,-0.0436598214082697,0.22393878,0.26759859945106296,0.26759859945106296
HHH_rd4_0557.pdb,E2A,1,-0.0547331651743614,0.15997949,0.21471265760027997,0.21471265760027997
HHH_rd4_0557.pdb,E2G,1,0.0304931739828453,0.42410302,0.3936098476388588,0.3936098476388588
HHH_rd4_0557.pdb,E2M,1,-0.1390661896244771,0.27846768,0.41753387460868424,0.41753387460868424
HHH_rd4_0557.pdb,E2L,1,-0.1325777409528821,0.20816126,0.34073900561085635,0.34073900561085635
HHH_rd4_0557.pdb,E2V,1,0.0235317024763435,0.22161396,0.19808225600163043,0.19808225600163043
HHH_rd4_0557.pdb,E2I,1,-0.0313133481146272,0.27856138,0.3098747316004213,0.3098747316004213
HHH_rd4_0557.pdb,E2W,1,-0.0531755299328491,0.17515627,0.22833179543005674,0.22833179543005674
HHH_rd4_0557.pdb,E2Y,1,0.0317044260118613,0.2914573,0.25975286940592435,0.25975286940592435
HHH_rd4_0557.pdb,E2F,1,-0.1833440129686443,0.3414911,0.5248351161409466,0.5248351161409466
HHH_rd4_0557.pdb,E2P,1,0.1956875534931619,0.21417496,0.018487402590135843,0.018487402590135843
HHH_rd4_0557.pdb,E2C,1,0.0640491018329267,0.055513203,-0.00853589868885321,0.00853589868885321
HHH_rd4_0557.pdb,E3Q,2,-0.0242146483027698,0.19517276,0.2193874052130939,0.2193874052130939
HHH_rd4_0557.pdb,E3N,2,-0.0176623183695059,0.1679312,0.1855935174432974,0.1855935174432974
HHH_rd4_0557.pdb,E3H,2,0.1040306864325844,-0.123926274,-0.2279569609110199,0.2279569609110199
HHH_rd4_0557.pdb,E3D,2,-0.050266517123064,0.29854718,0.3488136956299152,0.3488136956299152
HHH_rd4_0557.pdb,E3R,2,0.1002037776494733,0.103112414,0.002908636829782374,0.002908636829782374
HHH_rd4_0557.pdb,E3K,2,0.0496157237594663,0.13642563,0.08680990549868953,0.08680990549868953
HHH_rd4_0557.pdb,E3T,2,-0.0335123381576236,0.08184157,0.11535391127678711,0.11535391127678711
HHH_rd4_0557.pdb,E3S,2,-0.0270088491055888,0.19247875,0.21948759528135478,0.21948759528135478
HHH_rd4_0557.pdb,E3A,2,-0.0669268112465277,-0.0030930638,0.06383374741519836,0.06383374741519836
HHH_rd4_0557.pdb,E3G,2,0.0597841868695967,0.27774364,0.2179594506922014,0.2179594506922014
HHH_rd4_0557.pdb,E3M,2,-0.0486384258576397,-0.10616689,-0.05752846589603385,0.05752846589603385
HHH_rd4_0557.pdb,E3L,2,-0.0939577941240163,-0.17552476,-0.081566962188354,0.081566962188354
HHH_rd4_0557.pdb,E3V,2,-0.0748212272057848,-0.25638768,-0.18156645356318188,0.18156645356318188
HHH_rd4_0557.pdb,E3I,2,-0.0325799141272069,-0.23457545,-0.20199553629317274,0.20199553629317274
HHH_rd4_0557.pdb,E3W,2,-0.0646540718849011,-0.48589513,-0.42124105517312804,0.42124105517312804
HHH_rd4_0557.pdb,E3Y,2,-0.0329409313713062,-0.5271534,-0.4942124413932812,0.4942124413932812
HHH_rd4_0557.pdb,E3F,2,-0.0116706416295819,-0.42594954,-0.4142789020849414,0.4142789020849414
HHH_rd4_0557.pdb,E3P,2,0.2364300384828359,0.5283842,0.2919541701963633,0.2919541701963633
HHH_rd4_0557.pdb,E3C,2,0.3801164434484798,-0.41213566,-0.7922521040968258,0.7922521040968258
HHH_rd4_0557.pdb,V4Q,3,1.2755260615172417,1.3503566,0.07483051730966261,0.07483051730966261
HHH_rd4_0557.pdb,V4E,3,1.901059318166122,1.5266101,-0.37444918213401746,0.37444918213401746
HHH_rd4_0557.pdb,V4N,3,1.30180616071822,1.6170932,0.31528704473374525,0.31528704473374525
HHH_rd4_0557.pdb,V4H,3,1.117758727987868,1.3623163,0.2445575228132184,0.2445575228132184
HHH_rd4_0557.pdb,V4D,3,2.040409681715427,1.7587689,-0.2816407655853612,0.2816407655853612
HHH_rd4_0557.pdb,V4R,3,1.0775236856732897,1.534091,0.4565673101152845,0.4565673101152845
HHH_rd4_0557.pdb,V4K,3,1.5502445796244522,1.6301407,0.07989608256884617,0.07989608256884617
HHH_rd4_0557.pdb,V4T,3,0.233330807901686,0.44549227,0.21216145970695657,0.21216145970695657
HHH_rd4_0557.pdb,V4S,3,1.262341836366056,1.1578581,-0.10448370305001586,0.10448370305001586
HHH_rd4_0557.pdb,V4A,3,0.7885460147083032,0.93317914,0.14463312538263917,0.14463312538263917
HHH_rd4_0557.pdb,V4G,3,1.701146696142065,1.707934,0.006787325807703137,0.006787325807703137
HHH_rd4_0557.pdb,V4M,3,0.0017571709811994,0.8400433,0.8382861353695086,0.8382861353695086
HHH_rd4_0557.pdb,V4L,3,-0.4861211310934856,0.69774395,1.1838650833678082,1.1838650833678082
HHH_rd4_0557.pdb,V4I,3,-0.2048420492921088,0.084056616,0.2888986651215766,0.2888986651215766
HHH_rd4_0557.pdb,V4W,3,-0.1761134087438685,0.80194485,0.9780582606191737,0.9780582606191737
HHH_rd4_0557.pdb,V4Y,3,0.4472205980817376,0.8340637,0.38684311070045846,0.38684311070045846
HHH_rd4_0557.pdb,V4F,3,0.3381637683929548,0.8057139,0.4675501235900774,0.4675501235900774
HHH_rd4_0557.pdb,V4P,3,1.3252898675770584,1.8293047,0.5040148275523362,0.5040148275523362
HHH_rd4_0557.pdb,V4C,3,0.604400534798696,0.47571707,-0.12868346708019018,0.12868346708019018
HHH_rd4_0557.pdb,R5Q,4,-0.1811756937666735,0.42103648,0.6022121756239733,0.6022121756239733
HHH_rd4_0557.pdb,R5E,4,-0.2087305238263517,0.5773706,0.7861011078374296,0.7861011078374296
HHH_rd4_0557.pdb,R5N,4,0.0750769084284743,0.8475431,0.772466211955742,0.772466211955742
HHH_rd4_0557.pdb,R5H,4,-0.0526114862119411,0.59712124,0.6497327249204372,0.6497327249204372
HHH_rd4_0557.pdb,R5D,4,0.0609878511967414,1.1456969,1.084709027236486,1.084709027236486
HHH_rd4_0557.pdb,R5K,4,-0.0753408467631437,0.27082348,0.34616432546187414,0.34616432546187414
HHH_rd4_0557.pdb,R5T,4,-0.0990070381049736,0.58975214,0.6887591757659538,0.6887591757659538
HHH_rd4_0557.pdb,R5S,4,0.0740114935150417,0.6229311,0.5489196292648045,0.5489196292648045
HHH_rd4_0557.pdb,R5A,4,-0.1995419353293175,0.40691346,0.6064553946303124,0.6064553946303124
HHH_rd4_0557.pdb,R5G,4,0.1646831397101462,1.148987,0.9843039151146828,0.9843039151146828
HHH_rd4_0557.pdb,R5M,4,-0.0215170065044056,0.31036747,0.33188447152363165,0.33188447152363165
HHH_rd4_0557.pdb,R5L,4,-0.0842711747023607,0.37690467,0.4611758411261583,0.4611758411261583
HHH_rd4_0557.pdb,R5V,4,-0.140746303899208,0.44175583,0.5825021351408157,0.5825021351408157
HHH_rd4_0557.pdb,R5I,4,0.0123370333612089,0.21115285,0.1988158182203646,0.1988158182203646
HHH_rd4_0557.pdb,R5W,4,-0.3716045464353987,0.20929271,0.5808972562628218,0.5808972562628218
HHH_rd4_0557.pdb,R5Y,4,-0.5863649394483992,0.21878517,0.8051501061888167,0.8051501061888167
HHH_rd4_0557.pdb,R5F,4,-0.405417930161275,0.2473715,0.6527894249313251,0.6527894249313251
HHH_rd4_0557.pdb,R5P,4,0.8383227499371553,1.8475928,1.0092700807208037,1.0092700807208037
HHH_rd4_0557.pdb,R6Q,5,0.0859520275548413,0.35965765,0.2737056176706836,0.2737056176706836
HHH_rd4_0557.pdb,R6E,5,0.3068131990525544,0.5580047,0.25119147824313043,0.25119147824313043
HHH_rd4_0557.pdb,R6N,5,0.3275923146217718,0.5172455,0.18965315685573675,0.18965315685573675
HHH_rd4_0557.pdb,R6H,5,0.2167228121743596,0.4480657,0.23134288597246047,0.23134288597246047
HHH_rd4_0557.pdb,R6D,5,0.5275203309279943,0.86472535,0.33720502040562383,0.33720502040562383
HHH_rd4_0557.pdb,R6K,5,0.0371333120988151,0.1440399,0.10690658701197897,0.10690658701197897
HHH_rd4_0557.pdb,R6T,5,0.2441778487803652,0.4968339,0.2526560418961332,0.2526560418961332
HHH_rd4_0557.pdb,R6S,5,0.3233221634626217,0.51649904,0.1931768790483646,0.1931768790483646
HHH_rd4_0557.pdb,R6A,5,0.0672353019416323,0.35061178,0.28337647417187783,0.28337647417187783
HHH_rd4_0557.pdb,R6G,5,0.4951658470609188,0.8158529,0.32068703341698646,0.32068703341698646
HHH_rd4_0557.pdb,R6M,5,0.073296922377799,0.2216254,0.1483284801919718,0.1483284801919718
HHH_rd4_0557.pdb,R6L,5,0.0895687978557142,0.22912428,0.1395554799744097,0.1395554799744097
HHH_rd4_0557.pdb,R6V,5,0.1810175772117621,0.4364072,0.2553896312309259,0.2553896312309259
HHH_rd4_0557.pdb,R6I,5,0.1209755257273785,0.2296073,0.10863177324284397,0.10863177324284397
HHH_rd4_0557.pdb,R6W,5,0.1877843261323963,0.31078154,0.12299721235408442,0.12299721235408442
HHH_rd4_0557.pdb,R6Y,5,0.2532806184386311,0.31477204,0.06149142121323964,0.06149142121323964
HHH_rd4_0557.pdb,R6F,5,0.2091050910407985,0.34779742,0.13869233256035202,0.13869233256035202
HHH_rd4_0557.pdb,R6P,5,1.2410921491353784,1.5231863,0.28209417689153815,0.28209417689153815
HHH_rd4_0557.pdb,R6C,5,0.5192960727986065,0.23298997,-0.2863061059292522,0.2863061059292522
HHH_rd4_0557.pdb,L7Q,6,0.123459165090439,0.9630183,0.8395591330586699,0.8395591330586699
HHH_rd4_0557.pdb,L7E,6,1.048664407296684,1.6375147,0.5888503031296466,0.5888503031296466
HHH_rd4_0557.pdb,L7N,6,1.0364540425524136,1.5789968,0.5425427349820713,0.5425427349820713
HHH_rd4_0557.pdb,L7H,6,0.6964200820862687,1.1180215,0.42160140610342856,0.42160140610342856
HHH_rd4_0557.pdb,L7D,6,1.6430330233962271,1.909097,0.2660639328568246,0.2660639328568246
HHH_rd4_0557.pdb,L7R,6,0.0398868981576909,0.9311798,0.8912929233335506,0.8912929233335506
HHH_rd4_0557.pdb,L7K,6,0.12946216399322,0.9844297,0.8549675530706838,0.8549675530706838
HHH_rd4_0557.pdb,L7T,6,0.6512772357298919,1.3880619,0.7367846453354767,0.7367846453354767
HHH_rd4_0557.pdb,L7S,6,0.7969981785774487,1.2815313,0.48453315534589114,0.48453315534589114
HHH_rd4_0557.pdb,L7A,6,0.2101522750638853,0.68981063,0.47965835859547745,0.47965835859547745
HHH_rd4_0557.pdb,L7G,6,1.4960927922827634,1.1461712,-0.3499215800864133,0.3499215800864133
HHH_rd4_0557.pdb,L7M,6,-0.0656133409379626,0.25337356,0.31898690422760495,0.31898690422760495
HHH_rd4_0557.pdb,L7V,6,0.3459091999807513,1.1319945,0.7860852858743512,0.7860852858743512
HHH_rd4_0557.pdb,L7I,6,0.2028093503102828,0.630234,0.4274246527567338,0.4274246527567338
HHH_rd4_0557.pdb,L7W,6,0.2068435317510766,0.8496968,0.6428532832628089,0.6428532832628089
HHH_rd4_0557.pdb,L7Y,6,0.494885710860081,0.79699576,0.30211004815023396,0.30211004815023396
HHH_rd4_0557.pdb,L7F,6,0.2632787392830642,0.7458098,0.4825310541892258,0.4825310541892258
HHH_rd4_0557.pdb,L7P,6,2.4131743151285443,2.3465714,-0.06660286966345641,0.06660286966345641
HHH_rd4_0557.pdb,V8Q,7,2.277455277076445,1.6660552,-0.6114000745923143,0.6114000745923143
HHH_rd4_0557.pdb,V8E,7,2.319805882501361,1.7306451,-0.5891608219621154,0.5891608219621154
HHH_rd4_0557.pdb,V8N,7,2.621832516060021,2.1574807,-0.4643517993546986,0.4643517993546986
HHH_rd4_0557.pdb,V8H,7,2.0331446625381657,1.8204846,-0.2126600243240544,0.2126600243240544
HHH_rd4_0557.pdb,V8D,7,2.71512626401578,2.055106,-0.6600203394094568,0.6600203394094568
HHH_rd4_0557.pdb,V8R,7,2.24979371229035,2.1780252,-0.07176846662384628,0.07176846662384628
HHH_rd4_0557.pdb,V8K,7,2.307616523769875,2.0102816,-0.29733496096469914,0.29733496096469914
HHH_rd4_0557.pdb,V8T,7,1.0208253605382818,1.0090619,-0.01176342797450003,0.01176342797450003
HHH_rd4_0557.pdb,V8S,7,1.5145309123079018,1.6871784,0.17264746102889017,0.17264746102889017
HHH_rd4_0557.pdb,V8A,7,0.2908173119556863,1.0880584,0.7972410405147117,0.7972410405147117
HHH_rd4_0557.pdb,V8G,7,1.7747332956250963,1.7709086,-0.00382470149362657,0.00382470149362657
HHH_rd4_0557.pdb,V8M,7,0.9360351084096236,1.0652657,0.12923054710795456,0.12923054710795456
HHH_rd4_0557.pdb,V8L,7,0.8156907253498997,0.7854861,-0.030204623245712714,0.030204623245712714
HHH_rd4_0557.pdb,V8I,7,0.1668168595367203,0.3852812,0.21846434564058684,0.21846434564058684
HHH_rd4_0557.pdb,V8W,7,1.063164646672393,1.25303,0.18986529584011924,0.18986529584011924
HHH_rd4_0557.pdb,V8Y,7,1.2124897175829026,1.3023558,0.08986604871348414,0.08986604871348414
HHH_rd4_0557.pdb,V8F,7,0.9550317029148184,1.1484997,0.19346802433432708,0.19346802433432708
HHH_rd4_0557.pdb,V8P,7,2.3212602201863213,1.8701538,-0.4511064354344292,0.4511064354344292
HHH_rd4_0557.pdb,E9Q,8,-0.0578540750873766,0.3905131,0.4483671673668108,0.4483671673668108
HHH_rd4_0557.pdb,E9N,8,0.3689842303980297,0.92488176,0.5558975259076648,0.5558975259076648
HHH_rd4_0557.pdb,E9H,8,-0.0371193813733445,0.4828135,0.5199328886918412,0.5199328886918412
HHH_rd4_0557.pdb,E9D,8,0.314483355635399,0.8887561,0.5742727407276687,0.5742727407276687
HHH_rd4_0557.pdb,E9R,8,-0.1551480266362457,0.6203917,0.7755397531300812,0.7755397531300812
HHH_rd4_0557.pdb,E9K,8,0.019729664828179,0.6749203,0.6551906556826853,0.6551906556826853
HHH_rd4_0557.pdb,E9T,8,-0.0281878433019486,0.31941012,0.3475979587823716,0.3475979587823716
HHH_rd4_0557.pdb,E9S,8,0.2701569661943037,0.5742068,0.30404986287674124,0.30404986287674124
HHH_rd4_0557.pdb,E9A,8,0.1112944340319121,0.4311543,0.3198598766713655,0.3198598766713655
HHH_rd4_0557.pdb,E9G,8,0.4946533802984478,1.1563118,0.6616583701135395,0.6616583701135395
HHH_rd4_0557.pdb,E9M,8,-0.5280119224279125,0.0638825,0.5918944223611553,0.5918944223611553
HHH_rd4_0557.pdb,E9L,8,-0.5529378836172638,-0.049332738,0.5036051456945954,0.5036051456945954
HHH_rd4_0557.pdb,E9V,8,-0.2109205660695479,0.021881998,0.23280256365484453,0.23280256365484453
HHH_rd4_0557.pdb,E9I,8,-0.3951800238018408,-0.017160207,0.37801981676868346,0.37801981676868346
HHH_rd4_0557.pdb,E9W,8,-0.3668421987628476,-0.10229617,0.26454602519030734,0.26454602519030734
HHH_rd4_0557.pdb,E9Y,8,-0.3082909091999366,-0.051792502,0.25649840679667735,0.25649840679667735
HHH_rd4_0557.pdb,E9F,8,-0.0925057061391743,0.07839227,0.17089797336634716,0.17089797336634716
HHH_rd4_0557.pdb,E9P,8,2.616406880788771,1.710464,-0.9059428800868665,0.9059428800868665
HHH_rd4_0557.pdb,E9C,8,-0.5604941389998679,-0.017127603,0.5433665357074027,0.5433665357074027
HHH_rd4_0557.pdb,E10Q,9,-0.1564683801572521,0.23339278,0.3898611552159984,0.3898611552159984
HHH_rd4_0557.pdb,E10N,9,0.0689368935688383,0.3756761,0.30673920191684895,0.30673920191684895
HHH_rd4_0557.pdb,E10H,9,0.0092972163819733,0.28083694,0.27153972342973326,0.27153972342973326
HHH_rd4_0557.pdb,E10D,9,0.0132246421118145,0.23789145,0.22466680841251563,0.22466680841251563
HHH_rd4_0557.pdb,E10R,9,-0.1134290758943414,0.25328413,0.36671320241449823,0.36671320241449823
HHH_rd4_0557.pdb,E10K,9,-0.1019078007143279,0.28027952,0.382187317888095,0.382187317888095
HHH_rd4_0557.pdb,E10T,9,-0.0255940843737785,0.26988953,0.2954836178935234,0.2954836178935234
HHH_rd4_0557.pdb,E10S,9,-0.0933534858973086,0.22225401,0.3156074939520419,0.3156074939520419
HHH_rd4_0557.pdb,E10A,9,-0.3438085457421627,0.10654521,0.45035375562680624,0.45035375562680624
HHH_rd4_0557.pdb,E10G,9,0.3114268770661099,0.503489,0.19206214042046238,0.19206214042046238
HHH_rd4_0557.pdb,E10M,9,-0.2207760981132422,0.11786191,0.3386380097677145,0.3386380097677145
HHH_rd4_0557.pdb,E10L,9,-0.2443351324714089,0.1957016,0.4400367315925027,0.4400367315925027
HHH_rd4_0557.pdb,E10V,9,0.061861455283211,0.3281092,0.2662477494859235,0.2662477494859235
HHH_rd4_0557.pdb,E10I,9,-0.0829319075109924,0.26232827,0.34526017460846553,0.34526017460846553
HHH_rd4_0557.pdb,E10W,9,-0.1321663005275182,0.031385124,0.16355142425722402,0.16355142425722402
HHH_rd4_0557.pdb,E10Y,9,-0.3156799184543448,0.07290889,0.388588811681922,0.388588811681922
HHH_rd4_0557.pdb,E10F,9,-0.2381946530123824,0.12227069,0.3604653414269561,0.3604653414269561
HHH_rd4_0557.pdb,E10P,9,1.4525232106921602,1.4565303,0.004007121873147446,0.004007121873147446
HHH_rd4_0557.pdb,L11Q,10,1.2899838439720748,1.5133152,0.2233313568335893,0.2233313568335893
HHH_rd4_0557.pdb,L11E,10,1.5939411969731097,1.9628533,0.36891211551926095,0.36891211551926095
HHH_rd4_0557.pdb,L11N,10,1.960212279123081,1.813446,-0.14676623420120594,0.14676623420120594
HHH_rd4_0557.pdb,L11D,10,3.199031821228214,2.161878,-1.0371537122499426,1.0371537122499426
HHH_rd4_0557.pdb,L11R,10,2.514925923253944,1.5108081,-1.0041178130168222,1.0041178130168222
HHH_rd4_0557.pdb,L11K,10,2.141611578895404,1.5850146,-0.5565969972151064,0.5565969972151064
HHH_rd4_0557.pdb,L11T,10,1.946934643257591,1.5094446,-0.43749004887435117,0.43749004887435117
HHH_rd4_0557.pdb,L11S,10,1.805766131348344,1.6821469,-0.1236192244956218,0.1236192244956218
HHH_rd4_0557.pdb,L11A,10,1.1108801751009518,1.4549828,0.34410258246740755,0.34410258246740755
HHH_rd4_0557.pdb,L11G,10,2.367322942689773,1.6904925,-0.6768304318941798,0.6768304318941798
HHH_rd4_0557.pdb,L11M,10,0.1370548821132757,0.61770386,0.4806489729244135,0.4806489729244135
HHH_rd4_0557.pdb,L11V,10,1.4229943330694026,1.2189466,-0.20404775695093336,0.20404775695093336
HHH_rd4_0557.pdb,L11I,10,1.0511224144220264,0.86074275,-0.19037966663836547,0.19037966663836547
HHH_rd4_0557.pdb,L11W,10,0.4048299431876669,0.8429531,0.4381231427116861,0.4381231427116861
HHH_rd4_0557.pdb,L11Y,10,0.3546501710982999,0.68245727,0.32780709713976774,0.32780709713976774
HHH_rd4_0557.pdb,L11F,10,0.4352657173538681,0.92794245,0.4926767374610428,0.4926767374610428
HHH_rd4_0557.pdb,L11P,10,3.1625562597190617,2.2151747,-0.9473815847312688,0.9473815847312688
HHH_rd4_0557.pdb,L11C,10,1.274869959925323,0.7115017,-0.5633682423578792,0.5633682423578792
HHH_rd4_0557.pdb,Y12Q,11,0.5085741790093263,1.7741194,1.2655451981269041,1.2655451981269041
HHH_rd4_0557.pdb,Y12E,11,0.9947454256378458,2.34436,1.349614687506075,1.349614687506075
HHH_rd4_0557.pdb,Y12N,11,0.7388885133431189,2.055083,1.3161945230796106,1.3161945230796106
HHH_rd4_0557.pdb,Y12H,11,0.3577498225573392,1.0928626,0.7351127834912448,0.7351127834912448
HHH_rd4_0557.pdb,Y12D,11,1.081301317796676,2.4815378,1.4002365011120155,1.4002365011120155
HHH_rd4_0557.pdb,Y12R,11,0.0201380924684397,1.4698397,1.449701599647344,1.449701599647344
HHH_rd4_0557.pdb,Y12K,11,0.588720407256369,1.5667877,0.9780673124701935,0.9780673124701935
HHH_rd4_0557.pdb,Y12T,11,0.1352001332786909,1.5305171,1.3953169680091508,1.3953169680091508
HHH_rd4_0557.pdb,Y12S,11,0.4105269554327297,1.8534325,1.4429055806924533,1.4429055806924533
HHH_rd4_0557.pdb,Y12A,11,0.5170214426844923,1.5436581,1.0266366946369798,1.0266366946369798
HHH_rd4_0557.pdb,Y12G,11,1.059362106131069,2.2006438,1.141281671716221,1.141281671716221
HHH_rd4_0557.pdb,Y12M,11,-0.0359248692954765,0.9747374,1.010662275072454,1.010662275072454
HHH_rd4_0557.pdb,Y12L,11,-0.2486294470406238,0.8316586,1.080288048801488,1.080288048801488
HHH_rd4_0557.pdb,Y12V,11,-0.0988725290664387,1.0288011,1.127673612631197,1.127673612631197
HHH_rd4_0557.pdb,Y12I,11,-0.1609116491294808,0.80749893,0.9684105810142465,0.9684105810142465
HHH_rd4_0557.pdb,Y12W,11,-0.0102232978237934,0.436741,0.44696429227722356,0.44696429227722356
HHH_rd4_0557.pdb,Y12F,11,-0.1934061380159089,0.44832456,0.6417306991349885,0.6417306991349885
HHH_rd4_0557.pdb,Y12P,11,2.9810977767655618,2.4548073,-0.5262904952714211,0.5262904952714211
HHH_rd4_0557.pdb,R13Q,12,0.2300437111758868,0.26133513,0.0312914233303388,0.0312914233303388
HHH_rd4_0557.pdb,R13E,12,0.3274911420092747,0.4057127,0.07822155192039754,0.07822155192039754
HHH_rd4_0557.pdb,R13N,12,0.1575182658344283,0.3026158,0.14509752572479107,0.14509752572479107
HHH_rd4_0557.pdb,R13H,12,0.0826597242554076,0.31240466,0.22974493811527416,0.22974493811527416
HHH_rd4_0557.pdb,R13D,12,0.4366040996233304,0.6320746,0.19547049487435025,0.19547049487435025
HHH_rd4_0557.pdb,R13K,12,0.0696275526972232,0.09770571,0.028078154256779175,0.028078154256779175
HHH_rd4_0557.pdb,R13T,12,0.2542980693248564,0.46346784,0.2091697670551485,0.2091697670551485
HHH_rd4_0557.pdb,R13S,12,0.055573641688047,0.37552634,0.31995269712764207,0.31995269712764207
HHH_rd4_0557.pdb,R13A,12,0.0782639456022002,0.15631315,0.07804920551893933,0.07804920551893933
HHH_rd4_0557.pdb,R13G,12,0.3495355334009393,0.6295853,0.28004979231698673,0.28004979231698673
HHH_rd4_0557.pdb,R13M,12,0.1461462586686939,0.07262617,-0.07352008517244757,0.07352008517244757
HHH_rd4_0557.pdb,R13L,12,0.2312946998538811,0.06448424,-0.16681046122930834,0.16681046122930834
HHH_rd4_0557.pdb,R13V,12,0.3865227288038353,0.46504167,0.07851893841914137,0.07851893841914137
HHH_rd4_0557.pdb,R13I,12,0.4058498851214693,0.26405108,-0.14179880537140827,0.14179880537140827
HHH_rd4_0557.pdb,R13W,12,-0.1325228143884329,0.22550625,0.35802906047836824,0.35802906047836824
HHH_rd4_0557.pdb,R13Y,12,-0.2001952642421947,0.27718157,0.47737683000376085,0.47737683000376085
HHH_rd4_0557.pdb,R13F,12,-0.0827846704947412,0.31222117,0.3950058399664819,0.3950058399664819
HHH_rd4_0557.pdb,R13P,12,2.2190357634683417,1.5338688,-0.6851669737954902,0.6851669737954902
HHH_rd4_0557.pdb,R13C,12,0.3027392654783671,0.047872514,-0.25486675194572855,0.25486675194572855
HHH_rd4_0557.pdb,K14Q,13,0.0011504878086454,0.16221368,0.16106319531971153,0.16106319531971153
HHH_rd4_0557.pdb,K14E,13,0.3185587652237647,0.4913844,0.1728256217925317,0.1728256217925317
HHH_rd4_0557.pdb,K14N,13,0.058829870195272,0.48697245,0.42814258101475,0.42814258101475
HHH_rd4_0557.pdb,K14H,13,-0.0076430017325215,0.3791315,0.3867744976851277,0.3867744976851277
HHH_rd4_0557.pdb,K14D,13,0.402018614224954,0.80725074,0.4052321239189669,0.4052321239189669
HHH_rd4_0557.pdb,K14R,13,-0.3498529233406828,0.055171818,0.40502474088180523,0.40502474088180523
HHH_rd4_0557.pdb,K14T,13,0.1277526878770678,0.45767802,0.3299253321233899,0.3299253321233899
HHH_rd4_0557.pdb,K14S,13,-0.0117768336305705,0.41459,0.42636683473683273,0.42636683473683273
HHH_rd4_0557.pdb,K14A,13,-0.2668676083896373,0.1804691,0.447336704096577,0.447336704096577
HHH_rd4_0557.pdb,K14G,13,0.2609481916683926,0.63739264,0.37644444844543795,0.37644444844543795
HHH_rd4_0557.pdb,K14M,13,-0.1860644877366706,0.047508955,0.23357344273850164,0.23357344273850164
HHH_rd4_0557.pdb,K14L,13,-0.1943893291542706,0.14882681,0.34321613689162106,0.34321613689162106
HHH_rd4_0557.pdb,K14V,13,0.2716145401095979,0.5213012,0.24968666981700732,0.24968666981700732
HHH_rd4_0557.pdb,K14I,13,0.1059786688788486,0.35571462,0.24973595028084988,0.24973595028084988
HHH_rd4_0557.pdb,K14W,13,-0.0032264717231851,0.418865,0.42209146696435024,0.42209146696435024
HHH_rd4_0557.pdb,K14Y,13,0.0817032121758121,0.4240467,0.34234348305657925,0.34234348305657925
HHH_rd4_0557.pdb,K14F,13,0.1696015819072034,0.40130058,0.2316989974022601,0.2316989974022601
HHH_rd4_0557.pdb,K14P,13,1.342437766765482,1.7162427,0.3738049042473963,0.3738049042473963
HHH_rd4_0557.pdb,G15Q,14,0.695516147163119,0.9494722,0.2539560417864659,0.2539560417864659
HHH_rd4_0557.pdb,G15E,14,1.0636631735134618,1.3508391,0.287175964517544,0.287175964517544
HHH_rd4_0557.pdb,G15N,14,0.4200955155195389,0.70627594,0.28618042442186736,0.28618042442186736
HHH_rd4_0557.pdb,G15H,14,0.4023732835098355,0.83203125,0.4296579664901645,0.4296579664901645
HHH_rd4_0557.pdb,G15D,14,0.7803610400815972,1.1100549,0.32969381049671087,0.32969381049671087
HHH_rd4_0557.pdb,G15R,14,0.4322631576770912,1.1006694,0.6684062263255943,0.6684062263255943
HHH_rd4_0557.pdb,G15K,14,0.3723621404583777,0.96450984,0.5921477043215906,0.5921477043215906
HHH_rd4_0557.pdb,G15T,14,1.3234924934630468,1.1737418,-0.14975067598868153,0.14975067598868153
HHH_rd4_0557.pdb,G15S,14,0.7831306152434121,0.8927456,0.10961499880840675,0.10961499880840675
HHH_rd4_0557.pdb,G15A,14,0.8100835175799244,0.98438334,0.1742998270703442,0.1742998270703442
HHH_rd4_0557.pdb,G15M,14,0.7195939380282863,0.9635503,0.24395639118008772,0.24395639118008772
HHH_rd4_0557.pdb,G15L,14,0.6553866172946194,1.0092202,0.35383362520568573,0.35383362520568573
HHH_rd4_0557.pdb,G15V,14,1.4290793990881712,1.4603354,0.03125597479030784,0.03125597479030784
HHH_rd4_0557.pdb,G15I,14,1.4737864521007746,1.4930248,0.019238373949030052,0.019238373949030052
HHH_rd4_0557.pdb,G15W,14,0.7857096959354655,0.96798265,0.18227295386769615,0.18227295386769615
HHH_rd4_0557.pdb,G15Y,14,0.7801580353125521,0.91395426,0.13379622265253577,0.13379622265253577
HHH_rd4_0557.pdb,G15F,14,0.6252903484111458,0.7751977,0.14990733635371623,0.14990733635371623
HHH_rd4_0557.pdb,G15P,14,1.855315408973624,1.7482711,-0.10704430129997888,0.10704430129997888
HHH_rd4_0557.pdb,G15C,14,0.6327448993923732,0.37220615,-0.2605387479069301,0.2605387479069301
HHH_rd4_0557.pdb,V16Q,15,0.1008525368840858,0.71601796,0.6151654246179894,0.6151654246179894
HHH_rd4_0557.pdb,V16E,15,0.3339516036857453,0.85566866,0.5217170602928314,0.5217170602928314
HHH_rd4_0557.pdb,V16N,15,0.0455028238726584,1.0094906,0.963987785296348,0.963987785296348
HHH_rd4_0557.pdb,V16H,15,-0.1718988566423798,0.47257853,0.6444773821855927,0.6444773821855927
HHH_rd4_0557.pdb,V16D,15,0.8453737787342561,1.1415833,0.2962095447444426,0.2962095447444426
HHH_rd4_0557.pdb,V16R,15,-0.0776401339648358,0.8844075,0.9620476542590253,0.9620476542590253
HHH_rd4_0557.pdb,V16K,15,-0.316604574885345,0.8431364,1.1597410046720271,1.1597410046720271
HHH_rd4_0557.pdb,V16T,15,0.1071936704996692,0.433616,0.3264223418351544,0.3264223418351544
HHH_rd4_0557.pdb,V16S,15,0.1475913295422364,0.78266424,0.6350729098643493,0.6350729098643493
HHH_rd4_0557.pdb,V16A,15,-0.08157297689662,0.6369852,0.718558159658766,0.718558159658766
HHH_rd4_0557.pdb,V16G,15,0.701142119413324,1.187534,0.4863918552341979,0.4863918552341979
HHH_rd4_0557.pdb,V16M,15,-0.1241795165281036,0.22720972,0.3513892335633972,0.3513892335633972
HHH_rd4_0557.pdb,V16L,15,0.0313817304326007,0.18630901,0.15492727935781983,0.15492727935781983
HHH_rd4_0557.pdb,V16I,15,-0.0677516312358563,-0.11789504,-0.050143405699949975,0.050143405699949975
HHH_rd4_0557.pdb,V16W,15,-0.2153960080537817,-0.051372617,0.16402339057064266,0.16402339057064266
HHH_rd4_0557.pdb,V16Y,15,-0.2751048796789286,-0.120464355,0.15464052492543434,0.15464052492543434
HHH_rd4_0557.pdb,V16F,15,-0.219174637442491,-0.006860882,0.2123137553986525,0.2123137553986525
HHH_rd4_0557.pdb,V16P,15,2.1625004631633,1.2980683,-0.8644321781748965,0.8644321781748965
HHH_rd4_0557.pdb,S17Q,16,0.1170180246609287,0.7425919,0.6255738928538723,0.6255738928538723
HHH_rd4_0557.pdb,S17E,16,0.021856408384016,0.71639055,0.6945341417525501,0.6945341417525501
HHH_rd4_0557.pdb,S17N,16,0.0855461384354785,0.43624383,0.35069769367588016,0.35069769367588016
HHH_rd4_0557.pdb,S17H,16,0.0100112726881538,0.72098154,0.710970265607592,0.710970265607592
HHH_rd4_0557.pdb,S17D,16,0.066361739584607,0.40228942,0.3359276807816802,0.3359276807816802
HHH_rd4_0557.pdb,S17R,16,-0.0136819485140056,0.80271155,0.8163934949350566,0.8163934949350566
HHH_rd4_0557.pdb,S17K,16,0.0579797502333323,0.7311411,0.6731613401597341,0.6731613401597341
HHH_rd4_0557.pdb,S17T,16,0.0062452065025744,-0.030291319,-0.03653652539600702,0.03653652539600702
HHH_rd4_0557.pdb,S17A,16,0.0410363958730282,0.53955126,0.49851486221413,0.49851486221413
HHH_rd4_0557.pdb,S17G,16,0.0077463781580791,0.6412932,0.6335468495144978,0.6335468495144978
HHH_rd4_0557.pdb,S17M,16,0.22948264672406,0.78404284,0.5545601885115357,0.5545601885115357
HHH_rd4_0557.pdb,S17L,16,0.0898063484837226,0.7105504,0.620744078953106,0.620744078953106
HHH_rd4_0557.pdb,S17V,16,0.1718645405033334,0.7860671,0.6142025876781241,0.6142025876781241
HHH_rd4_0557.pdb,S17I,16,0.2865271795250961,0.85244846,0.5659212839148453,0.5659212839148453
HHH_rd4_0557.pdb,S17W,16,0.4491945308745584,0.7922857,0.3430911498963156,0.3430911498963156
HHH_rd4_0557.pdb,S17Y,16,0.3556558291293688,0.76404047,0.40838464099392224,0.40838464099392224
HHH_rd4_0557.pdb,S17F,16,0.4435351556639944,0.83946836,0.3959332042832102,0.3959332042832102
HHH_rd4_0557.pdb,S17P,16,-0.1291628880154638,0.5526303,0.681793193305686,0.681793193305686
HHH_rd4_0557.pdb,P18Q,17,0.0846720391031583,0.4063062,0.3216341680768649,0.3216341680768649
HHH_rd4_0557.pdb,P18E,17,-0.0278832137371676,0.47057468,0.49845789072767666,0.49845789072767666
HHH_rd4_0557.pdb,P18N,17,0.0910818834945219,0.3886851,0.29760322373661824,0.29760322373661824
HHH_rd4_0557.pdb,P18H,17,0.3874746243674303,0.3193844,-0.0680902282912279,0.0680902282912279
HHH_rd4_0557.pdb,P18D,17,0.1435243090001234,0.4970281,0.35350380341137566,0.35350380341137566
HHH_rd4_0557.pdb,P18R,17,-0.2491428752435807,0.41935042,0.6684932907117966,0.6684932907117966
HHH_rd4_0557.pdb,P18K,17,-0.1192169241488358,0.33260757,0.45182449145916903,0.45182449145916903
HHH_rd4_0557.pdb,P18T,17,-0.203489538798157,0.4539273,0.6574168471191562,0.6574168471191562
HHH_rd4_0557.pdb,P18S,17,-0.0651989698181476,0.29180717,0.3570061445007648,0.3570061445007648
HHH_rd4_0557.pdb,P18A,17,-0.0103012009087075,0.11727652,0.12757772044567955,0.12757772044567955
HHH_rd4_0557.pdb,P18G,17,0.1116579463553799,0.3612008,0.24954286312337987,0.24954286312337987
HHH_rd4_0557.pdb,P18M,17,-0.05583669736078,0.19568612,0.25152281417539335,0.25152281417539335
HHH_rd4_0557.pdb,P18L,17,-0.0202842450581783,0.300066,0.3203502393208736,0.3203502393208736
HHH_rd4_0557.pdb,P18V,17,-0.055906972352222,0.31660175,0.37250872558708525,0.37250872558708525
HHH_rd4_0557.pdb,P18I,17,-0.0435172487627375,0.28878024,0.33229749096740363,0.33229749096740363
HHH_rd4_0557.pdb,P18W,17,-0.0229769179824783,0.08191109,0.10488800501861112,0.10488800501861112
HHH_rd4_0557.pdb,P18Y,17,0.0212834658463538,0.16931069,0.14802722312611935,0.14802722312611935
HHH_rd4_0557.pdb,P18F,17,0.0062545468203096,0.077577546,0.07132299941858963,0.07132299941858963
HHH_rd4_0557.pdb,E19Q,18,-0.0734310301303624,0.23614527,0.3095763029813527,0.3095763029813527
HHH_rd4_0557.pdb,E19N,18,-0.0361193251237605,0.30946183,0.34558115717026927,0.34558115717026927
HHH_rd4_0557.pdb,E19H,18,-0.1841244029354527,0.29247138,0.4765957819771245,0.4765957819771245
HHH_rd4_0557.pdb,E19D,18,-0.1295491229939727,0.16161911,0.2911682348895339,0.2911682348895339
HHH_rd4_0557.pdb,E19R,18,-0.1289069095505643,0.40019354,0.5291004517926144,0.5291004517926144
HHH_rd4_0557.pdb,E19K,18,-0.0225111712230243,0.31510797,0.33761914265284915,0.33761914265284915
HHH_rd4_0557.pdb,E19T,18,-0.1174911871029018,0.28061634,0.3981075301242946,0.3981075301242946
HHH_rd4_0557.pdb,E19S,18,-0.1496349575683,0.24758676,0.3972217145129564,0.3972217145129564
HHH_rd4_0557.pdb,E19A,18,-0.0360314976905988,0.13030039,0.166331885430734,0.166331885430734
HHH_rd4_0557.pdb,E19G,18,0.0194975247101316,0.38251305,0.36301552155451683,0.36301552155451683
HHH_rd4_0557.pdb,E19M,18,-0.1067471883826089,0.26982784,0.3765750310950112,0.3765750310950112
HHH_rd4_0557.pdb,E19L,18,-0.0894221155556267,0.20523448,0.2946565984400337,0.2946565984400337
HHH_rd4_0557.pdb,E19V,18,0.1558479480971581,0.23336947,0.07752152154548106,0.07752152154548106
HHH_rd4_0557.pdb,E19I,18,0.0089074083116922,0.27581245,0.26690503875938326,0.26690503875938326
HHH_rd4_0557.pdb,E19W,18,-0.0261781202667816,0.23799089,0.2641690062397583,0.2641690062397583
HHH_rd4_0557.pdb,E19Y,18,-0.0632886320023824,0.3004598,0.3637484341531087,0.3637484341531087
HHH_rd4_0557.pdb,E19F,18,0.0692763042304371,0.37133,0.3020536887791302,0.3020536887791302
HHH_rd4_0557.pdb,E19P,18,0.1736755310222455,0.6788783,0.5052027763202838,0.5052027763202838
HHH_rd4_0557.pdb,E19C,18,-0.5673175750350299,0.049381196,0.6166987715339007,0.6166987715339007
HHH_rd4_0557.pdb,Q20E,19,-0.001992028541411,-0.056650072,-0.0546580437947859,0.0546580437947859
HHH_rd4_0557.pdb,Q20N,19,-0.0854440019399667,0.43491703,0.5203610346586252,0.5203610346586252
HHH_rd4_0557.pdb,Q20H,19,0.0350287157421642,0.39126837,0.35623965679354136,0.35623965679354136
HHH_rd4_0557.pdb,Q20D,19,-0.1360433432837329,0.10558465,0.24162799451549866,0.24162799451549866
HHH_rd4_0557.pdb,Q20R,19,0.0231800186157289,0.48280132,0.45962129955291126,0.45962129955291126
HHH_rd4_0557.pdb,Q20K,19,0.0592339826599905,0.31921196,0.2599779771788767,0.2599779771788767
HHH_rd4_0557.pdb,Q20T,19,-0.0453547382372399,0.36097124,0.40632598042664725,0.40632598042664725
HHH_rd4_0557.pdb,Q20S,19,0.0109379450099833,0.37347776,0.362539811967098,0.362539811967098
HHH_rd4_0557.pdb,Q20A,19,-0.0909975129654285,-0.0006403029,0.09035721006892887,0.09035721006892887
HHH_rd4_0557.pdb,Q20G,19,0.0131170313138508,0.7857956,0.7726785977106548,0.7726785977106548
HHH_rd4_0557.pdb,Q20M,19,-0.2183828255794218,0.12274876,0.3411315879485777,0.3411315879485777
HHH_rd4_0557.pdb,Q20L,19,-0.0816115051515029,0.14831296,0.22992446124624472,0.22992446124624472
HHH_rd4_0557.pdb,Q20V,19,-0.0001882648731386,0.41721913,0.4174073970581209,0.4174073970581209
HHH_rd4_0557.pdb,Q20I,19,0.0696724393481185,0.2814232,0.21175077174959878,0.21175077174959878
HHH_rd4_0557.pdb,Q20W,19,-0.1210085984397917,0.20507492,0.32608351969013505,0.32608351969013505
HHH_rd4_0557.pdb,Q20Y,19,0.1826923796749131,0.34085983,0.15816745070457297,0.15816745070457297
HHH_rd4_0557.pdb,Q20F,19,0.0506750848801735,0.3547902,0.3041151258437035,0.3041151258437035
HHH_rd4_0557.pdb,Q20P,19,2.43322268759825,1.60797,-0.8252526882848956,0.8252526882848956
HHH_rd4_0557.pdb,V21Q,20,1.4858714241788626,1.5391791,0.05330766250631802,0.05330766250631802
HHH_rd4_0557.pdb,V21E,20,3.2119869509288943,1.8910011,-1.3209858456203616,1.3209858456203616
HHH_rd4_0557.pdb,V21N,20,2.900834481869204,2.00325,-0.8975845982174704,0.8975845982174704
HHH_rd4_0557.pdb,V21H,20,2.378662788887209,1.6809013,-0.6977614999010031,0.6977614999010031
HHH_rd4_0557.pdb,V21D,20,4.050590667128837,2.1675951,-1.8829955190422893,1.8829955190422893
HHH_rd4_0557.pdb,V21R,20,2.082103281204016,1.763946,-0.3181572248380493,0.3181572248380493
HHH_rd4_0557.pdb,V21K,20,2.500682221915505,1.8318927,-0.6687894931099629,0.6687894931099629
HHH_rd4_0557.pdb,V21T,20,0.2191443330116738,1.0796673,0.8605229967765342,0.8605229967765342
HHH_rd4_0557.pdb,V21S,20,1.2241927816827771,1.485477,0.2612841889898303,0.2612841889898303
HHH_rd4_0557.pdb,V21A,20,0.3004640479360518,1.0375917,0.7371276478494706,0.7371276478494706
HHH_rd4_0557.pdb,V21G,20,2.0828056755044315,1.8886139,-0.1941917362191532,0.1941917362191532
HHH_rd4_0557.pdb,V21M,20,0.0170932733680984,0.7452171,0.7281238115165451,0.7281238115165451
HHH_rd4_0557.pdb,V21L,20,-0.0648272851596885,0.55752647,0.6223537543903404,0.6223537543903404
HHH_rd4_0557.pdb,V21I,20,-0.6492404981640081,-0.23230672,0.41693377933771414,0.41693377933771414
HHH_rd4_0557.pdb,V21W,20,0.8512567004670752,1.2864192,0.43516245274642573,0.43516245274642573
HHH_rd4_0557.pdb,V21Y,20,1.4203811455606965,1.183976,-0.23640509136910715,0.23640509136910715
HHH_rd4_0557.pdb,V21F,20,0.7965424707300102,1.0100133,0.21347087117367636,0.21347087117367636
HHH_rd4_0557.pdb,V21P,20,3.709498185389004,2.1012776,-1.6082205955910305,1.6082205955910305
HHH_rd4_0557.pdb,V21C,20,0.5451706959807319,0.7449218,0.1997511074936944,0.1997511074936944
HHH_rd4_0557.pdb,K22Q,21,0.4560422040507101,0.30083787,-0.1552043296381735,0.1552043296381735
HHH_rd4_0557.pdb,K22E,21,0.524521237670744,0.81678635,0.2922651111489887,0.2922651111489887
HHH_rd4_0557.pdb,K22N,21,0.7570512592902259,0.7690595,0.012008219946376908,0.012008219946376908
HHH_rd4_0557.pdb,K22H,21,0.115408538491267,0.34171933,0.2263107908658802,0.2263107908658802
HHH_rd4_0557.pdb,K22D,21,1.4881806666357145,1.1572639,-0.33091679162808507,0.33091679162808507
HHH_rd4_0557.pdb,K22R,21,-0.3910760572088549,0.03896735,0.4300434058440516,0.4300434058440516
HHH_rd4_0557.pdb,K22T,21,-0.0420805133893282,0.0481989,0.09027941450617619,0.09027941450617619
HHH_rd4_0557.pdb,K22S,21,0.426494420746637,0.55402863,0.12753420951001582,0.12753420951001582
HHH_rd4_0557.pdb,K22A,21,0.0698587264431469,0.34876847,0.2789097462283619,0.2789097462283619
HHH_rd4_0557.pdb,K22G,21,0.6428971633024672,1.0382719,0.39537474068923206,0.39537474068923206
HHH_rd4_0557.pdb,K22M,21,-0.4636519505682317,-0.25264227,0.21100967666533865,0.21100967666533865
HHH_rd4_0557.pdb,K22L,21,-0.441992797796821,-0.6010958,-0.1591029978345877,0.1591029978345877
HHH_rd4_0557.pdb,K22V,21,-0.2905311215869006,-0.48768264,-0.19715151896562016,0.19715151896562016
HHH_rd4_0557.pdb,K22I,21,-0.3540295182253969,-0.8401185,-0.48608900918701764,0.48608900918701764
HHH_rd4_0557.pdb,K22W,21,-0.2049009863830102,-0.13475753,0.07014345271353845,0.07014345271353845
HHH_rd4_0557.pdb,K22Y,21,-0.4464908750033229,-0.115815565,0.33067531001327927,0.33067531001327927
HHH_rd4_0557.pdb,K22F,21,-0.2383629911408378,-0.15293269,0.08543030254697337,0.08543030254697337
HHH_rd4_0557.pdb,K22P,21,1.1066279245504815,1.1690007,0.06237282026915958,0.06237282026915958
HHH_rd4_0557.pdb,K23Q,22,-0.1874901285082466,0.062463105,0.24995323323313062,0.24995323323313062
HHH_rd4_0557.pdb,K23E,22,-0.1077341267911555,0.1068772,0.2146113270966174,0.2146113270966174
HHH_rd4_0557.pdb,K23N,22,-0.1017885660645165,0.28257146,0.38436003084150927,0.38436003084150927
HHH_rd4_0557.pdb,K23H,22,-0.1346543686014896,0.20195907,0.3366134421450382,0.3366134421450382
HHH_rd4_0557.pdb,K23D,22,0.001232682703395,0.35663202,0.3553993413463639,0.3553993413463639
HHH_rd4_0557.pdb,K23R,22,-0.2308625124541534,0.014401779,0.24526429103291164,0.24526429103291164
HHH_rd4_0557.pdb,K23T,22,-0.1826255456553815,0.1736505,0.3562760488139508,0.3562760488139508
HHH_rd4_0557.pdb,K23S,22,-0.2735784456738259,0.231703,0.5052814439543512,0.5052814439543512
HHH_rd4_0557.pdb,K23A,22,-0.2125306938832598,0.06345089,0.2759815816825228,0.2759815816825228
HHH_rd4_0557.pdb,K23G,22,0.1209012287044357,0.5614346,0.44053339787484896,0.44053339787484896
HHH_rd4_0557.pdb,K23M,22,-0.2238663682215924,-0.03517589,0.1886904784911389,0.1886904784911389
HHH_rd4_0557.pdb,K23L,22,-0.2007610296287922,-0.024146646,0.17661438336757698,0.17661438336757698
HHH_rd4_0557.pdb,K23V,22,-0.153983377901651,0.17190534,0.3258887166658417,0.3258887166658417
HHH_rd4_0557.pdb,K23I,22,-0.2458725562030168,0.024675936,0.27054849170983747,0.27054849170983747
HHH_rd4_0557.pdb,K23W,22,0.035926147006124,0.100576,0.0646498514193597,0.0646498514193597
HHH_rd4_0557.pdb,K23Y,22,-0.138903060154524,0.106187716,0.24509077628096596,0.24509077628096596
HHH_rd4_0557.pdb,K23F,22,0.0616272513117235,0.13881713,0.07718988020759412,0.07718988020759412
HHH_rd4_0557.pdb,K23P,22,0.9275766192604892,1.4322103,0.504633706934274,0.504633706934274
HHH_rd4_0557.pdb,K23C,22,-0.4827445262837559,-0.0556868,0.4270577246117741,0.4270577246117741
HHH_rd4_0557.pdb,I24Q,23,0.3112912367222065,0.7988204,0.4875291396739727,0.4875291396739727
HHH_rd4_0557.pdb,I24E,23,0.4131370881009282,0.91472435,0.5015872618746577,0.5015872618746577
HHH_rd4_0557.pdb,I24N,23,0.941594101979296,1.3035431,0.36194898884101645,0.36194898884101645
HHH_rd4_0557.pdb,I24H,23,0.5525120154959686,0.910221,0.35770896514825745,0.35770896514825745
HHH_rd4_0557.pdb,I24D,23,0.7656805666438,1.2430329,0.4773523656376941,0.4773523656376941
HHH_rd4_0557.pdb,I24R,23,0.3062952298927581,0.98686564,0.6805704097938263,0.6805704097938263
HHH_rd4_0557.pdb,I24K,23,0.4631857832820834,0.97715014,0.5139643589107572,0.5139643589107572
HHH_rd4_0557.pdb,I24T,23,0.1655942980752276,0.72266495,0.5570706542029096,0.5570706542029096
HHH_rd4_0557.pdb,I24S,23,0.649992873065345,1.0183592,0.3683663111997917,0.3683663111997917
HHH_rd4_0557.pdb,I24A,23,0.4001330093533055,0.79367983,0.39354682405886493,0.39354682405886493
HHH_rd4_0557.pdb,I24G,23,1.5745512276082432,1.3916392,-0.18291199497274513,0.18291199497274513
HHH_rd4_0557.pdb,I24M,23,-0.0702584961460401,0.26017952,0.3304380157993604,0.3304380157993604
HHH_rd4_0557.pdb,I24L,23,-0.111292579550986,0.08165884,0.19295141973042934,0.19295141973042934
HHH_rd4_0557.pdb,I24V,23,0.0495012094283353,0.4234325,0.37393128974196804,0.37393128974196804
HHH_rd4_0557.pdb,I24W,23,0.1992711924497783,0.30321974,0.1039485431726277,0.1039485431726277
HHH_rd4_0557.pdb,I24Y,23,0.1103451361279401,0.33892882,0.22858368257475764,0.22858368257475764
HHH_rd4_0557.pdb,I24F,23,0.04975772191333,0.2979911,0.2482333750600892,0.2482333750600892
HHH_rd4_0557.pdb,I24P,23,3.4862416610713,1.8039104,-1.6823312864298816,1.6823312864298816
HHH_rd4_0557.pdb,L25Q,24,3.2654267425259484,1.7022057,-1.563221084566964,1.563221084566964
HHH_rd4_0557.pdb,L25E,24,3.4243508364988764,1.9494284,-1.4749223973585566,1.4749223973585566
HHH_rd4_0557.pdb,L25N,24,3.0653117193269748,2.2339873,-0.8313243879365939,0.8313243879365939
HHH_rd4_0557.pdb,L25H,24,3.4094867426845163,1.7547385,-1.6547482926341623,1.6547482926341623
HHH_rd4_0557.pdb,L25R,24,3.057948971981096,2.1173525,-0.9405964863243579,0.9405964863243579
HHH_rd4_0557.pdb,L25K,24,3.1046006132508523,1.8830745,-1.2215260912324197,1.2215260912324197
HHH_rd4_0557.pdb,L25T,24,2.278096808142422,1.4649074,-0.8131894003818019,0.8131894003818019
HHH_rd4_0557.pdb,L25S,24,2.4692964686467254,1.833188,-0.6361084117009246,0.6361084117009246
HHH_rd4_0557.pdb,L25A,24,1.1788985885090044,1.5254532,0.34655462136800974,0.34655462136800974
HHH_rd4_0557.pdb,L25G,24,1.445976078160962,1.8626415,0.4166653755820189,0.4166653755820189
HHH_rd4_0557.pdb,L25M,24,0.6558306751864582,0.7426858,0.08685511964386405,0.08685511964386405
HHH_rd4_0557.pdb,L25V,24,1.5647500547615332,1.1228738,-0.4418762716499609,0.4418762716499609
HHH_rd4_0557.pdb,L25I,24,1.405705588548219,0.89254075,-0.5131648356604932,0.5131648356604932
HHH_rd4_0557.pdb,L25W,24,2.093704001550805,1.2935646,-0.8001394435216302,0.8001394435216302
HHH_rd4_0557.pdb,L25Y,24,2.019826078474922,1.2634429,-0.7563832045201488,0.7563832045201488
HHH_rd4_0557.pdb,L25F,24,0.9694492742122662,1.2438496,0.2744003609119403,0.2744003609119403
HHH_rd4_0557.pdb,L25P,24,2.855943774284761,2.0553436,-0.8006001463550736,0.8006001463550736
HHH_rd4_0557.pdb,K26Q,25,0.0208261320097391,-0.029807284,-0.05063341648411196,0.05063341648411196
HHH_rd4_0557.pdb,K26E,25,0.3538403477452601,0.17217061,-0.18166973850949653,0.18166973850949653
HHH_rd4_0557.pdb,K26N,25,0.4954412398493479,0.53713393,0.04169269226429956,0.04169269226429956
HHH_rd4_0557.pdb,K26H,25,0.26865985976114,0.2833733,0.014713436499693755,0.014713436499693755
HHH_rd4_0557.pdb,K26D,25,0.8848385429967061,0.6826511,-0.20218744045382886,0.20218744045382886
HHH_rd4_0557.pdb,K26R,25,-0.1546781642556269,0.004625261,0.15930342508555242,0.15930342508555242
HHH_rd4_0557.pdb,K26T,25,-0.1490611795368153,-0.10234831,0.046712866801257746,0.046712866801257746
HHH_rd4_0557.pdb,K26S,25,-0.1599441625348823,0.076165244,0.23610940651815104,0.23610940651815104
HHH_rd4_0557.pdb,K26A,25,-0.0843727033985506,0.07368934,0.15806204494365558,0.15806204494365558
HHH_rd4_0557.pdb,K26G,25,0.015344147339503,0.60267997,0.5873358205407461,0.5873358205407461
HHH_rd4_0557.pdb,K26M,25,-0.4487390477708373,-0.3035975,0.14514153790984485,0.14514153790984485
HHH_rd4_0557.pdb,K26L,25,-0.2928594574650169,-0.18582614,0.107033319803083,0.107033319803083
HHH_rd4_0557.pdb,K26V,25,-0.2359437748269588,-0.084953204,0.1509905710296184,0.1509905710296184
HHH_rd4_0557.pdb,K26I,25,-0.226760848081204,-0.23199458,-0.005233736121562416,0.005233736121562416
HHH_rd4_0557.pdb,K26W,25,0.3326531857294932,0.03727542,-0.29537776709031016,0.29537776709031016
HHH_rd4_0557.pdb,K26Y,25,-0.1128966705177036,0.024074614,0.13697128456570776,0.13697128456570776
HHH_rd4_0557.pdb,K26F,25,0.0594918160958823,0.018857472,-0.04063434445100391,0.04063434445100391
HHH_rd4_0557.pdb,K26P,25,2.0737580741271344,1.2225142,-0.851243921600279,0.851243921600279
HHH_rd4_0557.pdb,K26C,25,0.722330268785861,-0.24232666,-0.9646569307302504,0.9646569307302504
HHH_rd4_0557.pdb,K27Q,26,-0.0659691674938236,0.07418671,0.14015587999725682,0.14015587999725682
HHH_rd4_0557.pdb,K27E,26,-0.0778275199896998,0.15575284,0.23358035764762827,0.23358035764762827
HHH_rd4_0557.pdb,K27N,26,-0.0149374337146643,0.31888235,0.33381977986792355,0.33381977986792355
HHH_rd4_0557.pdb,K27H,26,0.0017666321670053,0.2882685,0.28650187435994173,0.28650187435994173
HHH_rd4_0557.pdb,K27D,26,-0.0334772146123332,0.36994028,0.40341749552663986,0.40341749552663986
HHH_rd4_0557.pdb,K27R,26,-0.2788118927403524,0.10059267,0.379404565565212,0.379404565565212
HHH_rd4_0557.pdb,K27T,26,0.0618989667649212,0.38082975,0.31893078472662545,0.31893078472662545
HHH_rd4_0557.pdb,K27S,26,-0.130973342666683,0.25003555,0.38100889683729156,0.38100889683729156
HHH_rd4_0557.pdb,K27A,26,-0.1968770840520481,-0.02445218,0.17242490438171423,0.17242490438171423
HHH_rd4_0557.pdb,K27G,26,-0.0885758189842356,0.3329838,0.42155961081239113,0.42155961081239113
HHH_rd4_0557.pdb,K27M,26,-0.278158951265373,0.08169028,0.35984923289493537,0.35984923289493537
HHH_rd4_0557.pdb,K27L,26,-0.2761577846689005,0.09068765,0.3668454321307917,0.3668454321307917
HHH_rd4_0557.pdb,K27V,26,0.0442882593159308,0.47481543,0.43052716894105775,0.43052716894105775
HHH_rd4_0557.pdb,K27I,26,-0.0155874030813669,0.38891158,0.40449897816033115,0.40449897816033115
HHH_rd4_0557.pdb,K27W,26,0.0575230857454136,0.3073132,0.24979011806623191,0.24979011806623191
HHH_rd4_0557.pdb,K27Y,26,0.0211021415504792,0.37603825,0.35493611175686335,0.35493611175686335
HHH_rd4_0557.pdb,K27F,26,-0.0438844161726543,0.41761917,0.46150358493104665,0.46150358493104665
HHH_rd4_0557.pdb,K27P,26,0.6174384645302458,1.1415865,0.5241480775992708,0.5241480775992708
HHH_rd4_0557.pdb,K27C,26,0.2034886750605933,0.018389702,-0.18509897321733157,0.18509897321733157
HHH_rd4_0557.pdb,Q28E,27,0.2348781615576838,0.3065936,0.07171543537758843,0.07171543537758843
HHH_rd4_0557.pdb,Q28N,27,0.2401853638402209,0.34255338,0.10236801331126835,0.10236801331126835
HHH_rd4_0557.pdb,Q28H,27,0.150729630059335,0.052821614,-0.09790801621112563,0.09790801621112563
HHH_rd4_0557.pdb,Q28D,27,0.4083313484153574,0.6787047,0.2703733305969412,0.2703733305969412
HHH_rd4_0557.pdb,Q28R,27,-0.276327932480962,-0.034334123,0.24199380934634895,0.24199380934634895
HHH_rd4_0557.pdb,Q28K,27,-0.1168788945731709,-0.059771776,0.057107118373830076,0.057107118373830076
HHH_rd4_0557.pdb,Q28T,27,0.120750822252043,0.05829013,-0.06246069086194825,0.06246069086194825
HHH_rd4_0557.pdb,Q28S,27,0.0554415771488026,0.24928762,0.19384604303800312,0.19384604303800312
HHH_rd4_0557.pdb,Q28A,27,-0.0245321204962079,0.07035708,0.0948891973199193,0.0948891973199193
HHH_rd4_0557.pdb,Q28G,27,0.409445190764377,0.44304556,0.03360036578088055,0.03360036578088055
HHH_rd4_0557.pdb,Q28M,27,-0.2075683248843249,-0.29688692,-0.08931859604463019,0.08931859604463019
HHH_rd4_0557.pdb,Q28L,27,-0.0861411397582223,-0.3516652,-0.2655240590447257,0.2655240590447257
HHH_rd4_0557.pdb,Q28V,27,-0.0049653497876414,-0.035644203,-0.030678853636812334,0.030678853636812334
HHH_rd4_0557.pdb,Q28I,27,-0.1375094887510179,-0.23093353,-0.0934240433677794,0.0934240433677794
HHH_rd4_0557.pdb,Q28W,27,-0.1185355938464196,-0.21218516,-0.09364956547918007,0.09364956547918007
HHH_rd4_0557.pdb,Q28Y,27,-0.1012790745518779,-0.21872617,-0.11744709849137314,0.11744709849137314
HHH_rd4_0557.pdb,Q28F,27,-0.0566605068294454,-0.18821768,-0.13155717779713388,0.13155717779713388
HHH_rd4_0557.pdb,Q28P,27,1.5629481770753682,1.0458001,-0.5171480872392475,0.5171480872392475
HHH_rd4_0557.pdb,Q28C,27,0.7168653149234929,-0.3825903,-1.0994556088077703,1.0994556088077703
HHH_rd4_0557.pdb,G29Q,28,0.8289024534715641,0.9130438,0.0841413435445797,0.0841413435445797
HHH_rd4_0557.pdb,G29E,28,1.0633186830483004,1.2403188,0.1770000921287016,0.1770000921287016
HHH_rd4_0557.pdb,G29N,28,0.4461001993154387,0.6093633,0.16326311817418532,0.16326311817418532
HHH_rd4_0557.pdb,G29H,28,0.694413946083948,0.80506134,0.11064739424808323,0.11064739424808323
HHH_rd4_0557.pdb,G29D,28,0.9079653768930024,0.9537763,0.04581092306045831,0.04581092306045831
HHH_rd4_0557.pdb,G29R,28,0.928611346843026,1.1326852,0.20407383763573372,0.20407383763573372
HHH_rd4_0557.pdb,G29K,28,0.8478763425755838,0.99117744,0.14330109711405248,0.14330109711405248
HHH_rd4_0557.pdb,G29T,28,1.6052522667716769,1.292644,-0.3126082428764132,0.3126082428764132
HHH_rd4_0557.pdb,G29S,28,0.8988426842557842,0.9433687,0.044525989068800786,0.044525989068800786
HHH_rd4_0557.pdb,G29A,28,0.9098820273199716,1.0727254,0.16284338790982578,0.16284338790982578
HHH_rd4_0557.pdb,G29M,28,0.7222026953622618,0.9861555,0.2639528145864687,0.2639528145864687
HHH_rd4_0557.pdb,G29L,28,0.8424910807612629,1.0538781,0.2113869881626873,0.2113869881626873
HHH_rd4_0557.pdb,G29V,28,1.7040172938125635,1.5408347,-0.1631826285141016,0.1631826285141016
HHH_rd4_0557.pdb,G29I,28,1.6064900880303798,1.5525582,-0.0539319043603359,0.0539319043603359
HHH_rd4_0557.pdb,G29W,28,1.2229101018521518,0.9478959,-0.2750142173382968,0.2750142173382968
HHH_rd4_0557.pdb,G29Y,28,1.0434691740007795,0.9234937,-0.11997549066261426,0.11997549066261426
HHH_rd4_0557.pdb,G29F,28,0.8967766463059204,0.7491204,-0.1476562320488708,0.1476562320488708
HHH_rd4_0557.pdb,G29P,28,1.7324856931884889,1.7160599,-0.016425770016491814,0.016425770016491814
HHH_rd4_0557.pdb,I30Q,29,1.0288479735326457,1.5088375,0.47998948793891194,0.47998948793891194
HHH_rd4_0557.pdb,I30E,29,1.3888413459866031,1.6933899,0.30454854659152186,0.30454854659152186
HHH_rd4_0557.pdb,I30N,29,1.4031471607911394,1.6990969,0.29594975731493967,0.29594975731493967
HHH_rd4_0557.pdb,I30H,29,-0.0237908056923967,1.0319103,1.0557011059472186,1.0557011059472186
HHH_rd4_0557.pdb,I30D,29,2.5227821185608894,1.7997664,-0.7230156972428352,0.7230156972428352
HHH_rd4_0557.pdb,I30R,29,1.0350370886987283,1.5733923,0.5383551832968161,0.5383551832968161
HHH_rd4_0557.pdb,I30K,29,1.1002969474009316,1.6244746,0.5241776972600181,0.5241776972600181
HHH_rd4_0557.pdb,I30T,29,1.162378500550345,1.135667,-0.026711534112051627,0.026711534112051627
HHH_rd4_0557.pdb,I30S,29,1.492246783257813,1.5532187,0.06097193908563181,0.06097193908563181
HHH_rd4_0557.pdb,I30A,29,0.8524715579613868,1.3001077,0.44763615955265124,0.44763615955265124
HHH_rd4_0557.pdb,I30G,29,1.644429269606517,1.9328586,0.2884293167048233,0.2884293167048233
HHH_rd4_0557.pdb,I30M,29,-0.027726632142536,0.8379252,0.8656518278365057,0.8656518278365057
HHH_rd4_0557.pdb,I30L,29,-0.0995540677979223,0.5655019,0.6650559961273901,0.6650559961273901
HHH_rd4_0557.pdb,I30V,29,0.0881128157371944,0.41818023,0.33006741154246866,0.33006741154246866
HHH_rd4_0557.pdb,I30W,29,-0.1341342172148096,0.34417528,0.47830949635528197,0.47830949635528197
HHH_rd4_0557.pdb,I30Y,29,-0.2830704637019718,0.1890738,0.4721442647426212,0.4721442647426212
HHH_rd4_0557.pdb,I30F,29,-0.2842972253902207,0.30581594,0.5901131605251084,0.5901131605251084
HHH_rd4_0557.pdb,I30P,29,2.6018551965461727,1.949749,-0.6521062036262508,0.6521062036262508
HHH_rd4_0557.pdb,I30C,29,0.7898274940631111,0.625708,-0.16411951009246906,0.16411951009246906
HHH_rd4_0557.pdb,D31Q,30,0.4944507631823471,0.7311239,0.236673161073024,0.236673161073024
HHH_rd4_0557.pdb,D31E,30,0.2109594238789642,0.46911114,0.25815172066372993,0.25815172066372993
HHH_rd4_0557.pdb,D31N,30,0.2211839654855123,0.36117542,0.13999145241457314,0.13999145241457314
HHH_rd4_0557.pdb,D31H,30,0.3612685116367955,0.7094277,0.34815920271104384,0.34815920271104384
HHH_rd4_0557.pdb,D31R,30,0.6302822905112611,0.8921661,0.26188378757940667,0.26188378757940667
HHH_rd4_0557.pdb,D31K,30,0.4221958700683315,0.74668163,0.3244857605430882,0.3244857605430882
HHH_rd4_0557.pdb,D31T,30,0.3129276708649882,0.58361566,0.27068798980243125,0.27068798980243125
HHH_rd4_0557.pdb,D31S,30,0.0420569579663934,0.4567557,0.41469873976080995,0.41469873976080995
HHH_rd4_0557.pdb,D31A,30,0.2520065670860902,0.5994247,0.34741815272439563,0.34741815272439563
HHH_rd4_0557.pdb,D31G,30,0.3299089054280579,0.7735563,0.44364738662897946,0.44364738662897946
HHH_rd4_0557.pdb,D31M,30,0.475206620546535,0.9897208,0.5145142008340802,0.5145142008340802
HHH_rd4_0557.pdb,D31L,30,0.5245301069566546,0.6939759,0.16944581848890206,0.16944581848890206
HHH_rd4_0557.pdb,D31V,30,0.8259836678187753,0.7784719,-0.047511780707111484,0.047511780707111484
HHH_rd4_0557.pdb,D31I,30,0.8929429079137616,0.838754,-0.0541889096341901,0.0541889096341901
HHH_rd4_0557.pdb,D31W,30,0.8998828560140644,0.8270873,-0.07279557287960392,0.07279557287960392
HHH_rd4_0557.pdb,D31Y,30,0.952998460587846,0.9011419,-0.05185657864509696,0.05185657864509696
HHH_rd4_0557.pdb,D31F,30,1.0389937550666706,0.95361906,-0.08537469216612736,0.08537469216612736
HHH_rd4_0557.pdb,D31P,30,-0.0541939948692067,0.25393674,0.30813073264500934,0.30813073264500934
HHH_rd4_0557.pdb,E32Q,31,0.3723835888990776,0.35788083,-0.01450275813430707,0.01450275813430707
HHH_rd4_0557.pdb,E32N,31,0.6302726851620553,0.86004716,0.22977447641707682,0.22977447641707682
HHH_rd4_0557.pdb,E32H,31,0.7244125135458259,0.53847504,-0.18593747692473217,0.18593747692473217
HHH_rd4_0557.pdb,E32D,31,0.13062973117581,0.55061543,0.41998569870242486,0.41998569870242486
HHH_rd4_0557.pdb,E32R,31,0.6577088124201511,0.7159734,0.05826456480763209,0.05826456480763209
HHH_rd4_0557.pdb,E32K,31,0.5616535764909432,0.58344626,0.02179268777602461,0.02179268777602461
HHH_rd4_0557.pdb,E32T,31,0.4487304710817921,0.28764313,-0.16108733648782847,0.16108733648782847
HHH_rd4_0557.pdb,E32S,31,0.3080197216343627,0.47175264,0.16373292195084238,0.16373292195084238
HHH_rd4_0557.pdb,E32A,31,0.2727748106845022,0.26520026,-0.007574553383171645,0.007574553383171645
HHH_rd4_0557.pdb,E32G,31,0.4028841555508151,0.73270696,0.3298228084651456,0.3298228084651456
HHH_rd4_0557.pdb,E32M,31,0.4609210384723767,0.26613247,-0.19478856452675902,0.19478856452675902
HHH_rd4_0557.pdb,E32L,31,0.4942352092615381,0.00941968,-0.48481552961981444,0.48481552961981444
HHH_rd4_0557.pdb,E32V,31,0.3345714223137683,0.00977549,-0.32479593274505797,0.32479593274505797
HHH_rd4_0557.pdb,E32I,31,0.2701102282693832,0.048250526,-0.2218597020795791,0.2218597020795791
HHH_rd4_0557.pdb,E32W,31,0.7018547057404172,0.11683534,-0.5850193648829114,0.5850193648829114
HHH_rd4_0557.pdb,E32Y,31,1.0045331821268149,0.27804086,-0.7264923260038443,0.7264923260038443
HHH_rd4_0557.pdb,E32F,31,1.04244619138453,0.30190068,-0.7405455065510034,0.7405455065510034
HHH_rd4_0557.pdb,E32P,31,0.1114007334754241,0.26764798,0.15624724816825264,0.15624724816825264
HHH_rd4_0557.pdb,E32C,31,0.5841686006933071,0.13479054,-0.449378060951791,0.449378060951791
HHH_rd4_0557.pdb,R33Q,32,-0.1154952539584739,0.18517134,0.3006665898940666,0.3006665898940666
HHH_rd4_0557.pdb,R33E,32,-0.2936813366230839,0.22183678,0.5155181121643895,0.5155181121643895
HHH_rd4_0557.pdb,R33N,32,-0.1182922590154667,0.18281052,0.3011027741807957,0.3011027741807957
HHH_rd4_0557.pdb,R33H,32,-0.0853643987371368,0.30183536,0.3871997568799896,0.3871997568799896
HHH_rd4_0557.pdb,R33D,32,-0.2176308997049028,0.35044104,0.5680719383134538,0.5680719383134538
HHH_rd4_0557.pdb,R33K,32,-0.0816621459705966,0.028118968,0.10978111398054533,0.10978111398054533
HHH_rd4_0557.pdb,R33T,32,-0.0675431711772085,0.35682797,0.4243711454966665,0.4243711454966665
HHH_rd4_0557.pdb,R33S,32,-0.0224755964753566,0.2394519,0.26192749659990644,0.26192749659990644
HHH_rd4_0557.pdb,R33A,32,-0.1936454057566528,0.10164994,0.2952953457705383,0.2952953457705383
HHH_rd4_0557.pdb,R33G,32,-0.0323512949368782,0.41770285,0.4500541486165352,0.4500541486165352
HHH_rd4_0557.pdb,R33M,32,0.125903371121212,0.20743614,0.08153277323074723,0.08153277323074723
HHH_rd4_0557.pdb,R33L,32,-0.1103301185692009,0.17049967,0.28082978609449233,0.28082978609449233
HHH_rd4_0557.pdb,R33V,32,-0.0079646896772298,0.4202267,0.42819138283061114,0.42819138283061114
HHH_rd4_0557.pdb,R33I,32,0.0565548005690179,0.316947,0.2603922125707068,0.2603922125707068
HHH_rd4_0557.pdb,R33W,32,0.1381683881859241,0.2582639,0.12009549778895992,0.12009549778895992
HHH_rd4_0557.pdb,R33Y,32,0.2866008665614852,0.3429458,0.05634494757120523,0.05634494757120523
HHH_rd4_0557.pdb,R33F,32,0.313913967577808,0.3984266,0.08451262477219812,0.08451262477219812
HHH_rd4_0557.pdb,R33P,32,0.7682524569844777,0.8498622,0.08160976091865946,0.08160976091865946
HHH_rd4_0557.pdb,R33C,32,0.4577765411736081,0.108804435,-0.34897210663572054,0.34897210663572054
HHH_rd4_0557.pdb,E34Q,33,0.2092649153349746,0.28312847,0.07386355484744422,0.07386355484744422
HHH_rd4_0557.pdb,E34N,33,0.703770235143113,0.683681,-0.020089223943161816,0.020089223943161816
HHH_rd4_0557.pdb,E34H,33,0.5912303861770618,0.48013818,-0.11109220353698612,0.11109220353698612
HHH_rd4_0557.pdb,E34D,33,-0.0201149776071338,0.34657326,0.36668824101388736,0.36668824101388736
HHH_rd4_0557.pdb,E34R,33,0.738762992567664,0.7330086,-0.005754369444495033,0.005754369444495033
HHH_rd4_0557.pdb,E34K,33,0.6825506486863491,0.5771233,-0.10542736434644429,0.10542736434644429
HHH_rd4_0557.pdb,E34T,33,-0.2432534989920407,0.46247363,0.7057271298971921,0.7057271298971921
HHH_rd4_0557.pdb,E34S,33,0.2460207784743713,0.3269781,0.08095730895086065,0.08095730895086065
HHH_rd4_0557.pdb,E34A,33,0.1882403369656118,-0.02077648,-0.20901681740193687,0.20901681740193687
HHH_rd4_0557.pdb,E34G,33,1.121296317828255,0.64507663,-0.47621968532856007,0.47621968532856007
HHH_rd4_0557.pdb,E34M,33,-0.0484048259029958,0.25988144,0.30828626272779436,0.30828626272779436
HHH_rd4_0557.pdb,E34L,33,-0.2004913152099798,0.12893304,0.3294243574978063,0.3294243574978063
HHH_rd4_0557.pdb,E34V,33,-0.1882745950950508,0.46541217,0.6536867647899514,0.6536867647899514
HHH_rd4_0557.pdb,E34I,33,-0.2241992509770791,0.4167115,0.6409107602048318,0.6409107602048318
HHH_rd4_0557.pdb,E34W,33,0.4108938056399793,0.2925021,-0.11839170040392583,0.11839170040392583
HHH_rd4_0557.pdb,E34Y,33,0.5473954832201868,0.37958974,-0.16780574675854742,0.16780574675854742
HHH_rd4_0557.pdb,E34F,33,0.4588655726965593,0.48189318,0.023027609104282976,0.023027609104282976
HHH_rd4_0557.pdb,E34P,33,2.405260822820513,1.3863533,-1.0189075685022755,1.0189075685022755
HHH_rd4_0557.pdb,E34C,33,0.3108903084622425,0.08908814,-0.22180216654406015,0.22180216654406015
HHH_rd4_0557.pdb,I35Q,34,1.9699578180506576,2.2167907,0.24683285806628574,0.24683285806628574
HHH_rd4_0557.pdb,I35E,34,2.74954288290038,2.3220143,-0.4275285510827529,0.4275285510827529
HHH_rd4_0557.pdb,I35N,34,2.6560081597358014,2.507075,-0.14893308840096253,0.14893308840096253
HHH_rd4_0557.pdb,I35H,34,2.22415946060924,2.3366828,0.11252333586903163,0.11252333586903163
HHH_rd4_0557.pdb,I35D,34,2.906343196404491,2.2984776,-0.6078655467157703,0.6078655467157703
HHH_rd4_0557.pdb,I35R,34,2.313179735508108,2.5090902,0.1959104496572972,0.1959104496572972
HHH_rd4_0557.pdb,I35K,34,2.7992230224791683,2.5113397,-0.2878833580199398,0.2878833580199398
HHH_rd4_0557.pdb,I35T,34,0.8679154871298751,1.8684872,1.000571751754097,1.000571751754097
HHH_rd4_0557.pdb,I35S,34,1.4612718970115202,2.1672413,0.705969437903641,0.705969437903641
HHH_rd4_0557.pdb,I35A,34,1.1421451327462877,1.5768312,0.43468608883421767,0.43468608883421767
HHH_rd4_0557.pdb,I35G,34,2.1777532461320512,2.3468652,0.16911193102248978,0.16911193102248978
HHH_rd4_0557.pdb,I35M,34,1.0132760627967508,1.1336424,0.12036637227710179,0.12036637227710179
HHH_rd4_0557.pdb,I35L,34,0.631119064485921,0.78700066,0.15588159164200865,0.15588159164200865
HHH_rd4_0557.pdb,I35V,34,0.1484378197911575,0.6020297,0.453591861414592,0.453591861414592
HHH_rd4_0557.pdb,I35W,34,1.2094471876411044,1.6223805,0.41293330743030676,0.41293330743030676
HHH_rd4_0557.pdb,I35Y,34,1.141524071550566,1.6927161,0.5511920501230181,0.5511920501230181
HHH_rd4_0557.pdb,I35F,34,1.1461559803745112,1.2755082,0.1293521849849859,0.1293521849849859
HHH_rd4_0557.pdb,I35P,34,3.007317276584128,2.353576,-0.6537413316836154,0.6537413316836154
HHH_rd4_0557.pdb,I35C,34,1.4765406137836312,1.3942236,-0.08231704295996178,0.08231704295996178
HHH_rd4_0557.pdb,E36Q,35,0.7411328823598375,0.37409136,-0.367041525367116,0.367041525367116
HHH_rd4_0557.pdb,E36N,35,0.3143287826637757,0.685421,0.3710922073264587,0.3710922073264587
HHH_rd4_0557.pdb,E36H,35,0.8066180492774309,0.5318419,-0.27477617515481123,0.27477617515481123
HHH_rd4_0557.pdb,E36D,35,-0.054898467185398,0.5222831,0.5771815444253883,0.5771815444253883
HHH_rd4_0557.pdb,E36R,35,0.7696138329533215,0.5888108,-0.18080303144727905,0.18080303144727905
HHH_rd4_0557.pdb,E36K,35,0.6842487769403083,0.65705585,-0.027192922142944997,0.027192922142944997
HHH_rd4_0557.pdb,E36T,35,0.5715316147710818,0.5001511,-0.07138051699657622,0.07138051699657622
HHH_rd4_0557.pdb,E36S,35,0.727545802283148,0.5888059,-0.13873988835797713,0.13873988835797713
HHH_rd4_0557.pdb,E36A,35,0.7432930519517473,0.41764656,-0.3256464948590807,0.3256464948590807
HHH_rd4_0557.pdb,E36G,35,1.3645048111603535,1.1449046,-0.21960019766548045,0.21960019766548045
HHH_rd4_0557.pdb,E36M,35,0.5120234546534062,0.25473252,-0.2572909352652073,0.2572909352652073
HHH_rd4_0557.pdb,E36L,35,0.449776245129811,0.13898826,-0.31078798867534324,0.31078798867534324
HHH_rd4_0557.pdb,E36V,35,0.6036607403508873,0.2759686,-0.3276921291105004,0.3276921291105004
HHH_rd4_0557.pdb,E36I,35,0.4840320468300727,0.15213788,-0.3318941712731269,0.3318941712731269
HHH_rd4_0557.pdb,E36W,35,0.72521677921406,0.15027606,-0.5749407143413183,0.5749407143413183
HHH_rd4_0557.pdb,E36Y,35,0.8416408694459516,0.26879326,-0.5728476143552381,0.5728476143552381
HHH_rd4_0557.pdb,E36F,35,1.0145527960550589,0.38121623,-0.6333365680467886,0.6333365680467886
HHH_rd4_0557.pdb,E36P,35,2.563888853545148,1.8861798,-0.6777090487432069,0.6777090487432069
HHH_rd4_0557.pdb,K37Q,36,0.0653890151268101,0.07039195,0.005002937864675497,0.005002937864675497
HHH_rd4_0557.pdb,K37E,36,-0.4668610748790458,0.049701348,0.5165624228261665,0.5165624228261665
HHH_rd4_0557.pdb,K37N,36,-0.0349733806784624,0.28778118,0.3227545596297258,0.3227545596297258
HHH_rd4_0557.pdb,K37H,36,0.1470571860195559,0.22274502,0.07568783019767586,0.07568783019767586
HHH_rd4_0557.pdb,K37D,36,-0.3333193456784307,0.2779693,0.6112886464253484,0.6112886464253484
HHH_rd4_0557.pdb,K37R,36,-0.1576651751251896,-0.0021726936,0.15549248151499825,0.15549248151499825
HHH_rd4_0557.pdb,K37T,36,0.2456446573357857,0.19788907,-0.0477555826525963,0.0477555826525963
HHH_rd4_0557.pdb,K37S,36,0.2085629371105866,0.17239858,-0.036164355009718374,0.036164355009718374
HHH_rd4_0557.pdb,K37A,36,-0.133784162795858,-0.053327844,0.08045631924899063,0.08045631924899063
HHH_rd4_0557.pdb,K37G,36,0.4281234292227212,0.47637194,0.0482485147279319,0.0482485147279319
HHH_rd4_0557.pdb,K37M,36,0.0076909968082139,-0.004824251,-0.01251524774472208,0.01251524774472208
HHH_rd4_0557.pdb,K37L,36,-0.1747056503555288,0.04357508,0.21828072860450645,0.21828072860450645
HHH_rd4_0557.pdb,K37V,36,0.3124409117037237,0.23286879,-0.0795721210771978,0.0795721210771978
HHH_rd4_0557.pdb,K37I,36,0.0483032396267555,0.108817026,0.060513786392340875,0.060513786392340875
HHH_rd4_0557.pdb,K37W,36,0.4295031713340989,0.07961127,-0.3498918997143021,0.3498918997143021
HHH_rd4_0557.pdb,K37Y,36,0.3324813578963299,0.109393865,-0.22308749302625847,0.22308749302625847
HHH_rd4_0557.pdb,K37F,36,0.4264589006916641,0.16437529,-0.26208361041704403,0.26208361041704403
HHH_rd4_0557.pdb,K37P,36,1.060877453701972,1.3247609,0.2638834601469049,0.2638834601469049
HHH_rd4_0557.pdb,K37C,36,0.3138340621092532,-0.03569092,-0.34952498067404963,0.34952498067404963
HHH_rd4_0557.pdb,V38Q,37,0.0839263090523529,1.0148816,0.9309553018180085,0.9309553018180085
HHH_rd4_0557.pdb,V38E,37,-0.1164632350686276,0.66322285,0.7796860844376767,0.7796860844376767
HHH_rd4_0557.pdb,V38N,37,0.3634860694600004,1.3911016,1.0276155292796236,1.0276155292796236
HHH_rd4_0557.pdb,V38H,37,0.1618357905841123,0.7413843,0.5795485368275393,0.5795485368275393
HHH_rd4_0557.pdb,V38D,37,1.8310259439247745,1.5607944,-0.27023159043966705,0.27023159043966705
HHH_rd4_0557.pdb,V38R,37,1.4905605653808225,1.504245,0.013684477420080832,0.013684477420080832
HHH_rd4_0557.pdb,V38K,37,1.866904796609271,1.5628793,-0.3040254726499203,0.3040254726499203
HHH_rd4_0557.pdb,V38T,37,0.4817869946357533,0.718737,0.23695001155168566,0.23695001155168566
HHH_rd4_0557.pdb,V38S,37,0.504479536879662,1.1774516,0.6729720736855236,0.6729720736855236
HHH_rd4_0557.pdb,V38A,37,-0.072051320100865,0.95643413,1.0284854507695051,1.0284854507695051
HHH_rd4_0557.pdb,V38G,37,1.0994394667059972,1.7236192,0.624179755934994,0.624179755934994
HHH_rd4_0557.pdb,V38M,37,-0.0432805238934408,0.7203078,0.7635883508892904,0.7635883508892904
HHH_rd4_0557.pdb,V38L,37,-0.0758958787770378,0.43386653,0.5097624094338524,0.5097624094338524
HHH_rd4_0557.pdb,V38I,37,-0.1076594670740509,0.09768212,0.2053415854898834,0.2053415854898834
HHH_rd4_0557.pdb,V38W,37,-0.2350001976431199,-0.022959232,0.21204096531279765,0.21204096531279765
HHH_rd4_0557.pdb,V38Y,37,0.2524994914215548,0.14323354,-0.10926595374760462,0.10926595374760462
HHH_rd4_0557.pdb,V38F,37,0.4212385652208952,0.42813998,0.006901419386801333,0.006901419386801333
HHH_rd4_0557.pdb,V38P,37,2.622173889248608,1.9316494,-0.6905244427611814,0.6905244427611814
HHH_rd4_0557.pdb,V38C,37,0.4728690620921991,0.2680692,-0.20479985442389465,0.20479985442389465
HHH_rd4_0557.pdb,L39Q,38,0.5862923034651097,1.7400107,1.153718434907693,1.153718434907693
HHH_rd4_0557.pdb,L39E,38,1.6126893647257643,1.9658173,0.35312796754199693,0.35312796754199693
HHH_rd4_0557.pdb,L39N,38,1.6204885805176974,2.309143,0.6886544858885526,0.6886544858885526
HHH_rd4_0557.pdb,L39H,38,1.6009645284284832,1.7876639,0.186699408186507,0.186699408186507
HHH_rd4_0557.pdb,L39D,38,1.9566106911038716,2.1702192,0.213608491864268,0.213608491864268
HHH_rd4_0557.pdb,L39R,38,2.0163115539711534,2.1793025,0.16299090002359762,0.16299090002359762
HHH_rd4_0557.pdb,L39K,38,1.9744998564171152,2.0157926,0.04129275184399317,0.04129275184399317
HHH_rd4_0557.pdb,L39T,38,0.774931222009497,1.4031769,0.6282456817151734,0.6282456817151734
HHH_rd4_0557.pdb,L39S,38,1.3868385070110594,1.7836027,0.39676420752751484,0.39676420752751484
HHH_rd4_0557.pdb,L39A,38,1.3615353330021254,1.4364121,0.0748767630214342,0.0748767630214342
HHH_rd4_0557.pdb,L39G,38,1.81525318621932,2.292573,0.47731978893937144,0.47731978893937144
HHH_rd4_0557.pdb,L39M,38,0.0934123826244084,0.6973259,0.6039135026714595,0.6039135026714595
HHH_rd4_0557.pdb,L39V,38,0.5733568621730378,0.84372985,0.2703729914570281,0.2703729914570281
HHH_rd4_0557.pdb,L39I,38,0.1684703188785383,0.3431909,0.17472058955346853,0.17472058955346853
HHH_rd4_0557.pdb,L39W,38,1.6141107211992551,1.0505011,-0.5636096130296995,0.5636096130296995
HHH_rd4_0557.pdb,L39Y,38,1.347970948180373,1.2650977,-0.0828732108680561,0.0828732108680561
HHH_rd4_0557.pdb,L39F,38,0.8294378705431513,1.1584098,0.32897196336492973,0.32897196336492973
HHH_rd4_0557.pdb,L39P,38,2.0135872438367306,2.2166066,0.20301937313714635,0.20301937313714635
HHH_rd4_0557.pdb,L39C,38,0.753025256195905,1.0374453,0.2844200505820491,0.2844200505820491
HHH_rd4_0557.pdb,R40Q,39,-0.1229343678664576,0.23644385,0.35937821528428904,0.35937821528428904
HHH_rd4_0557.pdb,R40E,39,-0.7978977847612003,0.38053286,1.1784306455171207,1.1784306455171207
HHH_rd4_0557.pdb,R40N,39,-0.3817899123015738,0.34004557,0.7218354836287832,0.7218354836287832
HHH_rd4_0557.pdb,R40H,39,-0.16098611038423,0.38857213,0.5495582370111984,0.5495582370111984
HHH_rd4_0557.pdb,R40D,39,-1.0252155670304997,0.533167,1.5583825716157658,1.5583825716157658
HHH_rd4_0557.pdb,R40K,39,-0.1119626010067142,0.06666237,0.17862497216531403,0.17862497216531403
HHH_rd4_0557.pdb,R40T,39,0.0915661319808855,0.4372791,0.3457129732055769,0.3457129732055769
HHH_rd4_0557.pdb,R40S,39,0.0861486190986564,0.35813585,0.2719872301387856,0.2719872301387856
HHH_rd4_0557.pdb,R40A,39,-0.1157608783070038,0.14301696,0.2587778425041626,0.2587778425041626
HHH_rd4_0557.pdb,R40G,39,0.1080897398074642,0.62418747,0.5160977296749577,0.5160977296749577
HHH_rd4_0557.pdb,R40M,39,8.810603084441482e-06,0.15825637,0.15824755624586118,0.15824755624586118
HHH_rd4_0557.pdb,R40L,39,-0.0337447321238459,0.1783908,0.21213553307675728,0.21213553307675728
HHH_rd4_0557.pdb,R40V,39,-0.0284502208586174,0.4774923,0.5059425235147911,0.5059425235147911
HHH_rd4_0557.pdb,R40I,39,-0.0995944166027902,0.2786882,0.37828260897034394,0.37828260897034394
HHH_rd4_0557.pdb,R40W,39,0.3394962835127684,0.3162157,-0.023280589562115317,0.023280589562115317
HHH_rd4_0557.pdb,R40Y,39,0.2150767882268214,0.35648498,0.1414081911642766,0.1414081911642766
HHH_rd4_0557.pdb,R40F,39,0.3518413958866193,0.40314385,0.05130245706252318,0.05130245706252318
HHH_rd4_0557.pdb,R40P,39,0.904819882430906,1.3817288,0.4769088859177878,0.4769088859177878
HHH_rd4_0557.pdb,R40C,39,0.7374741985208351,0.16285688,-0.5746173216707069,0.5746173216707069
HHH_rd4_0557.pdb,R41N,40,-0.9167646101975166,0.24003886,1.1568034670614922,1.1568034670614922
HHH_rd4_0557.pdb,R41H,40,-0.6367042882301601,0.16138794,0.79809222351096,0.79809222351096
HHH_rd4_0557.pdb,R41K,40,-0.130751108227769,0.031359524,0.16211063176254378,0.16211063176254378
HHH_rd4_0557.pdb,R41T,40,-0.841883210172854,0.19130765,1.0331908591892343,1.0331908591892343
HHH_rd4_0557.pdb,R41S,40,-1.0904179928939048,0.14951667,1.2399346647898857,1.2399346647898857
HHH_rd4_0557.pdb,R41A,40,-1.2139055829419363,-0.024969101,1.1889364819897879,1.1889364819897879
HHH_rd4_0557.pdb,R41G,40,-0.7772151987136344,0.4258176,1.2030328075469474,1.2030328075469474
HHH_rd4_0557.pdb,R41M,40,-0.9316709380154752,-0.05040738,0.8812635581498288,0.8812635581498288
HHH_rd4_0557.pdb,R41L,40,-1.294619403193996,-0.057436287,1.2371831157908892,1.2371831157908892
HHH_rd4_0557.pdb,R41V,40,-1.0013908915534917,0.21061444,1.212005334378809,1.212005334378809
HHH_rd4_0557.pdb,R41I,40,-1.031342037840656,0.06233201,1.093674049599937,1.093674049599937
HHH_rd4_0557.pdb,R41W,40,-0.8432644675975296,0.021157086,0.8644215534930679,0.8644215534930679
HHH_rd4_0557.pdb,R41Y,40,-0.4951593667113783,0.054031506,0.5491908728921415,0.5491908728921415
HHH_rd4_0557.pdb,R41F,40,-0.5301193996625089,0.1207577,0.6508770986752652,0.6508770986752652
HHH_rd4_0557.pdb,R41P,40,0.0420101543591444,1.1386867,1.0966765025927598,1.0966765025927598
HHH_rd4_0557.pdb,R41C,40,0.1286361564553324,-0.0840708,-0.21270695819025673,0.21270695819025673
HHH_rd4_0557.pdb,I42Q,41,0.5557259684095928,1.4262413,0.8705153102387837,0.8705153102387837
HHH_rd4_0557.pdb,I42E,41,0.7667904809414505,1.7488871,0.9820965811313034,0.9820965811313034
HHH_rd4_0557.pdb,I42N,41,0.7761015925906789,1.7777268,1.0016251768566478,1.0016251768566478
HHH_rd4_0557.pdb,I42H,41,0.3101090950814598,1.3832268,1.0731176571997292,1.0731176571997292
HHH_rd4_0557.pdb,I42D,41,0.7668644401484044,1.7747505,1.007886030966708,1.007886030966708
HHH_rd4_0557.pdb,I42R,41,0.3421176440462452,1.4658041,1.1236864559903759,1.1236864559903759
HHH_rd4_0557.pdb,I42K,41,0.4124077166017899,1.5141244,1.101716676861345,1.101716676861345
HHH_rd4_0557.pdb,I42T,41,0.7248234295857161,1.2061535,0.4813300824153215,0.4813300824153215
HHH_rd4_0557.pdb,I42S,41,0.7058931132693016,1.5252744,0.8193812826733864,0.8193812826733864
HHH_rd4_0557.pdb,I42A,41,0.4227332194651674,1.2057408,0.7830075899754454,0.7830075899754454
HHH_rd4_0557.pdb,I42G,41,0.5366247083972295,1.7824333,1.2458085630108515,1.2458085630108515
HHH_rd4_0557.pdb,I42M,41,-0.0877548169985522,0.4559092,0.5436640095606555,0.5436640095606555
HHH_rd4_0557.pdb,I42L,41,-0.4339700650180496,0.09768033,0.5316503952945388,0.5316503952945388
HHH_rd4_0557.pdb,I42V,41,0.1251676890295443,0.6693876,0.5442198899346891,0.5442198899346891
HHH_rd4_0557.pdb,I42W,41,0.1557795299989943,0.71801484,0.562235306312346,0.562235306312346
HHH_rd4_0557.pdb,I42Y,41,0.2610250741465214,0.68880993,0.4277848571317074,0.4277848571317074
HHH_rd4_0557.pdb,I42F,41,-0.0611061956840752,0.592288,0.6533942129570244,0.6533942129570244
HHH_rd4_0557.pdb,I42P,41,0.0982083072775683,1.8921267,1.7939183721429028,1.7939183721429028
HHH_rd4_0557.pdb,I42C,41,0.3621907324011539,0.7374784,0.3752876430337216,0.3752876430337216
HHH_rd4_0557.pdb,G43Q,42,-0.3812752980261664,0.5443659,0.9256411808997016,0.9256411808997016
HHH_rd4_0557.pdb,G43E,42,-1.1903681747018309,0.6421042,1.8324723831712217,1.8324723831712217
HHH_rd4_0557.pdb,G43N,42,-0.0227313862978548,0.3174358,0.34016718732706014,0.34016718732706014
HHH_rd4_0557.pdb,G43H,42,-0.0679020151599059,0.45563996,0.5235419735415587,0.5235419735415587
HHH_rd4_0557.pdb,G43D,42,-0.552714705518075,0.51151675,1.0642314553769312,1.0642314553769312
HHH_rd4_0557.pdb,G43R,42,-0.2630062876525909,0.6699858,0.9329920588317901,0.9329920588317901
HHH_rd4_0557.pdb,G43K,42,-0.0267912612417178,0.52157104,0.5483623013952212,0.5483623013952212
HHH_rd4_0557.pdb,G43T,42,-0.1237239063468851,0.685895,0.8096189320770182,0.8096189320770182
HHH_rd4_0557.pdb,G43S,42,-0.2117570182741981,0.52462626,0.7363832733095985,0.7363832733095985
HHH_rd4_0557.pdb,G43A,42,-0.4606433779647658,0.60447246,1.0651158363273452,1.0651158363273452
HHH_rd4_0557.pdb,G43M,42,0.2451198732567596,0.63288015,0.38776027801506047,0.38776027801506047
HHH_rd4_0557.pdb,G43L,42,0.2107300037851156,0.629244,0.4185140257368265,0.4185140257368265
HHH_rd4_0557.pdb,G43V,42,-0.3324370486954677,0.7913979,1.123834977887057,1.123834977887057
HHH_rd4_0557.pdb,G43I,42,-0.4833495058677539,0.86455405,1.3479035534522876,1.3479035534522876
HHH_rd4_0557.pdb,G43W,42,0.5806920626742875,0.5830406,0.0023485323803389413,0.0023485323803389413
HHH_rd4_0557.pdb,G43Y,42,-0.0978237644462609,0.53050524,0.6283290044097924,0.6283290044097924
HHH_rd4_0557.pdb,G43F,42,0.1451940263935265,0.53704995,0.3918559227756324,0.3918559227756324
HHH_rd4_0557.pdb,G43P,42,0.0129886001452992,1.0495515,1.036562886823695,1.036562886823695
HHH_rd4_0557.pdb,G43C,42,-0.3962944891814199,0.13852921,0.5348237004641501,0.5348237004641501
HHH_rd4_0613.pdb,P1Q,0,0.1623007984284403,0.22299522,0.06069442318639734,0.06069442318639734
HHH_rd4_0613.pdb,P1E,0,0.3990227915837854,0.35791993,-0.04110286017204223,0.04110286017204223
HHH_rd4_0613.pdb,P1N,0,0.0607797184374119,-0.1111317,-0.1719114163305546,0.1719114163305546
HHH_rd4_0613.pdb,P1H,0,-0.0037754546564405,0.101231255,0.10500670929368186,0.10500670929368186
HHH_rd4_0613.pdb,P1D,0,0.3829569956180689,0.23536475,-0.14759224559041234,0.14759224559041234
HHH_rd4_0613.pdb,P1R,0,-0.2264176243335796,0.03799911,0.26441673276730304,0.26441673276730304
HHH_rd4_0613.pdb,P1K,0,-0.0911910395483039,-0.04299046,0.04820057855644447,0.04820057855644447
HHH_rd4_0613.pdb,P1T,0,0.1410980566002719,0.08396406,-0.0571339993335597,0.0571339993335597
HHH_rd4_0613.pdb,P1S,0,0.1188638315413053,-0.063639686,-0.18250351705289436,0.18250351705289436
HHH_rd4_0613.pdb,P1A,0,0.2226498590431478,0.0009779483,-0.22167191073515677,0.22167191073515677
HHH_rd4_0613.pdb,P1G,0,0.1666607443489691,0.1562645,-0.01039624551912749,0.01039624551912749
HHH_rd4_0613.pdb,P1M,0,-0.1370982609534232,0.041141495,0.17823975606202763,0.17823975606202763
HHH_rd4_0613.pdb,P1L,0,-0.0090351519121361,0.14201625,0.1510513988269997,0.1510513988269997
HHH_rd4_0613.pdb,P1V,0,0.1453992397657522,0.17099935,0.02560010839785254,0.02560010839785254
HHH_rd4_0613.pdb,P1I,0,0.0051233338351091,0.14822897,0.1431056393151442,0.1431056393151442
HHH_rd4_0613.pdb,P1W,0,-0.3654966142997091,0.080014266,0.44551088037341285,0.44551088037341285
HHH_rd4_0613.pdb,P1Y,0,-0.2390806012288049,0.14087334,0.3799539439812616,0.3799539439812616
HHH_rd4_0613.pdb,P1F,0,-0.1598578977541471,0.10161736,0.26147525637908225,0.26147525637908225
HHH_rd4_0613.pdb,P1C,0,0.3162667698033534,-0.21972056,-0.5359873271353923,0.5359873271353923
HHH_rd4_0613.pdb,E2Q,1,0.1005815081764227,0.16835201,0.06777049968948307,0.06777049968948307
HHH_rd4_0613.pdb,E2N,1,0.1308917036117423,0.19029056,0.05939885174619075,0.05939885174619075
HHH_rd4_0613.pdb,E2H,1,0.1878120318769838,0.17678949,-0.01102253950828569,0.01102253950828569
HHH_rd4_0613.pdb,E2D,1,0.2028670518392483,0.1267407,-0.0761263577932278,0.0761263577932278
HHH_rd4_0613.pdb,E2R,1,-0.012855567731322,0.24268848,0.2555440447706592,0.2555440447706592
HHH_rd4_0613.pdb,E2K,1,0.1967958245578791,0.187671,-0.009124818832018516,0.009124818832018516
HHH_rd4_0613.pdb,E2T,1,-0.0154005566791317,0.18097654,0.1963770965293667,0.1963770965293667
HHH_rd4_0613.pdb,E2S,1,-0.1100445027155636,0.11289855,0.2229430536432026,0.2229430536432026
HHH_rd4_0613.pdb,E2A,1,0.0630812410540642,0.07839841,0.015317165451520523,0.015317165451520523
HHH_rd4_0613.pdb,E2G,1,0.038160705550664,0.2911272,0.25296649934435556,0.25296649934435556
HHH_rd4_0613.pdb,E2M,1,0.0046905055059323,0.1554001,0.1507095918642154,0.1507095918642154
HHH_rd4_0613.pdb,E2L,1,-0.0704060604527549,0.085488066,0.15589412652998724,0.15589412652998724
HHH_rd4_0613.pdb,E2V,1,0.161689022028173,0.09804804,-0.06364098324748377,0.06364098324748377
HHH_rd4_0613.pdb,E2I,1,0.1029879656669443,0.13330261,0.030314648425882537,0.030314648425882537
HHH_rd4_0613.pdb,E2W,1,0.1839313302128131,0.07301605,-0.11091528273509094,0.11091528273509094
HHH_rd4_0613.pdb,E2Y,1,-0.1560692169751965,0.16438298,0.32045219624899257,0.32045219624899257
HHH_rd4_0613.pdb,E2F,1,0.0287526424053297,0.21257459,0.18382194386690998,0.18382194386690998
HHH_rd4_0613.pdb,E2P,1,0.3706186895502001,-0.017030403,-0.38764909256819785,0.38764909256819785
HHH_rd4_0613.pdb,E2C,1,-0.2661246773699686,-0.06374568,0.2023789998988077,0.2023789998988077
HHH_rd4_0613.pdb,D3Q,2,0.4116411916068425,0.29089242,-0.12074876940759321,0.12074876940759321
HHH_rd4_0613.pdb,D3E,2,0.1948876791727183,0.11245143,-0.08243625248786188,0.08243625248786188
HHH_rd4_0613.pdb,D3N,2,0.322888537613329,0.16343054,-0.15945799585956005,0.15945799585956005
HHH_rd4_0613.pdb,D3H,2,0.4739770894302992,0.23170169,-0.24227540245195905,0.24227540245195905
HHH_rd4_0613.pdb,D3R,2,0.5695658302456099,0.3339324,-0.23563343049585406,0.23563343049585406
HHH_rd4_0613.pdb,D3K,2,0.6627139885410454,0.26272598,-0.3999880094513084,0.3999880094513084
HHH_rd4_0613.pdb,D3T,2,0.3007202227602439,0.26321152,-0.037508704234166634,0.037508704234166634
HHH_rd4_0613.pdb,D3S,2,0.212228487563244,0.20905171,-0.003176774215809003,0.003176774215809003
HHH_rd4_0613.pdb,D3A,2,0.1507676932184372,0.124853805,-0.025913888510910033,0.025913888510910033
HHH_rd4_0613.pdb,D3G,2,0.4135893240640258,0.32263976,-0.0909495607087707,0.0909495607087707
HHH_rd4_0613.pdb,D3M,2,0.324529335163358,0.25312904,-0.07140029992890673,0.07140029992890673
HHH_rd4_0613.pdb,D3L,2,0.388849607415094,0.18566439,-0.20318522185791932,0.20318522185791932
HHH_rd4_0613.pdb,D3V,2,0.4745913010299922,0.20942362,-0.26516768450148115,0.26516768450148115
HHH_rd4_0613.pdb,D3I,2,0.5299756432193177,0.19802946,-0.33194618469652104,0.33194618469652104
HHH_rd4_0613.pdb,D3W,2,0.027540420933561,0.04879716,0.021256739453478186,0.021256739453478186
HHH_rd4_0613.pdb,D3Y,2,0.1887597882839491,0.14824837,-0.04051141382182141,0.04051141382182141
HHH_rd4_0613.pdb,D3F,2,0.2901142811613071,0.17149507,-0.11861921606826664,0.11861921606826664
HHH_rd4_0613.pdb,D3P,2,0.7425341621565402,0.34228486,-0.4002493039297641,0.4002493039297641
HHH_rd4_0613.pdb,D3C,2,-0.1131812678145154,-0.0013898313,0.11179143650996523,0.11179143650996523
HHH_rd4_0613.pdb,L4Q,3,1.4505216724689989,1.1576277,-0.2928939707096605,0.2928939707096605
HHH_rd4_0613.pdb,L4E,3,2.1562432062686145,1.3671498,-0.7890933764041126,0.7890933764041126
HHH_rd4_0613.pdb,L4N,3,0.928556871697864,1.0626467,0.13408987493757296,0.13408987493757296
HHH_rd4_0613.pdb,L4H,3,1.090556316689316,0.65998,-0.4305763176239168,0.4305763176239168
HHH_rd4_0613.pdb,L4D,3,2.4570415131073995,1.4949516,-0.9620899073105855,0.9620899073105855
HHH_rd4_0613.pdb,L4R,3,0.923752199092852,0.83008873,-0.09366346446608198,0.09366346446608198
HHH_rd4_0613.pdb,L4K,3,1.472305378965873,1.1451433,-0.3271621084733194,0.3271621084733194
HHH_rd4_0613.pdb,L4T,3,1.0954030393521617,0.92361903,-0.17178400744603373,0.17178400744603373
HHH_rd4_0613.pdb,L4S,3,1.5693696117490992,1.0865645,-0.48280507088606206,0.48280507088606206
HHH_rd4_0613.pdb,L4A,3,1.1066815271303705,0.8578764,-0.24880510710931336,0.24880510710931336
HHH_rd4_0613.pdb,L4G,3,2.1263332828989965,1.6364572,-0.4898760780802709,0.4898760780802709
HHH_rd4_0613.pdb,L4M,3,0.813098882623088,0.46018335,-0.3529155303911087,0.3529155303911087
HHH_rd4_0613.pdb,L4V,3,0.8295164573293856,0.506143,-0.3233734834295443,0.3233734834295443
HHH_rd4_0613.pdb,L4I,3,0.6013321108126015,0.20502704,-0.396305066993174,0.396305066993174
HHH_rd4_0613.pdb,L4W,3,0.2470621807009798,0.08359045,-0.16347173279830035,0.16347173279830035
HHH_rd4_0613.pdb,L4Y,3,0.7634990364170182,-0.049424946,-0.8129239827251542,0.8129239827251542
HHH_rd4_0613.pdb,L4F,3,0.9171882197173336,0.38124418,-0.5359440371306636,0.5359440371306636
HHH_rd4_0613.pdb,L4P,3,1.431062933528648,1.826462,0.3953990968821186,0.3953990968821186
HHH_rd4_0613.pdb,L4C,3,1.1159233919820395,0.31517905,-0.80074434201332,0.80074434201332
HHH_rd4_0613.pdb,E5Q,4,0.4301795506675887,0.66966885,0.2394893026153398,0.2394893026153398
HHH_rd4_0613.pdb,E5N,4,0.8559104386080023,1.0995659,0.24365542500131165,0.24365542500131165
HHH_rd4_0613.pdb,E5H,4,0.4504078417016914,0.8591923,0.408784470062072,0.408784470062072
HHH_rd4_0613.pdb,E5D,4,0.8961599288612923,0.81584287,-0.08031706196370925,0.08031706196370925
HHH_rd4_0613.pdb,E5R,4,0.2746112464954255,0.84878373,0.5741724849651457,0.5741724849651457
HHH_rd4_0613.pdb,E5K,4,0.3875357342728265,0.92655146,0.5390157269469611,0.5390157269469611
HHH_rd4_0613.pdb,E5T,4,0.5982219242592026,0.8453971,0.24717519049452052,0.24717519049452052
HHH_rd4_0613.pdb,E5S,4,0.653904283370994,0.8068885,0.1529842373466268,0.1529842373466268
HHH_rd4_0613.pdb,E5A,4,0.2808550730041046,0.50496393,0.2241088614174347,0.2241088614174347
HHH_rd4_0613.pdb,E5G,4,0.8436052274947838,1.3908106,0.5472053813690467,0.5472053813690467
HHH_rd4_0613.pdb,E5M,4,-0.0873953983768647,0.36168668,0.4490820751175111,0.4490820751175111
HHH_rd4_0613.pdb,E5L,4,-0.3800050400709889,0.1819121,0.5619171344256184,0.5619171344256184
HHH_rd4_0613.pdb,E5V,4,0.1098719623450397,0.6346798,0.5248078319664837,0.5248078319664837
HHH_rd4_0613.pdb,E5I,4,-0.046952422600039,0.48895973,0.5359121522715172,0.5359121522715172
HHH_rd4_0613.pdb,E5W,4,-0.4526255186967045,0.055439115,0.5080646332673222,0.5080646332673222
HHH_rd4_0613.pdb,E5Y,4,-0.3388183769514379,0.23520648,0.5740248617460546,0.5740248617460546
HHH_rd4_0613.pdb,E5F,4,0.147043505769862,0.32832867,0.1812851633013355,0.1812851633013355
HHH_rd4_0613.pdb,E5P,4,0.9970491889055344,1.9065744,0.9095251795713333,0.9095251795713333
HHH_rd4_0613.pdb,E5C,4,0.618745402585057,0.4128457,-0.20589970160582416,0.20589970160582416
HHH_rd4_0613.pdb,R6Q,5,0.2636143203327723,0.35436565,0.09075132650636952,0.09075132650636952
HHH_rd4_0613.pdb,R6E,5,0.4763505377445658,0.5755649,0.09921438315768638,0.09921438315768638
HHH_rd4_0613.pdb,R6N,5,0.4433330268429798,0.5035683,0.06023526482114372,0.06023526482114372
HHH_rd4_0613.pdb,R6H,5,0.5068106192910871,0.5602696,0.05345897490141782,0.05345897490141782
HHH_rd4_0613.pdb,R6D,5,0.6744710328977543,0.830877,0.15640597315617022,0.15640597315617022
HHH_rd4_0613.pdb,R6K,5,0.2297072190519038,0.12468612,-0.10502109711129101,0.10502109711129101
HHH_rd4_0613.pdb,R6T,5,0.4533905503778817,0.57591593,0.1225253822774528,0.1225253822774528
HHH_rd4_0613.pdb,R6S,5,0.3628046032424528,0.52964336,0.16683875355762656,0.16683875355762656
HHH_rd4_0613.pdb,R6A,5,0.1650381257061379,0.36828685,0.2032487223620994,0.2032487223620994
HHH_rd4_0613.pdb,R6G,5,0.6523782623422603,0.80453986,0.1521615969526311,0.1521615969526311
HHH_rd4_0613.pdb,R6M,5,0.23514981919042,0.33954996,0.1044001395154821,0.1044001395154821
HHH_rd4_0613.pdb,R6L,5,0.4471986921342168,0.3453076,-0.1018911035569463,0.1018911035569463
HHH_rd4_0613.pdb,R6V,5,0.657538734643069,0.567758,-0.08978071090420792,0.08978071090420792
HHH_rd4_0613.pdb,R6I,5,0.6960318831074193,0.36458904,-0.3314428475964024,0.3314428475964024
HHH_rd4_0613.pdb,R6W,5,0.2023848001826627,0.51723933,0.314854532016434,0.314854532016434
HHH_rd4_0613.pdb,R6Y,5,0.3395603179406339,0.55023956,0.21067924504764735,0.21067924504764735
HHH_rd4_0613.pdb,R6F,5,0.314645099353656,0.5860317,0.27138657598508914,0.27138657598508914
HHH_rd4_0613.pdb,R6P,5,1.702998700445621,1.3937448,-0.3092538741287876,0.3092538741287876
HHH_rd4_0613.pdb,R6C,5,0.4905140729374193,0.37950927,-0.11100480274622665,0.11100480274622665
HHH_rd4_0613.pdb,K7Q,6,0.8554045448765246,0.3677969,-0.487607646988341,0.487607646988341
HHH_rd4_0613.pdb,K7E,6,1.4185723379722512,0.79379934,-0.6247729972473062,0.6247729972473062
HHH_rd4_0613.pdb,K7N,6,1.6309350465107064,0.68879455,-0.9421404932308297,0.9421404932308297
HHH_rd4_0613.pdb,K7H,6,0.9785485704803024,0.23629734,-0.7422512312793289,0.7422512312793289
HHH_rd4_0613.pdb,K7D,6,2.155616080270937,1.1741153,-0.9815007800924094,0.9815007800924094
HHH_rd4_0613.pdb,K7R,6,-0.0247431489806002,-0.10937758,-0.08463442892028633,0.08463442892028633
HHH_rd4_0613.pdb,K7T,6,0.8978625922012489,0.17716128,-0.7207013158607642,0.7207013158607642
HHH_rd4_0613.pdb,K7S,6,1.3234400681635448,0.55465865,-0.768781416811616,0.768781416811616
HHH_rd4_0613.pdb,K7A,6,0.939868866011617,0.2873906,-0.6524782762975667,0.6524782762975667
HHH_rd4_0613.pdb,K7G,6,2.279871413409332,1.0208954,-1.2589760515090025,1.2589760515090025
HHH_rd4_0613.pdb,K7M,6,0.2818888044636281,-0.24608077,-0.5279695755522282,0.5279695755522282
HHH_rd4_0613.pdb,K7L,6,0.1760975053790368,-0.37274897,-0.5488464763644494,0.5488464763644494
HHH_rd4_0613.pdb,K7V,6,0.5879827290906474,-0.23032756,-0.8183102905883357,0.8183102905883357
HHH_rd4_0613.pdb,K7I,6,0.4530230878694439,-0.510432,-0.9634550927980328,0.9634550927980328
HHH_rd4_0613.pdb,K7W,6,-0.1111980847955136,-0.32042772,-0.20922963098283723,0.20922963098283723
HHH_rd4_0613.pdb,K7Y,6,-0.2187851596504528,-0.37044668,-0.15166152232586555,0.15166152232586555
HHH_rd4_0613.pdb,K7F,6,0.0051973630889516,-0.30363244,-0.3088298012717824,0.3088298012717824
HHH_rd4_0613.pdb,K7C,6,0.4053230686477802,-0.24189107,-0.647214139848151,0.647214139848151
HHH_rd4_0613.pdb,V8Q,7,3.069700803630864,1.4530942,-1.6166065596275683,1.6166065596275683
HHH_rd4_0613.pdb,V8H,7,2.5486237354913137,1.4576502,-1.090973550859966,1.090973550859966
HHH_rd4_0613.pdb,V8R,7,1.8084090038904683,1.7992992,-0.009109763778163638,0.009109763778163638
HHH_rd4_0613.pdb,V8K,7,2.5313636812552343,1.8463284,-0.6850353035315404,0.6850353035315404
HHH_rd4_0613.pdb,V8T,7,1.8873907383004869,0.76941633,-1.1179744060556138,1.1179744060556138
HHH_rd4_0613.pdb,V8S,7,2.507403615118797,1.0878631,-1.419540527464683,1.419540527464683
HHH_rd4_0613.pdb,V8A,7,1.166985018675196,0.29357702,-0.8734080032752631,0.8734080032752631
HHH_rd4_0613.pdb,V8G,7,2.8412477240399494,1.3606689,-1.4805788264111652,1.4805788264111652
HHH_rd4_0613.pdb,V8M,7,1.3583909522091902,0.6880479,-0.6703430663144148,0.6703430663144148
HHH_rd4_0613.pdb,V8L,7,1.1221447521048422,0.53476363,-0.5873811178999777,0.5873811178999777
HHH_rd4_0613.pdb,V8I,7,0.3279704171762247,0.19272071,-0.13524970594499303,0.13524970594499303
HHH_rd4_0613.pdb,V8W,7,0.6216348244395036,0.7463531,0.12471826536991415,0.12471826536991415
HHH_rd4_0613.pdb,V8Y,7,0.6788260122601675,0.75257254,0.07374652420833838,0.07374652420833838
HHH_rd4_0613.pdb,V8F,7,0.7474367310337517,0.6822798,-0.06515690582318046,0.06515690582318046
HHH_rd4_0613.pdb,V8C,7,1.08562495903902,0.2412172,-0.8444077630513185,0.8444077630513185
HHH_rd4_0613.pdb,R9Q,8,0.8633843382514794,0.34599346,-0.5173908790267785,0.5173908790267785
HHH_rd4_0613.pdb,R9E,8,1.1755408262205282,0.4259094,-0.7496314262342612,0.7496314262342612
HHH_rd4_0613.pdb,R9N,8,1.3273127853864533,0.47445297,-0.8528598129743439,0.8528598129743439
HHH_rd4_0613.pdb,R9H,8,0.868464278637342,0.40037486,-0.4680894190658851,0.4680894190658851
HHH_rd4_0613.pdb,R9D,8,1.5455106085812296,0.72620255,-0.8193080610310282,0.8193080610310282
HHH_rd4_0613.pdb,R9K,8,0.5956561521465658,0.24100843,-0.35464772142719014,0.35464772142719014
HHH_rd4_0613.pdb,R9T,8,1.2562485098902558,0.40552917,-0.850719338661847,0.850719338661847
HHH_rd4_0613.pdb,R9S,8,1.042571375974502,0.4838994,-0.5586719614351647,0.5586719614351647
HHH_rd4_0613.pdb,R9A,8,0.7486224556968568,0.2883677,-0.46025476704100354,0.46025476704100354
HHH_rd4_0613.pdb,R9G,8,1.5556628779630517,0.95189637,-0.6037665085058068,0.6037665085058068
HHH_rd4_0613.pdb,R9M,8,0.6405504409594118,0.05152765,-0.589022791795212,0.589022791795212
HHH_rd4_0613.pdb,R9L,8,0.5175929280100666,-0.13804495,-0.6556378813563191,0.6556378813563191
HHH_rd4_0613.pdb,R9V,8,1.0319189487004128,0.28139234,-0.7505266128086892,0.7505266128086892
HHH_rd4_0613.pdb,R9I,8,0.7038689740014823,-0.029967785,-0.7338367588830741,0.7338367588830741
HHH_rd4_0613.pdb,R9W,8,0.532612205068699,0.0394637,-0.49314850620471584,0.49314850620471584
HHH_rd4_0613.pdb,R9Y,8,0.5424948074628793,0.06852788,-0.47396693013209923,0.47396693013209923
HHH_rd4_0613.pdb,R9F,8,0.6519572652164576,0.213907,-0.4380502618137476,0.4380502618137476
HHH_rd4_0613.pdb,R9C,8,-0.4453274882524867,0.11412144,0.5594489253252406,0.5594489253252406
HHH_rd4_0613.pdb,E10Q,9,0.1432315749566874,0.055912822,-0.0873187524717173,0.0873187524717173
HHH_rd4_0613.pdb,E10N,9,0.3229842194361998,0.4079771,0.0849928847508119,0.0849928847508119
HHH_rd4_0613.pdb,E10H,9,0.4648598961713266,0.2935907,-0.1712692015054178,0.1712692015054178
HHH_rd4_0613.pdb,E10D,9,0.4907971789775296,0.35655957,-0.1342376043734952,0.1342376043734952
HHH_rd4_0613.pdb,E10R,9,0.0045832679234267,0.14128838,0.1367051168717622,0.1367051168717622
HHH_rd4_0613.pdb,E10K,9,0.464921333664454,0.13813096,-0.32679037081579065,0.32679037081579065
HHH_rd4_0613.pdb,E10T,9,0.267913240779176,0.29281336,0.024900119911894558,0.024900119911894558
HHH_rd4_0613.pdb,E10S,9,0.606242378842234,0.309797,-0.29644538987815316,0.29644538987815316
HHH_rd4_0613.pdb,E10A,9,0.2226881547935115,0.094178885,-0.12850926957203018,0.12850926957203018
HHH_rd4_0613.pdb,E10G,9,0.8787509497590547,0.6067923,-0.2719586786218171,0.2719586786218171
HHH_rd4_0613.pdb,E10M,9,-0.068449393355447,0.0019509792,0.07040037258823509,0.07040037258823509
HHH_rd4_0613.pdb,E10L,9,-0.1032888624677355,0.012788653,0.11607751584145376,0.11607751584145376
HHH_rd4_0613.pdb,E10V,9,0.3273764791923343,0.23320846,-0.09416801659639468,0.09416801659639468
HHH_rd4_0613.pdb,E10I,9,0.1366594316497063,0.063071564,-0.07358786780979387,0.07358786780979387
HHH_rd4_0613.pdb,E10W,9,-0.6665850106415219,0.16951501,0.836100024336285,0.836100024336285
HHH_rd4_0613.pdb,E10Y,9,-0.0781151432881248,0.17844187,0.2565570105204475,0.2565570105204475
HHH_rd4_0613.pdb,E10F,9,-0.1427543687734802,0.20392883,0.3466831970129211,0.3466831970129211
HHH_rd4_0613.pdb,E10P,9,2.8024067876126977,1.4273204,-1.3750864264753075,1.3750864264753075
HHH_rd4_0613.pdb,E10C,9,-0.380788884149668,0.006691605,0.3874804890023444,0.3874804890023444
HHH_rd4_0613.pdb,L11Q,10,2.942346691323748,1.3267969,-1.6155498020186334,1.6155498020186334
HHH_rd4_0613.pdb,L11H,10,2.212111104670193,1.2806797,-0.931431401911404,0.931431401911404
HHH_rd4_0613.pdb,L11A,10,2.1671836703667804,1.0906457,-1.0765379994759723,1.0765379994759723
HHH_rd4_0613.pdb,L11M,10,0.3757591331952934,0.13019222,-0.24556691298426436,0.24556691298426436
HHH_rd4_0613.pdb,L11W,10,0.0224936651715061,0.18225563,0.15976196055328637,0.15976196055328637
HHH_rd4_0613.pdb,L11Y,10,0.6798054390283204,0.07657337,-0.6032320671411133,0.6032320671411133
HHH_rd4_0613.pdb,L11F,10,0.8589063729417228,0.2798469,-0.5790594662797355,0.5790594662797355
HHH_rd4_0613.pdb,L11C,10,1.2610437963278045,0.48214462,-0.7788991723329772,0.7788991723329772
HHH_rd4_0613.pdb,Q12E,11,0.8982766247460534,0.32392734,-0.5743492818543603,0.5743492818543603
HHH_rd4_0613.pdb,Q12N,11,0.6510874750438078,0.45446754,-0.19661994002488692,0.19661994002488692
HHH_rd4_0613.pdb,Q12H,11,-0.5434660343865709,0.16014805,0.7036140887479143,0.7036140887479143
HHH_rd4_0613.pdb,Q12D,11,1.221595998060295,0.7358757,-0.4857202723141403,0.4857202723141403
HHH_rd4_0613.pdb,Q12R,11,-0.2670132753956888,-0.073233634,0.19377964116221408,0.19377964116221408
HHH_rd4_0613.pdb,Q12K,11,0.1437424122816235,-0.0596772,-0.20341961081086696,0.20341961081086696
HHH_rd4_0613.pdb,Q12T,11,0.0892066040026309,0.31410205,0.22489544963964203,0.22489544963964203
HHH_rd4_0613.pdb,Q12S,11,-0.049042168166717,0.32684475,0.3758869200015864,0.3758869200015864
HHH_rd4_0613.pdb,Q12A,11,-0.3574162661332885,-0.053893447,0.3035228192109862,0.3035228192109862
HHH_rd4_0613.pdb,Q12G,11,1.0652952008258318,0.6008124,-0.46448282528033014,0.46448282528033014
HHH_rd4_0613.pdb,Q12M,11,-1.4356574931539647,-0.09308311,1.3425743797220342,1.3425743797220342
HHH_rd4_0613.pdb,Q12L,11,-1.651267315732416,-0.20360407,1.4476632434000338,1.4476632434000338
HHH_rd4_0613.pdb,Q12V,11,-0.784749322250744,0.06083452,0.8455838418158494,0.8455838418158494
HHH_rd4_0613.pdb,Q12I,11,-1.1314800354145458,-0.11485347,1.016626563896983,1.016626563896983
HHH_rd4_0613.pdb,Q12W,11,-1.49322943949837,0.005250022,1.49847946131367,1.49847946131367
HHH_rd4_0613.pdb,Q12Y,11,-1.5451316357910878,-0.0075629056,1.5375687302410848,1.5375687302410848
HHH_rd4_0613.pdb,Q12F,11,-1.693555127129215,0.10438955,1.7979446754309119,1.7979446754309119
HHH_rd4_0613.pdb,Q12C,11,-0.305480175226295,-0.14818361,0.15729656121071578,0.15729656121071578
HHH_rd4_0613.pdb,K13Q,12,0.3951694065208522,0.14925385,-0.24591556130600845,0.24591556130600845
HHH_rd4_0613.pdb,K13E,12,0.5672664681691788,0.27798942,-0.2892770508546494,0.2892770508546494
HHH_rd4_0613.pdb,K13N,12,0.5882170822736881,0.31922603,-0.2689910557386539,0.2689910557386539
HHH_rd4_0613.pdb,K13H,12,0.6217757129950572,0.3416008,-0.28017490747404583,0.28017490747404583
HHH_rd4_0613.pdb,K13D,12,0.8859937463746932,0.43875048,-0.4472432707296279,0.4472432707296279
HHH_rd4_0613.pdb,K13R,12,-0.0668320909897519,0.030517042,0.09734913267294892,0.09734913267294892
HHH_rd4_0613.pdb,K13T,12,0.8677154496711363,0.40769064,-0.46002480540691515,0.46002480540691515
HHH_rd4_0613.pdb,K13S,12,0.512658664016542,0.33391458,-0.17874408605557401,0.17874408605557401
HHH_rd4_0613.pdb,K13A,12,0.1872483241421998,0.07272178,-0.11452654479573374,0.11452654479573374
HHH_rd4_0613.pdb,K13G,12,0.9281302474934648,0.5219509,-0.40617934693880786,0.40617934693880786
HHH_rd4_0613.pdb,K13M,12,0.2416959072247115,0.1300167,-0.11167920779138477,0.11167920779138477
HHH_rd4_0613.pdb,K13L,12,0.2543619966436068,0.12429492,-0.1300670748878161,0.1300670748878161
HHH_rd4_0613.pdb,K13V,12,0.8545542560427624,0.44065192,-0.4139023326247173,0.4139023326247173
HHH_rd4_0613.pdb,K13I,12,0.6513547290652857,0.27011698,-0.3812377442210779,0.3812377442210779
HHH_rd4_0613.pdb,K13W,12,0.8201444283438395,0.31784374,-0.5023006931257914,0.5023006931257914
HHH_rd4_0613.pdb,K13Y,12,0.6937646645158,0.36296648,-0.3307981866448588,0.3307981866448588
HHH_rd4_0613.pdb,K13F,12,0.6002539287152477,0.39510024,-0.20515369277622186,0.20515369277622186
HHH_rd4_0613.pdb,K13C,12,0.558031484362703,0.12400976,-0.43402172612867895,0.43402172612867895
HHH_rd4_0613.pdb,N14Q,13,0.0004188163892306,-0.076710805,-0.07712962168612848,0.07712962168612848
HHH_rd4_0613.pdb,N14E,13,0.5304471251950391,0.059501924,-0.4709452015743383,0.4709452015743383
HHH_rd4_0613.pdb,N14H,13,0.2790456454406347,0.06733023,-0.2117154191384878,0.2117154191384878
HHH_rd4_0613.pdb,N14D,13,0.7136906184903256,0.16183543,-0.5518551864377133,0.5518551864377133
HHH_rd4_0613.pdb,N14R,13,-0.2604356334644606,-0.056213543,0.20422209064543745,0.20422209064543745
HHH_rd4_0613.pdb,N14K,13,-0.0635880974509111,-0.085909694,-0.022321596982301184,0.022321596982301184
HHH_rd4_0613.pdb,N14T,13,0.6726298148861822,0.2566818,-0.4159480149975714,0.4159480149975714
HHH_rd4_0613.pdb,N14S,13,0.2227981222943627,0.06647502,-0.15632310343545308,0.15632310343545308
HHH_rd4_0613.pdb,N14A,13,-0.0723869207430287,-0.17068787,-0.09830094844814104,0.09830094844814104
HHH_rd4_0613.pdb,N14G,13,0.6302367978368475,0.32550538,-0.3047314219747259,0.3047314219747259
HHH_rd4_0613.pdb,N14M,13,-0.1939418268570651,-0.25427443,-0.06033260103371249,0.06033260103371249
HHH_rd4_0613.pdb,N14L,13,-0.1291473796454521,-0.090414494,0.038732885369405334,0.038732885369405334
HHH_rd4_0613.pdb,N14V,13,0.6735416425394989,0.37702012,-0.29652152191877135,0.29652152191877135
HHH_rd4_0613.pdb,N14I,13,0.3855659838294165,0.1639955,-0.22157047945014402,0.22157047945014402
HHH_rd4_0613.pdb,N14W,13,0.1969083100662227,0.026275858,-0.1706324517831798,0.1706324517831798
HHH_rd4_0613.pdb,N14Y,13,0.3498300766417355,0.09092961,-0.2589004641243786,0.2589004641243786
HHH_rd4_0613.pdb,N14F,13,0.3670406965805586,0.050960813,-0.31607988386288244,0.31607988386288244
HHH_rd4_0613.pdb,N14C,13,0.130872489563556,-0.32887614,-0.4597486272970155,0.4597486272970155
HHH_rd4_0613.pdb,G15Q,14,1.5077842188995942,0.93154097,-0.5762432528656587,0.5762432528656587
HHH_rd4_0613.pdb,G15E,14,1.9545477187066091,1.2560178,-0.6985299145607962,0.6985299145607962
HHH_rd4_0613.pdb,G15N,14,0.9999097207187126,0.6922151,-0.3076946356891106,0.3076946356891106
HHH_rd4_0613.pdb,G15H,14,1.1561462547950467,0.8813567,-0.2747895386390409,0.2747895386390409
HHH_rd4_0613.pdb,G15D,14,1.8312083858817303,1.0119895,-0.8192189115851605,0.8192189115851605
HHH_rd4_0613.pdb,G15R,14,1.020137855994352,1.1728015,0.15266363860403676,0.15266363860403676
HHH_rd4_0613.pdb,G15K,14,1.1803375975648145,1.0210273,-0.15931027098095218,0.15931027098095218
HHH_rd4_0613.pdb,G15T,14,2.5859868382863835,1.4102161,-1.175770745223029,1.175770745223029
HHH_rd4_0613.pdb,G15S,14,1.6369115560090977,1.0110853,-0.6258262841737705,0.6258262841737705
HHH_rd4_0613.pdb,G15A,14,1.7476335280241628,1.0843244,-0.663309168130364,0.663309168130364
HHH_rd4_0613.pdb,G15M,14,1.3914945758663095,1.0628514,-0.32864314688071383,0.32864314688071383
HHH_rd4_0613.pdb,G15L,14,1.6782622502205975,1.1178001,-0.560462133681596,0.560462133681596
HHH_rd4_0613.pdb,G15V,14,2.581885742737853,1.6345787,-0.9473070379038688,0.9473070379038688
HHH_rd4_0613.pdb,G15W,14,1.712949224040892,1.0972105,-0.6157386975745223,0.6157386975745223
HHH_rd4_0613.pdb,G15Y,14,1.7822723509453886,1.0698075,-0.7124648214959257,0.7124648214959257
HHH_rd4_0613.pdb,G15F,14,1.5665340128094527,0.92040783,-0.6461261811405989,0.6461261811405989
HHH_rd4_0613.pdb,G15C,14,0.5854128278427897,0.45139223,-0.13402059447105508,0.13402059447105508
HHH_rd4_0613.pdb,V16Q,15,0.874644680348003,0.69877,-0.17587469371851694,0.17587469371851694
HHH_rd4_0613.pdb,V16E,15,1.1171619855150623,0.8442131,-0.2729488574251575,0.2729488574251575
HHH_rd4_0613.pdb,V16N,15,0.602556314709966,0.97700655,0.3744502398936107,0.3744502398936107
HHH_rd4_0613.pdb,V16H,15,0.038169437230322,0.51246446,0.4742950264804629,0.4742950264804629
HHH_rd4_0613.pdb,V16D,15,1.7536737556444162,1.098424,-0.6552497978197092,0.6552497978197092
HHH_rd4_0613.pdb,V16R,15,0.7529259109716313,0.8921194,0.1391934966821773,0.1391934966821773
HHH_rd4_0613.pdb,V16K,15,0.4338535911113588,0.8556913,0.4218377226322325,0.4218377226322325
HHH_rd4_0613.pdb,V16T,15,0.7158396494592458,0.45023808,-0.2656015706266195,0.2656015706266195
HHH_rd4_0613.pdb,V16S,15,0.7638592685869399,0.77843344,0.014574173528843826,0.014574173528843826
HHH_rd4_0613.pdb,V16A,15,0.2000430952131731,0.66050273,0.46045963658690625,0.46045963658690625
HHH_rd4_0613.pdb,V16G,15,1.87647242790304,1.1872517,-0.6892207408531743,0.6892207408531743
HHH_rd4_0613.pdb,V16M,15,-0.1776291213131799,0.2522479,0.42987702108391657,0.42987702108391657
HHH_rd4_0613.pdb,V16L,15,-0.2162636260620747,0.20608455,0.4223481754891072,0.4223481754891072
HHH_rd4_0613.pdb,V16I,15,0.3290427605865611,-0.14574787,-0.474790630793394,0.474790630793394
HHH_rd4_0613.pdb,V16W,15,-0.0810216843962976,0.013197571,0.09421925543549743,0.09421925543549743
HHH_rd4_0613.pdb,V16Y,15,-0.403654939337799,-0.019317895,0.3843370441637725,0.3843370441637725
HHH_rd4_0613.pdb,V16F,15,-0.4004021010474652,0.046577126,0.4469792268352002,0.4469792268352002
HHH_rd4_0613.pdb,V16C,15,0.1160740867372429,-0.008452147,-0.12452623398265,0.12452623398265
HHH_rd4_0613.pdb,S17Q,16,0.8827006990461741,0.820807,-0.06189371891311746,0.06189371891311746
HHH_rd4_0613.pdb,S17E,16,1.0005936097328825,0.79299074,-0.20760286561896035,0.20760286561896035
HHH_rd4_0613.pdb,S17N,16,1.0126569291459535,0.48037988,-0.5322770496713136,0.5322770496713136
HHH_rd4_0613.pdb,S17H,16,0.7584395022461861,0.8043144,0.045874872677519996,0.045874872677519996
HHH_rd4_0613.pdb,S17D,16,0.833141610669049,0.41201997,-0.4211216426362121,0.4211216426362121
HHH_rd4_0613.pdb,S17R,16,0.7120524293572552,0.90810513,0.19605270560673405,0.19605270560673405
HHH_rd4_0613.pdb,S17K,16,0.7758849142526234,0.8460851,0.0702001573110973,0.0702001573110973
HHH_rd4_0613.pdb,S17T,16,0.1962681805087323,-0.055829465,-0.252097645897984,0.252097645897984
HHH_rd4_0613.pdb,S17A,16,0.5079484122532234,0.6409298,0.13298140590015795,0.13298140590015795
HHH_rd4_0613.pdb,S17G,16,0.7865835958864913,0.69208497,-0.09449862779643392,0.09449862779643392
HHH_rd4_0613.pdb,S17M,16,0.9963991062695144,0.89495707,-0.10144204068723905,0.10144204068723905
HHH_rd4_0613.pdb,S17L,16,0.681731927695292,0.8115195,0.12978757589815282,0.12978757589815282
HHH_rd4_0613.pdb,S17V,16,1.2348190524441214,0.897413,-0.3374060370785208,0.3374060370785208
HHH_rd4_0613.pdb,S17I,16,1.3080556912799488,0.97233284,-0.3357228560825001,0.3357228560825001
HHH_rd4_0613.pdb,S17W,16,1.4679623674322653,0.9204581,-0.5475042890478659,0.5475042890478659
HHH_rd4_0613.pdb,S17Y,16,1.566351231741017,0.8603401,-0.706011113332814,0.706011113332814
HHH_rd4_0613.pdb,S17F,16,1.4413322988177846,0.9355842,-0.5057481113101552,0.5057481113101552
HHH_rd4_0613.pdb,S17P,16,0.2612488294425803,0.63952446,0.37827563039628687,0.37827563039628687
HHH_rd4_0613.pdb,P18Q,17,0.3996398700898054,1.1031528,0.703512881832802,0.703512881832802
HHH_rd4_0613.pdb,P18E,17,0.8802715409354225,1.1572495,0.27697790974817127,0.27697790974817127
HHH_rd4_0613.pdb,P18N,17,0.2684947090919443,1.4121497,1.1436549586479239,1.1436549586479239
HHH_rd4_0613.pdb,P18H,17,0.6340670702914482,1.1638733,0.5298062445660348,0.5298062445660348
HHH_rd4_0613.pdb,P18D,17,0.6014483419740677,1.5020484,0.9006000312482834,0.9006000312482834
HHH_rd4_0613.pdb,P18R,17,-0.125713984248819,1.3114085,1.4371225039936921,1.4371225039936921
HHH_rd4_0613.pdb,P18K,17,0.003825815181643,1.1547723,1.1509464664650855,1.1509464664650855
HHH_rd4_0613.pdb,P18T,17,0.1557090933986946,0.94790536,0.7921962682536796,0.7921962682536796
HHH_rd4_0613.pdb,P18S,17,0.4101896348827059,0.8794695,0.46927987901042156,0.46927987901042156
HHH_rd4_0613.pdb,P18A,17,0.2016164440120638,0.659068,0.4574515443836271,0.4574515443836271
HHH_rd4_0613.pdb,P18G,17,0.9804644119301442,1.1866173,0.20615284328073225,0.20615284328073225
HHH_rd4_0613.pdb,P18M,17,-0.4703193834330967,0.9695981,1.4399174979236058,1.4399174979236058
HHH_rd4_0613.pdb,P18L,17,-0.684771754428227,0.88985485,1.5746266028130842,1.5746266028130842
HHH_rd4_0613.pdb,P18V,17,-0.2157546566565038,0.7532784,0.9690330313284399,0.9690330313284399
HHH_rd4_0613.pdb,P18I,17,-0.6529122754876666,0.8622905,1.51520277708221,1.51520277708221
HHH_rd4_0613.pdb,P18W,17,-1.0782928400083227,0.9294666,2.007759445194785,2.007759445194785
HHH_rd4_0613.pdb,P18Y,17,0.0618074439654456,1.0677841,1.0059766270031822,1.0059766270031822
HHH_rd4_0613.pdb,P18F,17,-0.2360912555686405,1.0103248,1.2464160913459232,1.2464160913459232
HHH_rd4_0613.pdb,P18C,17,0.2903902347431302,0.6858322,0.3954419676914096,0.3954419676914096
HHH_rd4_0613.pdb,E19Q,18,0.3545484760960899,0.27031946,-0.08422901427358015,0.08422901427358015
HHH_rd4_0613.pdb,E19N,18,0.7615862328765541,0.45908797,-0.3024982650039345,0.3024982650039345
HHH_rd4_0613.pdb,E19H,18,0.5733395384755775,0.39670008,-0.17663945426613537,0.17663945426613537
HHH_rd4_0613.pdb,E19D,18,0.4678059858482055,0.24127482,-0.22653116707016746,0.22653116707016746
HHH_rd4_0613.pdb,E19R,18,0.4677914549368376,0.49103034,0.023238880489492963,0.023238880489492963
HHH_rd4_0613.pdb,E19K,18,0.4540074688268756,0.39320904,-0.06079842866192808,0.06079842866192808
HHH_rd4_0613.pdb,E19T,18,0.6266167302354944,0.37862498,-0.24799175455418943,0.24799175455418943
HHH_rd4_0613.pdb,E19S,18,0.2526531168521875,0.3456916,0.09303847464904846,0.09303847464904846
HHH_rd4_0613.pdb,E19A,18,0.257199782532717,0.21059927,-0.04660050908949498,0.04660050908949498
HHH_rd4_0613.pdb,E19G,18,0.6348071761204934,0.4590292,-0.17577797842762233,0.17577797842762233
HHH_rd4_0613.pdb,E19M,18,0.6455707603528031,0.3349806,-0.31059015332002726,0.31059015332002726
HHH_rd4_0613.pdb,E19L,18,0.6104101295325481,0.26601276,-0.34439737151596184,0.34439737151596184
HHH_rd4_0613.pdb,E19V,18,0.8094745295689205,0.3332007,-0.47627383643842736,0.47627383643842736
HHH_rd4_0613.pdb,E19I,18,0.667430580957955,0.37370145,-0.2937291277490317,0.2937291277490317
HHH_rd4_0613.pdb,E19W,18,0.5015333561874289,0.32634097,-0.1751923828102011,0.1751923828102011
HHH_rd4_0613.pdb,E19Y,18,0.7349219320183753,0.3967941,-0.3381278214818,0.3381278214818
HHH_rd4_0613.pdb,E19F,18,0.8942024772797668,0.4570266,-0.43717587644205924,0.43717587644205924
HHH_rd4_0613.pdb,E19P,18,1.1979442194482943,0.78649914,-0.41144507680150477,0.41144507680150477
HHH_rd4_0613.pdb,E19C,18,0.1139839575766932,0.14606726,0.03208330411916861,0.03208330411916861
HHH_rd4_0613.pdb,Q20E,19,-0.184380079242119,0.039025992,0.22340607139719407,0.22340607139719407
HHH_rd4_0613.pdb,Q20N,19,0.4116808461263925,0.6606426,0.2489617777749747,0.2489617777749747
HHH_rd4_0613.pdb,Q20H,19,0.7819170867218854,0.51609576,-0.2658213292374494,0.2658213292374494
HHH_rd4_0613.pdb,Q20D,19,-0.1294040888018846,0.38652018,0.5159242659278154,0.5159242659278154
HHH_rd4_0613.pdb,Q20R,19,0.9040899040843896,0.49471214,-0.4093777599479608,0.4093777599479608
HHH_rd4_0613.pdb,Q20K,19,0.9676393994670636,0.33567733,-0.6319620737415081,0.6319620737415081
HHH_rd4_0613.pdb,Q20T,19,0.5093816467057226,0.39468676,-0.11469488818750362,0.11469488818750362
HHH_rd4_0613.pdb,Q20S,19,0.7783273428121453,0.49744534,-0.28088199788721857,0.28088199788721857
HHH_rd4_0613.pdb,Q20A,19,0.4382288218735082,0.11508936,-0.3231394649742467,0.3231394649742467
HHH_rd4_0613.pdb,Q20G,19,0.607217041642822,0.93457866,0.3273616155074466,0.3273616155074466
HHH_rd4_0613.pdb,Q20M,19,0.0792930412466823,0.15802732,0.07873427985355269,0.07873427985355269
HHH_rd4_0613.pdb,Q20L,19,0.6073824771787475,0.27313378,-0.3342486926462005,0.3342486926462005
HHH_rd4_0613.pdb,Q20V,19,0.4127360475357653,0.3917623,-0.020973761111128475,0.020973761111128475
HHH_rd4_0613.pdb,Q20I,19,0.4471134771553897,0.26278535,-0.18432813183945645,0.18432813183945645
HHH_rd4_0613.pdb,Q20W,19,0.5636033803767555,0.34798193,-0.21562145059770277,0.21562145059770277
HHH_rd4_0613.pdb,Q20Y,19,1.0046991309801552,0.42770287,-0.576996257034919,0.576996257034919
HHH_rd4_0613.pdb,Q20F,19,0.985674537316362,0.41859666,-0.5670778821859757,0.5670778821859757
HHH_rd4_0613.pdb,Q20C,19,-0.042378690049265,0.12014657,0.16252526263913927,0.16252526263913927
HHH_rd4_0613.pdb,I21Q,20,2.693073713201585,1.9811151,-0.7119586104336406,0.7119586104336406
HHH_rd4_0613.pdb,I21E,20,2.672439717030789,2.446167,-0.2262727248432892,0.2262727248432892
HHH_rd4_0613.pdb,I21R,20,2.5487770048590246,2.2868657,-0.2619112936468664,0.2619112936468664
HHH_rd4_0613.pdb,I21K,20,2.7617165099545984,2.3557124,-0.4060040961667566,0.4060040961667566
HHH_rd4_0613.pdb,I21T,20,2.4452356788896594,1.8510411,-0.5941946003221545,0.5941946003221545
HHH_rd4_0613.pdb,I21S,20,2.722718042835932,2.1961508,-0.526567263111811,0.526567263111811
HHH_rd4_0613.pdb,I21A,20,2.1945522063111813,1.6554015,-0.5391507380342038,0.5391507380342038
HHH_rd4_0613.pdb,I21M,20,1.010051808604966,1.0252075,0.015155710926284094,0.015155710926284094
HHH_rd4_0613.pdb,I21L,20,1.0810052191665125,0.8336896,-0.24731564873957157,0.24731564873957157
HHH_rd4_0613.pdb,I21V,20,1.4471712559183132,0.7736999,-0.6734713762720119,0.6734713762720119
HHH_rd4_0613.pdb,I21W,20,1.331854842448524,1.6417197,0.3098648564574209,0.3098648564574209
HHH_rd4_0613.pdb,I21Y,20,2.6551478100850603,1.6508981,-1.0042497111394426,1.0042497111394426
HHH_rd4_0613.pdb,I21F,20,2.135179151264276,1.1779184,-0.9572607171212097,0.9572607171212097
HHH_rd4_0613.pdb,I21P,20,2.888811391633922,2.9341373,0.045325952726429364,0.045325952726429364
HHH_rd4_0613.pdb,E22Q,21,0.5350532033024511,0.29522902,-0.2398241855679235,0.2398241855679235
HHH_rd4_0613.pdb,E22N,21,1.0473643764484293,1.1631016,0.11573717746850187,0.11573717746850187
HHH_rd4_0613.pdb,E22H,21,0.6206688494721437,0.7553682,0.13469932365026227,0.13469932365026227
HHH_rd4_0613.pdb,E22D,21,1.5046341975353923,1.2223669,-0.28226726848113204,0.28226726848113204
HHH_rd4_0613.pdb,E22R,21,-0.044351808085004,0.25777167,0.30212347890333285,0.30212347890333285
HHH_rd4_0613.pdb,E22K,21,-0.1087113167951718,0.41938606,0.5280973758409634,0.5280973758409634
HHH_rd4_0613.pdb,E22T,21,0.1108098358498086,0.6557629,0.5449530749930869,0.5449530749930869
HHH_rd4_0613.pdb,E22S,21,0.3950465171406712,0.48578298,0.0907364637782131,0.0907364637782131
HHH_rd4_0613.pdb,E22A,21,-0.2371845816190259,-0.026278764,0.21090581760955018,0.21090581760955018
HHH_rd4_0613.pdb,E22G,21,0.5967699224484941,0.9310906,0.33432067088951856,0.33432067088951856
HHH_rd4_0613.pdb,E22M,21,-0.5465392132076161,0.08600429,0.6325435002120869,0.6325435002120869
HHH_rd4_0613.pdb,E22L,21,-0.4019966259706518,0.24724811,0.6492447391260168,0.6492447391260168
HHH_rd4_0613.pdb,E22V,21,-0.421276193708112,0.37111896,0.792395156472852,0.792395156472852
HHH_rd4_0613.pdb,E22I,21,-0.678048599627914,0.31222612,0.990274716285171,0.990274716285171
HHH_rd4_0613.pdb,E22W,21,0.1097042812722173,0.23327412,0.12356983583994242,0.12356983583994242
HHH_rd4_0613.pdb,E22Y,21,0.0690193305453052,0.13783693,0.06881760259068113,0.06881760259068113
HHH_rd4_0613.pdb,E22F,21,0.0340522825941063,0.19449149,0.16043920812759627,0.16043920812759627
HHH_rd4_0613.pdb,E22P,21,1.7827413116048592,2.0871139,0.30437254566442795,0.30437254566442795
HHH_rd4_0613.pdb,E22C,21,-0.7771627583756651,0.21295354,0.9901162960782255,0.9901162960782255
HHH_rd4_0613.pdb,K23Q,22,-0.046454730212897,0.06004709,0.10650182026645535,0.10650182026645535
HHH_rd4_0613.pdb,K23E,22,-0.0950332343389317,0.16115046,0.2561836898137852,0.2561836898137852
HHH_rd4_0613.pdb,K23N,22,0.0733818939869772,0.32870185,0.25531995976515903,0.25531995976515903
HHH_rd4_0613.pdb,K23H,22,0.4083256111513811,0.26815933,-0.14016628126017627,0.14016628126017627
HHH_rd4_0613.pdb,K23D,22,0.216713835832603,0.43671194,0.21999810135649916,0.21999810135649916
HHH_rd4_0613.pdb,K23R,22,0.0999071370653359,-0.0037053227,-0.10361245980779805,0.10361245980779805
HHH_rd4_0613.pdb,K23T,22,0.3066869728026076,0.25848526,-0.04820171517702776,0.04820171517702776
HHH_rd4_0613.pdb,K23S,22,0.1977697478221352,0.28538954,0.08761979475751569,0.08761979475751569
HHH_rd4_0613.pdb,K23A,22,-0.2094418282847732,0.08289039,0.2923322196345657,0.2923322196345657
HHH_rd4_0613.pdb,K23G,22,0.513767938865886,0.63856494,0.12479700540138694,0.12479700540138694
HHH_rd4_0613.pdb,K23M,22,-0.0355185577965171,-0.0029945076,0.032524050245323864,0.032524050245323864
HHH_rd4_0613.pdb,K23L,22,0.1748693428413141,0.041458935,-0.13341040829579714,0.13341040829579714
HHH_rd4_0613.pdb,K23V,22,0.1768170225512579,0.27149433,0.0946773064244196,0.0946773064244196
HHH_rd4_0613.pdb,K23I,22,-0.0930022907977039,0.096045315,0.1890476060633594,0.1890476060633594
HHH_rd4_0613.pdb,K23W,22,0.2658166483087223,0.2350653,-0.03075135201641732,0.03075135201641732
HHH_rd4_0613.pdb,K23Y,22,0.315373653039553,0.2294041,-0.08596954630336984,0.08596954630336984
HHH_rd4_0613.pdb,K23F,22,0.284118239953065,0.26139835,-0.022719894721055123,0.022719894721055123
HHH_rd4_0613.pdb,K23P,22,2.23834330458525,1.7128868,-0.5254564942825155,0.5254564942825155
HHH_rd4_0613.pdb,K23C,22,-0.3710193946951037,0.013117492,0.3841368868940478,0.3841368868940478
HHH_rd4_0613.pdb,I24Q,23,1.0696547335376485,0.6324479,-0.43720683514973957,0.43720683514973957
HHH_rd4_0613.pdb,I24E,23,1.423093341653967,0.74437845,-0.6787148941213133,0.6787148941213133
HHH_rd4_0613.pdb,I24N,23,1.9149768286802928,1.0718571,-0.8431197339155834,0.8431197339155834
HHH_rd4_0613.pdb,I24H,23,1.620489774698499,0.7028872,-0.9176025972311528,0.9176025972311528
HHH_rd4_0613.pdb,I24D,23,2.0076251463029675,1.1167946,-0.8908305601213269,0.8908305601213269
HHH_rd4_0613.pdb,I24R,23,1.307553473476597,0.70432806,-0.6032254133264505,0.6032254133264505
HHH_rd4_0613.pdb,I24K,23,1.6715425177090868,0.7791099,-0.8924326224797472,0.8924326224797472
HHH_rd4_0613.pdb,I24T,23,1.372440149193521,0.6852022,-0.6872379678542571,0.6872379678542571
HHH_rd4_0613.pdb,I24S,23,1.535672172764539,0.8445018,-0.691170379379987,0.691170379379987
HHH_rd4_0613.pdb,I24A,23,1.253432245536715,0.5769568,-0.6764754369696679,0.6764754369696679
HHH_rd4_0613.pdb,I24G,23,2.3686683188280178,1.2550128,-1.1136555682024074,1.1136555682024074
HHH_rd4_0613.pdb,I24M,23,0.2487846027859146,0.1570684,-0.0917162012108261,0.0917162012108261
HHH_rd4_0613.pdb,I24L,23,0.3865494844659283,0.058558166,-0.3279913184388592,0.3279913184388592
HHH_rd4_0613.pdb,I24V,23,1.0986134324864945,0.4053632,-0.6932502303914627,0.6932502303914627
HHH_rd4_0613.pdb,I24W,23,0.9678910832477888,0.19282824,-0.7750628452373823,0.7750628452373823
HHH_rd4_0613.pdb,I24Y,23,1.2605683303885906,0.19542718,-1.0651411510520428,1.0651411510520428
HHH_rd4_0613.pdb,I24F,23,1.033324453051772,0.19369239,-0.8396320669014119,0.8396320669014119
HHH_rd4_0613.pdb,L25S,24,3.0421904176969026,2.13067,-0.9115203470487092,0.9115203470487092
HHH_rd4_0613.pdb,L25A,24,2.9813848204936164,1.9220273,-1.0593574710215705,1.0593574710215705
HHH_rd4_0613.pdb,L25M,24,1.1546760862232732,0.8193518,-0.33532429388776297,0.33532429388776297
HHH_rd4_0613.pdb,L25V,24,2.3502902587419783,1.4586854,-0.8916048606401716,0.8916048606401716
HHH_rd4_0613.pdb,L25I,24,1.7145733226640858,1.0735195,-0.6410538543565907,0.6410538543565907
HHH_rd4_0613.pdb,L25Y,24,2.4792113375500686,1.6623601,-0.8168512654141433,0.8168512654141433
HHH_rd4_0613.pdb,L25F,24,1.6178392921786218,1.515459,-0.102380350718966,0.102380350718966
HHH_rd4_0613.pdb,L25C,24,1.1848754235000305,1.2448717,0.05999631207278444,0.05999631207278444
HHH_rd4_0613.pdb,R26Q,25,0.8572935782701978,0.833656,-0.023637565258265436,0.023637565258265436
HHH_rd4_0613.pdb,R26E,25,1.4287247255739255,1.3775287,-0.05119605812397432,0.05119605812397432
HHH_rd4_0613.pdb,R26N,25,1.3684321877071308,1.092997,-0.2754352327892231,0.2754352327892231
HHH_rd4_0613.pdb,R26H,25,1.157156300730252,0.9203963,-0.23675997275784,0.23675997275784
HHH_rd4_0613.pdb,R26D,25,2.223732272859118,1.9243034,-0.29942886042167904,0.29942886042167904
HHH_rd4_0613.pdb,R26K,25,0.6113380192968441,0.43753004,-0.17380797855587726,0.17380797855587726
HHH_rd4_0613.pdb,R26T,25,0.6088350278124464,0.80950713,0.20067210376409172,0.20067210376409172
HHH_rd4_0613.pdb,R26S,25,0.8300660469789456,1.0419275,0.21186140987682833,0.21186140987682833
HHH_rd4_0613.pdb,R26A,25,0.6483254414339408,1.0038905,0.3555650729398385,0.3555650729398385
HHH_rd4_0613.pdb,R26G,25,1.2166992583661291,1.742706,0.5260066828341272,0.5260066828341272
HHH_rd4_0613.pdb,R26M,25,0.2778467791775552,0.49402788,0.21618110363685217,0.21618110363685217
HHH_rd4_0613.pdb,R26L,25,0.0098148230229333,0.44018817,0.4303733464564368,0.4303733464564368
HHH_rd4_0613.pdb,R26V,25,0.2668068966767181,0.7206582,0.45385128642112127,0.45385128642112127
HHH_rd4_0613.pdb,R26I,25,-0.0299983333006008,0.4017183,0.43171662196065025,0.43171662196065025
HHH_rd4_0613.pdb,R26W,25,1.0480254941381817,0.6442277,-0.40379781059402275,0.40379781059402275
HHH_rd4_0613.pdb,R26Y,25,0.8827899758390247,0.6330321,-0.2497578923276722,0.2497578923276722
HHH_rd4_0613.pdb,R26F,25,0.9407761544346402,0.7470025,-0.19377367202039464,0.19377367202039464
HHH_rd4_0613.pdb,R26P,25,3.135353999026353,2.774351,-0.36100311744981495,0.36100311744981495
HHH_rd4_0613.pdb,R26C,25,1.0606258870552452,0.6047035,-0.4559224010895164,0.4559224010895164
HHH_rd4_0613.pdb,R27Q,26,0.2411288070159067,0.07232086,-0.1688079434113611,0.1688079434113611
HHH_rd4_0613.pdb,R27E,26,0.0631057434625876,0.12050293,0.05739718294665694,0.05739718294665694
HHH_rd4_0613.pdb,R27N,26,0.3666383998785094,0.226834,-0.13980440072155748,0.13980440072155748
HHH_rd4_0613.pdb,R27H,26,0.5781729077102824,0.24212421,-0.3360486929418727,0.3360486929418727
HHH_rd4_0613.pdb,R27D,26,-0.0310356615094677,0.25281566,0.28385132532401236,0.28385132532401236
HHH_rd4_0613.pdb,R27K,26,0.5155200426630333,0.016998738,-0.4985213046125725,0.4985213046125725
HHH_rd4_0613.pdb,R27T,26,0.6265961814423371,0.32914057,-0.2974556077023316,0.2974556077023316
HHH_rd4_0613.pdb,R27S,26,0.356707382545381,0.18752888,-0.1691785040949873,0.1691785040949873
HHH_rd4_0613.pdb,R27A,26,-0.1498340382703569,-0.07490617,0.07492786790216233,0.07492786790216233
HHH_rd4_0613.pdb,R27G,26,0.6573383388510625,0.4212204,-0.23611794686230825,0.23611794686230825
HHH_rd4_0613.pdb,R27M,26,0.187759152007447,-0.038312584,-0.22607173616920542,0.22607173616920542
HHH_rd4_0613.pdb,R27L,26,0.3054908197824042,0.010448068,-0.2950427514020484,0.2950427514020484
HHH_rd4_0613.pdb,R27V,26,0.8686433020172664,0.40050733,-0.46813597112279615,0.46813597112279615
HHH_rd4_0613.pdb,R27I,26,0.7469098632725861,0.19243404,-0.5544758205804017,0.5544758205804017
HHH_rd4_0613.pdb,R27W,26,1.0207725698772,0.13249652,-0.8882760490003156,0.8882760490003156
HHH_rd4_0613.pdb,R27Y,26,0.8416768965554553,0.18568519,-0.655991708977254,0.655991708977254
HHH_rd4_0613.pdb,R27F,26,0.7873685312848941,0.23289962,-0.5544689101558582,0.5544689101558582
HHH_rd4_0613.pdb,R27P,26,2.276025843674484,1.3274049,-0.9486209869926601,0.9486209869926601
HHH_rd4_0613.pdb,R27C,26,0.129886683737225,-0.027686477,-0.1575731604446835,0.1575731604446835
HHH_rd4_0613.pdb,D28Q,27,-0.2222530004607255,-0.3653664,-0.143113398827452,0.143113398827452
HHH_rd4_0613.pdb,D28E,27,0.063402654631087,-0.3266184,-0.39002105782742186,0.39002105782742186
HHH_rd4_0613.pdb,D28N,27,0.3034457609518126,-0.06800562,-0.37145138238507064,0.37145138238507064
HHH_rd4_0613.pdb,D28H,27,-0.1857989457562312,-0.4213676,-0.2355686399027959,0.2355686399027959
HHH_rd4_0613.pdb,D28R,27,-0.0253113612814699,-0.23323447,-0.207923103840753,0.207923103840753
HHH_rd4_0613.pdb,D28K,27,0.1715891601573087,-0.21712309,-0.38871225137816445,0.38871225137816445
HHH_rd4_0613.pdb,D28T,27,0.5213666549046931,-0.4515527,-0.9729193439801631,0.9729193439801631
HHH_rd4_0613.pdb,D28S,27,0.0468068034876427,-0.33363205,-0.3804388554323754,0.3804388554323754
HHH_rd4_0613.pdb,D28A,27,-0.3690211102120311,-0.5426504,-0.17362929138022354,0.17362929138022354
HHH_rd4_0613.pdb,D28G,27,0.4852925278963536,0.15885514,-0.3264373876871556,0.3264373876871556
HHH_rd4_0613.pdb,D28M,27,-1.353620615963134,-1.2351078,0.11851283646026545,0.11851283646026545
HHH_rd4_0613.pdb,D28L,27,-1.14522677419814,-1.1913166,-0.046089830416117916,0.046089830416117916
HHH_rd4_0613.pdb,D28V,27,0.3533077756337219,-0.6350619,-0.9883696953229004,0.9883696953229004
HHH_rd4_0613.pdb,D28I,27,-0.3644939733889849,-0.96748126,-0.6029872821423261,0.6029872821423261
HHH_rd4_0613.pdb,D28W,27,-1.5908321858876038,-1.2710422,0.3197899581425476,0.3197899581425476
HHH_rd4_0613.pdb,D28Y,27,-0.3615800667983797,-1.1779087,-0.8163285921829435,0.8163285921829435
HHH_rd4_0613.pdb,D28F,27,-0.3086965270980766,-1.1719793,-0.8632827810302803,0.8632827810302803
HHH_rd4_0613.pdb,D28P,27,1.2499598956596147,0.82039016,-0.4295697308074724,0.4295697308074724
HHH_rd4_0613.pdb,D28C,27,-0.4123327885308279,-1.1620839,-0.7497510756812082,0.7497510756812082
HHH_rd4_0613.pdb,G29Q,28,1.5550631323532549,0.89876163,-0.6563015022949663,0.6563015022949663
HHH_rd4_0613.pdb,G29E,28,1.8035718947964603,1.223339,-0.580232933195203,0.580232933195203
HHH_rd4_0613.pdb,G29N,28,1.2668608680003706,0.6365964,-0.6302644863360944,0.6302644863360944
HHH_rd4_0613.pdb,G29H,28,1.6167012778279934,0.80877316,-0.8079281178472195,0.8079281178472195
HHH_rd4_0613.pdb,G29D,28,1.6217989915739977,1.0148373,-0.6069617265593492,0.6069617265593492
HHH_rd4_0613.pdb,G29R,28,1.6627663295972204,1.1645921,-0.49817418272374625,0.49817418272374625
HHH_rd4_0613.pdb,G29K,28,1.6407344079051367,1.013371,-0.6273634171519629,0.6273634171519629
HHH_rd4_0613.pdb,G29T,28,2.0489505136555564,1.4494962,-0.5994543636387717,0.5994543636387717
HHH_rd4_0613.pdb,G29S,28,1.6787567256506364,1.0353212,-0.6434354899938981,0.6434354899938981
HHH_rd4_0613.pdb,G29A,28,1.6864932136795243,1.1287596,-0.5577335911056718,0.5577335911056718
HHH_rd4_0613.pdb,G29M,28,1.4729274871965248,1.0488088,-0.424118674101432,0.424118674101432
HHH_rd4_0613.pdb,G29L,28,1.4846113686204283,1.1056919,-0.37891945883038924,0.37891945883038924
HHH_rd4_0613.pdb,G29V,28,1.8485072918499077,1.6045282,-0.24397910314446336,0.24397910314446336
HHH_rd4_0613.pdb,G29I,28,1.7683460964348754,1.6604471,-0.10789897576837149,0.10789897576837149
HHH_rd4_0613.pdb,G29W,28,1.7296459776904345,1.0647283,-0.6649177176501513,0.6649177176501513
HHH_rd4_0613.pdb,G29Y,28,1.7715342520532529,1.031762,-0.7397722481546323,0.7397722481546323
HHH_rd4_0613.pdb,G29F,28,1.67325679385246,0.8793374,-0.7939194234567997,0.7939194234567997
HHH_rd4_0613.pdb,G29P,28,2.3370352547511835,1.9039025,-0.43313272408101744,0.43313272408101744
HHH_rd4_0613.pdb,G29C,28,0.5464153737388417,0.4005956,-0.14581976836545918,0.14581976836545918
HHH_rd4_0613.pdb,V30Q,29,1.3248715585537827,1.112396,-0.2124755567379868,0.2124755567379868
HHH_rd4_0613.pdb,V30E,29,1.3991000360806578,1.0731406,-0.32595941489535507,0.32595941489535507
HHH_rd4_0613.pdb,V30N,29,1.2240348648653785,1.2562435,0.032208602465554126,0.032208602465554126
HHH_rd4_0613.pdb,V30H,29,0.1426904685133763,1.0269207,0.884230207718008,0.884230207718008
HHH_rd4_0613.pdb,V30D,29,1.8312011124966256,1.1087031,-0.7224979760525339,0.7224979760525339
HHH_rd4_0613.pdb,V30R,29,1.3636003268611507,1.4699597,0.10635940900921059,0.10635940900921059
HHH_rd4_0613.pdb,V30K,29,1.6255180422896305,1.3852595,-0.2402585332030216,0.2402585332030216
HHH_rd4_0613.pdb,V30T,29,1.3009113728315842,0.58712673,-0.7137846409590256,0.7137846409590256
HHH_rd4_0613.pdb,V30S,29,1.5704974800978853,0.8755212,-0.6949762970839692,0.6949762970839692
HHH_rd4_0613.pdb,V30A,29,0.6801788431346059,0.43521494,-0.24496390640136,0.24496390640136
HHH_rd4_0613.pdb,V30G,29,1.5849868686380788,1.2525175,-0.3324694068613454,0.3324694068613454
HHH_rd4_0613.pdb,V30M,29,0.4576482787743874,0.7545477,0.29689943641268535,0.29689943641268535
HHH_rd4_0613.pdb,V30L,29,-0.2472110061701888,0.62162954,0.8688405423220747,0.8688405423220747
HHH_rd4_0613.pdb,V30I,29,0.2901905252678547,0.16855705,-0.12163347742392161,0.12163347742392161
HHH_rd4_0613.pdb,V30W,29,-0.2051634253888581,0.49790987,0.7030732991128419,0.7030732991128419
HHH_rd4_0613.pdb,V30Y,29,-0.5228696995655007,0.5339859,1.0568556123653359,1.0568556123653359
HHH_rd4_0613.pdb,V30F,29,-0.095957553086392,0.5812556,0.6772131678439298,0.6772131678439298
HHH_rd4_0613.pdb,V30P,29,2.329135883744992,1.3374019,-0.99173401683215,0.99173401683215
HHH_rd4_0613.pdb,D31Q,30,0.7789246144875235,0.3865667,-0.3923579159363455,0.3923579159363455
HHH_rd4_0613.pdb,D31E,30,0.5492753523757723,0.1994628,-0.34981255115773946,0.34981255115773946
HHH_rd4_0613.pdb,D31N,30,0.4410424526458583,0.30398563,-0.1370568271404109,0.1370568271404109
HHH_rd4_0613.pdb,D31H,30,0.8211536521805742,0.46279907,-0.35835457991494923,0.35835457991494923
HHH_rd4_0613.pdb,D31R,30,1.120952029513978,0.60595894,-0.5149930909153453,0.5149930909153453
HHH_rd4_0613.pdb,D31K,30,0.952214055186408,0.4390898,-0.5131242502986364,0.5131242502986364
HHH_rd4_0613.pdb,D31T,30,0.3193005115943887,0.310281,-0.009019503112409344,0.009019503112409344
HHH_rd4_0613.pdb,D31S,30,-0.1042803199386508,0.11773974,0.2220200569724948,0.2220200569724948
HHH_rd4_0613.pdb,D31A,30,0.4464320267618866,0.21512723,-0.23130479707133483,0.23130479707133483
HHH_rd4_0613.pdb,D31G,30,0.4336743731420656,0.433237,-0.000437386743368684,0.000437386743368684
HHH_rd4_0613.pdb,D31M,30,0.8462193950834567,0.6618382,-0.1843812212171847,0.1843812212171847
HHH_rd4_0613.pdb,D31L,30,0.7638987853258514,0.46365273,-0.3002460553377533,0.3002460553377533
HHH_rd4_0613.pdb,D31V,30,1.0825706573636138,0.49991128,-0.582659378877362,0.582659378877362
HHH_rd4_0613.pdb,D31I,30,1.1125873187987976,0.61946887,-0.4931184510200195,0.4931184510200195
HHH_rd4_0613.pdb,D31W,30,1.1091022385454838,0.62761194,-0.48149030340678145,0.48149030340678145
HHH_rd4_0613.pdb,D31Y,30,1.2030424437493736,0.66078794,-0.542254503724044,0.542254503724044
HHH_rd4_0613.pdb,D31F,30,1.1845796097998689,0.76260924,-0.42197036640692454,0.42197036640692454
HHH_rd4_0613.pdb,D31P,30,-0.0073344766379719,-0.09500098,-0.087666505646574,0.087666505646574
HHH_rd4_0613.pdb,D31C,30,0.6778946003560546,0.28340858,-0.3944860181455139,0.3944860181455139
HHH_rd4_0613.pdb,E32Q,31,0.8223987840723175,0.30238116,-0.5200176261972564,0.5200176261972564
HHH_rd4_0613.pdb,E32N,31,1.176996770011514,0.41485006,-0.7621467138400968,0.7621467138400968
HHH_rd4_0613.pdb,E32H,31,0.9928077163092388,0.38144028,-0.6113674344412579,0.6113674344412579
HHH_rd4_0613.pdb,E32D,31,0.7238962223837677,0.24025007,-0.4836461564610306,0.4836461564610306
HHH_rd4_0613.pdb,E32R,31,1.1978718328879083,0.39648288,-0.8013889480040277,0.8013889480040277
HHH_rd4_0613.pdb,E32K,31,1.1872237073929313,0.34580362,-0.84142008896184,0.84142008896184
HHH_rd4_0613.pdb,E32T,31,0.999300448528325,0.39186656,-0.6074338837776536,0.6074338837776536
HHH_rd4_0613.pdb,E32S,31,0.8018676071398616,0.3006983,-0.5011692970030666,0.5011692970030666
HHH_rd4_0613.pdb,E32A,31,0.5998305829381976,0.17291945,-0.4269111307477984,0.4269111307477984
HHH_rd4_0613.pdb,E32G,31,0.9187499484105528,0.46478596,-0.45396398511366254,0.45396398511366254
HHH_rd4_0613.pdb,E32M,31,0.6252880400960907,0.31170988,-0.3135781592672333,0.3135781592672333
HHH_rd4_0613.pdb,E32L,31,0.6392523794655927,0.19823718,-0.4410151987557538,0.4410151987557538
HHH_rd4_0613.pdb,E32V,31,0.7622444776934856,0.27472365,-0.4875208286685222,0.4875208286685222
HHH_rd4_0613.pdb,E32I,31,0.5961622238282793,0.3069682,-0.2891940117005938,0.2891940117005938
HHH_rd4_0613.pdb,E32W,31,0.3304811329267219,0.12268758,-0.20779355472542793,0.20779355472542793
HHH_rd4_0613.pdb,E32Y,31,0.7875432002964202,0.2821387,-0.5054044950428191,0.5054044950428191
HHH_rd4_0613.pdb,E32F,31,0.6275416318206146,0.30904314,-0.31849849260133056,0.31849849260133056
HHH_rd4_0613.pdb,E32P,31,0.2278882093825387,0.07816669,-0.14972151593351832,0.14972151593351832
HHH_rd4_0613.pdb,R33Q,32,0.4166544368963982,0.1804526,-0.2362018367749001,0.2362018367749001
HHH_rd4_0613.pdb,R33E,32,0.4165999130311146,0.24042557,-0.17617434123183634,0.17617434123183634
HHH_rd4_0613.pdb,R33N,32,0.3294192961784064,0.14624287,-0.18317642429787506,0.18317642429787506
HHH_rd4_0613.pdb,R33H,32,0.4236774169270692,0.24143651,-0.1822409056489167,0.1822409056489167
HHH_rd4_0613.pdb,R33D,32,0.3520961659067068,0.33853537,-0.013560797464171381,0.013560797464171381
HHH_rd4_0613.pdb,R33K,32,-0.0102195563479616,0.0021326393,0.012352195636863883,0.012352195636863883
HHH_rd4_0613.pdb,R33T,32,0.3538986707467626,0.30303445,-0.05086421616264092,0.05086421616264092
HHH_rd4_0613.pdb,R33S,32,0.3118677184687661,0.18665624,-0.12521148182020653,0.12521148182020653
HHH_rd4_0613.pdb,R33A,32,0.0522968592523329,0.07770467,0.025407808792711047,0.025407808792711047
HHH_rd4_0613.pdb,R33G,32,0.5753225660904531,0.3263198,-0.24900275236212055,0.24900275236212055
HHH_rd4_0613.pdb,R33M,32,0.4617473212513512,0.20924568,-0.2525016394886559,0.2525016394886559
HHH_rd4_0613.pdb,R33L,32,0.4974758682529114,0.16350132,-0.3339745459834717,0.3339745459834717
HHH_rd4_0613.pdb,R33V,32,0.4221136483427814,0.3484197,-0.07369395225017583,0.07369395225017583
HHH_rd4_0613.pdb,R33I,32,0.5524791243934244,0.27622807,-0.27625105413433015,0.27625105413433015
HHH_rd4_0613.pdb,R33W,32,0.3304694648091342,0.2048295,-0.12563996568365354,0.12563996568365354
HHH_rd4_0613.pdb,R33Y,32,0.5950988759644802,0.28654003,-0.3085588445313747,0.3085588445313747
HHH_rd4_0613.pdb,R33F,32,0.5747374791473865,0.350129,-0.22460847085423463,0.22460847085423463
HHH_rd4_0613.pdb,R33P,32,1.1765801931195838,0.57814676,-0.5984334374242408,0.5984334374242408
HHH_rd4_0613.pdb,R33C,32,0.4094416690385032,0.077866,-0.3315756661212135,0.3315756661212135
HHH_rd4_0613.pdb,E34Q,33,-0.0934842649550402,-0.05657825,0.03690601621579764,0.03690601621579764
HHH_rd4_0613.pdb,E34N,33,0.6430425401212927,0.3067095,-0.33633304195425473,0.33633304195425473
HHH_rd4_0613.pdb,E34H,33,0.2139698933614771,0.003592888,-0.21037700546815796,0.21037700546815796
HHH_rd4_0613.pdb,E34D,33,0.3102054354845212,0.30604804,-0.004157399862878108,0.004157399862878108
HHH_rd4_0613.pdb,E34R,33,-0.3599826406995721,0.32429594,0.6842785787145562,0.6842785787145562
HHH_rd4_0613.pdb,E34K,33,-0.1584898903903235,0.20096873,0.35945861785976774,0.35945861785976774
HHH_rd4_0613.pdb,E34T,33,-0.7638024060555231,-0.19838437,0.5654180316754114,0.5654180316754114
HHH_rd4_0613.pdb,E34S,33,0.1412201883291182,0.1342429,-0.006977281162637183,0.006977281162637183
HHH_rd4_0613.pdb,E34A,33,0.020809159200116,-0.005919853,-0.02672901242546638,0.02672901242546638
HHH_rd4_0613.pdb,E34G,33,1.0931230197775257,0.79040724,-0.3027157793867481,0.3027157793867481
HHH_rd4_0613.pdb,E34M,33,-0.6746937646352249,-0.29797018,0.3767235888921219,0.3767235888921219
HHH_rd4_0613.pdb,E34L,33,-0.923375371673631,-0.40892735,0.5144480204372877,0.5144480204372877
HHH_rd4_0613.pdb,E34V,33,-0.6733659711812212,-0.4093293,0.264036676022835,0.264036676022835
HHH_rd4_0613.pdb,E34I,33,-0.8314327443857703,-0.5475995,0.28383324992852543,0.28383324992852543
HHH_rd4_0613.pdb,E34W,33,-0.3462877356500797,-0.27024022,0.07604751820279881,0.07604751820279881
HHH_rd4_0613.pdb,E34Y,33,-0.1965695865835957,-0.22747536,-0.03090577345230061,0.03090577345230061
HHH_rd4_0613.pdb,E34F,33,-0.1106002234122578,-0.18772317,-0.07712295127894246,0.07712295127894246
HHH_rd4_0613.pdb,E34P,33,2.0287441422741144,1.4695611,-0.5591830422680109,0.5591830422680109
HHH_rd4_0613.pdb,E34C,33,-0.2813134244985953,-0.45951816,-0.1782047398976907,0.1782047398976907
HHH_rd4_0613.pdb,V35Q,34,2.0552812696430665,1.6191239,-0.43615733394360356,0.43615733394360356
HHH_rd4_0613.pdb,V35E,34,2.0837500502214565,1.7153991,-0.36835090414143945,0.36835090414143945
HHH_rd4_0613.pdb,V35N,34,1.9721691122628715,2.0884957,0.11632661909088826,0.11632661909088826
HHH_rd4_0613.pdb,V35H,34,2.217202431906549,1.7007749,-0.5164275238407532,0.5164275238407532
HHH_rd4_0613.pdb,V35D,34,2.073329286513838,2.1903481,0.11701886183210908,0.11701886183210908
HHH_rd4_0613.pdb,V35R,34,1.5907322469766816,1.806893,0.21616074408929742,0.21616074408929742
HHH_rd4_0613.pdb,V35K,34,2.1330537139492374,1.8023069,-0.3307468234615665,0.3307468234615665
HHH_rd4_0613.pdb,V35T,34,1.214333993173548,1.0976326,-0.11670134661287901,0.11670134661287901
HHH_rd4_0613.pdb,V35S,34,1.5684320991550789,1.6983624,0.12993025130878832,0.12993025130878832
HHH_rd4_0613.pdb,V35A,34,0.241101541151371,1.3946621,1.1535606006485557,1.1535606006485557
HHH_rd4_0613.pdb,V35G,34,1.8091748231239644,2.112551,0.30337615076824753,0.30337615076824753
HHH_rd4_0613.pdb,V35M,34,0.9055252154271916,0.84856296,-0.05696225957086831,0.05696225957086831
HHH_rd4_0613.pdb,V35L,34,-0.2096307954691898,0.5343758,0.7440065822505009,0.7440065822505009
HHH_rd4_0613.pdb,V35I,34,-0.8232695416277735,-0.08229041,0.7409791306322902,0.7409791306322902
HHH_rd4_0613.pdb,V35W,34,0.6239406501223597,1.1191332,0.4951925839016882,0.4951925839016882
HHH_rd4_0613.pdb,V35Y,34,0.8363734358089945,1.111973,0.27559961144747525,0.27559961144747525
HHH_rd4_0613.pdb,V35F,34,0.7225562980267863,1.0519587,0.32940238212610673,0.32940238212610673
HHH_rd4_0613.pdb,V35P,34,2.584991015560329,2.2500484,-0.33494261658877145,0.33494261658877145
HHH_rd4_0613.pdb,V35C,34,1.1522079070012858,0.80299443,-0.3492134769361308,0.3492134769361308
HHH_rd4_0613.pdb,Q36E,35,0.4099030644873556,0.12520695,-0.2846961171606954,0.2846961171606954
HHH_rd4_0613.pdb,Q36N,35,0.6929266245997359,0.27470186,-0.4182247610724379,0.4182247610724379
HHH_rd4_0613.pdb,Q36H,35,0.1580814433953574,0.20605713,0.04797568789507839,0.04797568789507839
HHH_rd4_0613.pdb,Q36D,35,0.8435435016063446,0.34625673,-0.4972867686656708,0.4972867686656708
HHH_rd4_0613.pdb,Q36R,35,0.1957511640747067,-0.03365308,-0.22940424453811611,0.22940424453811611
HHH_rd4_0613.pdb,Q36K,35,0.316127030683905,-0.0037347972,-0.3198618279232086,0.3198618279232086
HHH_rd4_0613.pdb,Q36T,35,0.7141910780759071,0.29778293,-0.41640815032436596,0.41640815032436596
HHH_rd4_0613.pdb,Q36S,35,0.7992651028427342,0.25613552,-0.5431295795234898,0.5431295795234898
HHH_rd4_0613.pdb,Q36A,35,0.4305019810594719,0.035324097,-0.3951778843797844,0.3951778843797844
HHH_rd4_0613.pdb,Q36G,35,0.9045964419212632,0.52001226,-0.3845841824379258,0.3845841824379258
HHH_rd4_0613.pdb,Q36M,35,0.4465719578005709,0.022035807,-0.4245361504294314,0.4245361504294314
HHH_rd4_0613.pdb,Q36L,35,0.5044219098454594,0.050265074,-0.4541568360692143,0.4541568360692143
HHH_rd4_0613.pdb,Q36V,35,0.5608303375895085,0.2543998,-0.3064305313284459,0.3064305313284459
HHH_rd4_0613.pdb,Q36I,35,0.3550236716866679,0.045186624,-0.3098370477557368,0.3098370477557368
HHH_rd4_0613.pdb,Q36W,35,0.7146201083220172,0.16049168,-0.5541284331835437,0.5541284331835437
HHH_rd4_0613.pdb,Q36Y,35,0.7120121011128142,0.16309422,-0.5489178785671904,0.5489178785671904
HHH_rd4_0613.pdb,Q36F,35,0.8951004693723801,0.21723449,-0.6778659770704392,0.6778659770704392
HHH_rd4_0613.pdb,Q36P,35,1.6678769173674273,1.3197429,-0.3481339993529009,0.3481339993529009
HHH_rd4_0613.pdb,E37Q,36,0.4938292343109203,0.07543018,-0.41839905715876347,0.41839905715876347
HHH_rd4_0613.pdb,E37N,36,0.3671818425887156,0.26340348,-0.1037783673041392,0.1037783673041392
HHH_rd4_0613.pdb,E37H,36,0.5822620281519406,0.1198373,-0.46242472916264465,0.46242472916264465
HHH_rd4_0613.pdb,E37D,36,0.4127795112872436,0.39681345,-0.015966059043438674,0.015966059043438674
HHH_rd4_0613.pdb,E37R,36,-0.4887097554054747,-0.22052613,0.2681836263981352,0.2681836263981352
HHH_rd4_0613.pdb,E37K,36,0.5057754042090901,-0.022517093,-0.5282924967350491,0.5282924967350491
HHH_rd4_0613.pdb,E37T,36,0.8409094212258061,0.15661742,-0.6842920032942494,0.6842920032942494
HHH_rd4_0613.pdb,E37S,36,0.5944556935696723,0.15205245,-0.44240324636985084,0.44240324636985084
HHH_rd4_0613.pdb,E37A,36,0.2506321592711291,-0.05102028,-0.3016524387978396,0.3016524387978396
HHH_rd4_0613.pdb,E37G,36,0.9426849794702612,0.56781054,-0.374874444039353,0.374874444039353
HHH_rd4_0613.pdb,E37M,36,0.4968582354671644,-0.14340281,-0.6402610503322768,0.6402610503322768
HHH_rd4_0613.pdb,E37L,36,0.505687778130671,-0.14245136,-0.6481391389523949,0.6481391389523949
HHH_rd4_0613.pdb,E37V,36,0.787663470959721,0.042770557,-0.7448929138541798,0.7448929138541798
HHH_rd4_0613.pdb,E37I,36,0.4811942642711222,-0.15431091,-0.6355051761649668,0.6355051761649668
HHH_rd4_0613.pdb,E37W,36,0.4997522766783255,-0.17206554,-0.6718178178265113,0.6718178178265113
HHH_rd4_0613.pdb,E37Y,36,0.5295435069750933,-0.19299269,-0.7225361942004351,0.7225361942004351
HHH_rd4_0613.pdb,E37F,36,0.6288137578790116,-0.110490754,-0.7393045121257233,0.7393045121257233
HHH_rd4_0613.pdb,E37P,36,2.1362013501144683,1.3417784,-0.7944229525543487,0.7944229525543487
HHH_rd4_0613.pdb,E37C,36,0.4701772024292059,-0.1234639,-0.5936411013263769,0.5936411013263769
HHH_rd4_0613.pdb,L38Q,37,1.2635172724871298,1.9498515,0.6863342404218058,0.6863342404218058
HHH_rd4_0613.pdb,L38E,37,1.935518649132228,1.8764582,-0.059060481102442886,0.059060481102442886
HHH_rd4_0613.pdb,L38N,37,1.9491020939181576,2.332798,0.38369591023223304,0.38369591023223304
HHH_rd4_0613.pdb,L38H,37,1.4267566467929582,2.035203,0.6084463332485457,0.6084463332485457
HHH_rd4_0613.pdb,L38D,37,1.9100811977758003,2.0289292,0.11884803577522507,0.11884803577522507
HHH_rd4_0613.pdb,L38R,37,1.8234792624426728,2.2432318,0.41975251093379207,0.41975251093379207
HHH_rd4_0613.pdb,L38K,37,1.8989737952612775,2.2347174,0.3357435738183123,0.3357435738183123
HHH_rd4_0613.pdb,L38T,37,1.1325260739250729,1.8561194,0.7235933203772953,0.7235933203772953
HHH_rd4_0613.pdb,L38S,37,1.6006131494399902,2.031006,0.4303929483535889,0.4303929483535889
HHH_rd4_0613.pdb,L38A,37,0.604970984672258,1.7225728,1.1176018188250565,1.1176018188250565
HHH_rd4_0613.pdb,L38G,37,2.000846290374684,2.1973705,0.1965242388001207,0.1965242388001207
HHH_rd4_0613.pdb,L38M,37,0.394918442310717,0.90052813,0.5056096906047798,0.5056096906047798
HHH_rd4_0613.pdb,L38V,37,0.3319534763094971,1.333461,1.001507569909375,1.001507569909375
HHH_rd4_0613.pdb,L38I,37,0.055631357602476,0.6406963,0.5850649295526754,0.5850649295526754
HHH_rd4_0613.pdb,L38W,37,0.1872837291514555,1.5141788,1.3268950237477144,1.3268950237477144
HHH_rd4_0613.pdb,L38Y,37,0.958456941544747,1.5324683,0.574011377394462,0.574011377394462
HHH_rd4_0613.pdb,L38F,37,0.9671011728262268,1.419752,0.4526508289361634,0.4526508289361634
HHH_rd4_0613.pdb,L38P,37,2.229005722422344,2.4223373,0.19333157120253386,0.19333157120253386
HHH_rd4_0613.pdb,L38C,37,0.8906631526613735,1.4229512,0.5322880688046909,0.5322880688046909
HHH_rd4_0613.pdb,V39Q,38,1.4551963124315463,1.1891406,-0.2660557541887485,0.2660557541887485
HHH_rd4_0613.pdb,V39E,38,1.958216755762302,1.2260817,-0.7321350268270603,0.7321350268270603
HHH_rd4_0613.pdb,V39N,38,1.6872678516733832,1.6194379,-0.06782991870524357,0.06782991870524357
HHH_rd4_0613.pdb,V39H,38,1.7202974973973588,1.2017156,-0.5185819088277177,0.5185819088277177
HHH_rd4_0613.pdb,V39D,38,1.919286862294459,1.597751,-0.3215358409092661,0.3215358409092661
HHH_rd4_0613.pdb,V39R,38,1.4296983277971045,1.5228548,0.0931564771955713,0.0931564771955713
HHH_rd4_0613.pdb,V39K,38,1.3846174798078836,1.4681587,0.08354124211594449,0.08354124211594449
HHH_rd4_0613.pdb,V39T,38,1.1984838474510295,0.5467639,-0.6517199505088909,0.6517199505088909
HHH_rd4_0613.pdb,V39S,38,1.5686308470691137,1.2323258,-0.33630505475649164,0.33630505475649164
HHH_rd4_0613.pdb,V39A,38,1.3762362090972255,1.083071,-0.29316521567376363,0.29316521567376363
HHH_rd4_0613.pdb,V39G,38,1.7680750681962256,1.5967818,-0.1712932183350806,0.1712932183350806
HHH_rd4_0613.pdb,V39M,38,-0.5488242227313096,0.63931495,1.1881391722437913,1.1881391722437913
HHH_rd4_0613.pdb,V39L,38,-0.696320495391622,0.47720298,1.173523477102056,1.173523477102056
HHH_rd4_0613.pdb,V39I,38,-0.5938994377907272,0.18486696,0.7787664026077743,0.7787664026077743
HHH_rd4_0613.pdb,V39W,38,0.9903759532873372,0.5479885,-0.4423874789182881,0.4423874789182881
HHH_rd4_0613.pdb,V39Y,38,1.13499131125455,0.6244421,-0.5105492107296477,0.5105492107296477
HHH_rd4_0613.pdb,V39F,38,0.6028410388459007,0.6805786,0.07773755059349141,0.07773755059349141
HHH_rd4_0613.pdb,V39P,38,1.9376024234871547,1.7313094,-0.20629300957724261,0.20629300957724261
HHH_rd4_0613.pdb,V39C,38,0.2518066071094611,0.355417,0.10361040605887384,0.10361040605887384
HHH_rd4_0613.pdb,K40Q,39,0.3123107612079514,0.14933735,-0.16297340988577735,0.16297340988577735
HHH_rd4_0613.pdb,K40E,39,0.3772141985026311,0.28534046,-0.09187374034795276,0.09187374034795276
HHH_rd4_0613.pdb,K40N,39,0.2665170563993442,0.36070853,0.09419147831821562,0.09419147831821562
HHH_rd4_0613.pdb,K40H,39,0.358659919245353,0.32711193,-0.031547989590277936,0.031547989590277936
HHH_rd4_0613.pdb,K40D,39,0.5267573697455488,0.4923082,-0.0344491703398786,0.0344491703398786
HHH_rd4_0613.pdb,K40R,39,0.2304624255068419,0.0022127032,-0.22824972227884507,0.22824972227884507
HHH_rd4_0613.pdb,K40T,39,0.4721561998189889,0.36692506,-0.10523113906993492,0.10523113906993492
HHH_rd4_0613.pdb,K40S,39,0.2702977413786398,0.26364768,-0.006650065864418631,0.006650065864418631
HHH_rd4_0613.pdb,K40A,39,0.0811017836884726,0.014086276,-0.06701550739567169,0.06701550739567169
HHH_rd4_0613.pdb,K40G,39,0.3823728563648321,0.5298648,0.14749193169058783,0.14749193169058783
HHH_rd4_0613.pdb,K40M,39,0.5929279470553368,0.10895491,-0.48397304059171375,0.48397304059171375
HHH_rd4_0613.pdb,K40L,39,0.593809200763429,0.2094267,-0.38438249969455085,0.38438249969455085
HHH_rd4_0613.pdb,K40V,39,0.8378129441739004,0.48197252,-0.35584042859086207,0.35584042859086207
HHH_rd4_0613.pdb,K40I,39,0.7802786537891502,0.31728625,-0.4629924008136863,0.4629924008136863
HHH_rd4_0613.pdb,K40W,39,0.1666459804008941,0.29897124,0.13232525535121162,0.13232525535121162
HHH_rd4_0613.pdb,K40Y,39,0.3052053776126942,0.32466438,0.019459006513969035,0.019459006513969035
HHH_rd4_0613.pdb,K40F,39,0.520210912830728,0.3553292,-0.16488172710646953,0.16488172710646953
HHH_rd4_0613.pdb,K40P,39,1.4209119137748782,1.5110545,0.0901426020637448,0.0901426020637448
HHH_rd4_0613.pdb,K40C,39,0.4701743820529387,0.08054677,-0.3896276155333922,0.3896276155333922
HHH_rd4_0613.pdb,K41Q,40,0.5055870410612102,0.24430797,-0.2612790760210033,0.2612790760210033
HHH_rd4_0613.pdb,K41E,40,0.9594913257231364,0.47005254,-0.48943878542085983,0.48943878542085983
HHH_rd4_0613.pdb,K41N,40,0.5589396213889324,0.4173041,-0.14163552278282276,0.14163552278282276
HHH_rd4_0613.pdb,K41H,40,0.5731717435905839,0.33602354,-0.2371482042858506,0.2371482042858506
HHH_rd4_0613.pdb,K41D,40,1.0935496189294482,0.7425331,-0.3510165311990405,0.3510165311990405
HHH_rd4_0613.pdb,K41R,40,0.2653660460136491,-0.07525262,-0.34061866837960064,0.34061866837960064
HHH_rd4_0613.pdb,K41T,40,0.7007587173224024,0.2999355,-0.40082322742944276,0.40082322742944276
HHH_rd4_0613.pdb,K41S,40,0.4808342005610582,0.3921908,-0.08864338654280868,0.08864338654280868
HHH_rd4_0613.pdb,K41A,40,0.4727850014157528,0.24968247,-0.2231025302596325,0.2231025302596325
HHH_rd4_0613.pdb,K41G,40,0.524421653144159,0.76118463,0.23676297963400872,0.23676297963400872
HHH_rd4_0613.pdb,K41M,40,-0.0787810237357362,0.11878069,0.1975617111870988,0.1975617111870988
HHH_rd4_0613.pdb,K41L,40,-0.2881552127593285,0.04565686,0.3338120726340538,0.3338120726340538
HHH_rd4_0613.pdb,K41V,40,0.7169984675364713,0.2329578,-0.4840406722741346,0.4840406722741346
HHH_rd4_0613.pdb,K41I,40,0.2420905333097294,0.018038362,-0.22405217104509623,0.22405217104509623
HHH_rd4_0613.pdb,K41W,40,0.2756024848714771,0.22077346,-0.05482902639064213,0.05482902639064213
HHH_rd4_0613.pdb,K41Y,40,0.7588524542736268,0.22744136,-0.5314110986875749,0.5314110986875749
HHH_rd4_0613.pdb,K41F,40,0.7057403911314857,0.25420773,-0.45153266083821175,0.45153266083821175
HHH_rd4_0613.pdb,K41P,40,1.0239919778275222,1.3302987,0.3063066843581468,0.3063066843581468
HHH_rd4_0613.pdb,V42Q,41,1.0820530562863806,1.4352334,0.35318029828210085,0.35318029828210085
HHH_rd4_0613.pdb,V42E,41,1.1861842290719062,1.3720415,0.18585723478002247,0.18585723478002247
HHH_rd4_0613.pdb,V42N,41,0.9372525248829288,1.6644324,0.7271798815425473,0.7271798815425473
HHH_rd4_0613.pdb,V42H,41,0.9934458451978514,1.337998,0.34455218737203386,0.34455218737203386
HHH_rd4_0613.pdb,V42D,41,1.2688714195986526,1.6582946,0.3894231389264329,0.3894231389264329
HHH_rd4_0613.pdb,V42R,41,1.2799205713351656,1.6431336,0.36321306895414107,0.36321306895414107
HHH_rd4_0613.pdb,V42K,41,1.3830885717236816,1.6676166,0.2845280340349854,0.2845280340349854
HHH_rd4_0613.pdb,V42T,41,0.695797252806688,0.8423929,0.14659566864106588,0.14659566864106588
HHH_rd4_0613.pdb,V42S,41,0.9081479247904872,1.1204916,0.21234369908799178,0.21234369908799178
HHH_rd4_0613.pdb,V42A,41,0.4866587086393055,0.6429217,0.15626297753317986,0.15626297753317986
HHH_rd4_0613.pdb,V42G,41,0.893476240668428,1.5097084,0.6162321638725876,0.6162321638725876
HHH_rd4_0613.pdb,V42M,41,0.0360078974707009,0.77316004,0.7371521429078697,0.7371521429078697
HHH_rd4_0613.pdb,V42L,41,-0.2148613260211087,0.52721894,0.7420802638949491,0.7420802638949491
HHH_rd4_0613.pdb,V42I,41,-0.279589320039062,-0.06512076,0.21446856341293286,0.21446856341293286
HHH_rd4_0613.pdb,V42W,41,0.4100784947521578,0.77130616,0.3612276623599638,0.3612276623599638
HHH_rd4_0613.pdb,V42Y,41,0.2893430717741323,0.7368362,0.4474931232179331,0.4474931232179331
HHH_rd4_0613.pdb,V42F,41,0.2876123887419282,0.71721965,0.42960726200346366,0.42960726200346366
HHH_rd4_0613.pdb,V42P,41,1.167630698110853,1.59617,0.4285392504670278,0.4285392504670278
HHH_rd4_0613.pdb,V42C,41,0.4216403119739782,0.5306566,0.10901626418263799,0.10901626418263799
HHH_rd4_0613.pdb,S43Q,42,0.1037990463794651,0.17029603,0.06649698187695122,0.06649698187695122
HHH_rd4_0613.pdb,S43E,42,0.4888034051083454,0.2689476,-0.21985580378998604,0.21985580378998604
HHH_rd4_0613.pdb,S43N,42,0.3173295270616851,0.3459216,0.028592078763739093,0.028592078763739093
HHH_rd4_0613.pdb,S43H,42,0.3632258808777862,0.31955653,-0.04366934658747246,0.04366934658747246
HHH_rd4_0613.pdb,S43D,42,0.6983852057010276,0.4843408,-0.21404441876712865,0.21404441876712865
HHH_rd4_0613.pdb,S43R,42,-0.1623947606571443,0.111296535,0.27369129519541335,0.27369129519541335
HHH_rd4_0613.pdb,S43K,42,0.0759875359246256,0.054975793,-0.021011743159008223,0.021011743159008223
HHH_rd4_0613.pdb,S43T,42,0.0028579199385858,0.24538192,0.2425240015911841,0.2425240015911841
HHH_rd4_0613.pdb,S43A,42,0.1700748889203722,-0.16587758,-0.3359524695630724,0.3359524695630724
HHH_rd4_0613.pdb,S43G,42,0.5081540566889755,0.36230856,-0.1458454948870651,0.1458454948870651
HHH_rd4_0613.pdb,S43M,42,-0.4492079631359527,0.05585006,0.5050580219299743,0.5050580219299743
HHH_rd4_0613.pdb,S43L,42,-0.665506786712931,0.20602688,0.8715336686461432,0.8715336686461432
HHH_rd4_0613.pdb,S43V,42,-0.1009559301748108,0.34559906,0.44655498546503297,0.44655498546503297
HHH_rd4_0613.pdb,S43I,42,-0.4789526766921232,0.2564639,0.7354165619994353,0.7354165619994353
HHH_rd4_0613.pdb,S43W,42,-0.4612508819529561,0.2594586,0.7207094834277181,0.7207094834277181
HHH_rd4_0613.pdb,S43Y,42,-0.3998121762641933,0.30375916,0.7035713339218166,0.7035713339218166
HHH_rd4_0613.pdb,S43F,42,-1.2640452230723689,0.34789866,1.6119438851626704,1.6119438851626704
HHH_rd4_0613.pdb,S43P,42,0.8918946814365523,0.9304328,0.03853811504171922,0.03853811504171922
HHH_rd4_0613.pdb,S43C,42,-0.2494450551702103,-0.029403836,0.22004121963516085,0.22004121963516085
r10_572_TrROS_Hall.pdb,M1Q,0,0.3289054992506348,0.40791512,0.07900961610581053,0.07900961610581053
r10_572_TrROS_Hall.pdb,M1E,0,1.2659634802426876,0.60744375,-0.658519730338055,0.658519730338055
r10_572_TrROS_Hall.pdb,M1N,0,0.4166209997189569,0.48101595,0.06439495072240359,0.06439495072240359
r10_572_TrROS_Hall.pdb,M1H,0,-0.0007981077623524,0.402888,0.4036861077737965,0.4036861077737965
r10_572_TrROS_Hall.pdb,M1D,0,1.5083978659576442,0.72481495,-0.7835829145378139,0.7835829145378139
r10_572_TrROS_Hall.pdb,M1R,0,-0.6300864636052603,0.1494732,0.7795596688140387,0.7795596688140387
r10_572_TrROS_Hall.pdb,M1K,0,-0.8134451685085176,0.1365629,0.9500080672635911,0.9500080672635911
r10_572_TrROS_Hall.pdb,M1T,0,-0.115126740593078,0.30501282,0.42013956274426206,0.42013956274426206
r10_572_TrROS_Hall.pdb,M1S,0,0.1689075763392815,0.32170692,0.15279934452291638,0.15279934452291638
r10_572_TrROS_Hall.pdb,M1A,0,0.1649570094226544,0.12058764,-0.04436936991202284,0.04436936991202284
r10_572_TrROS_Hall.pdb,M1G,0,0.3974198702551104,0.4115969,0.014177024009110806,0.014177024009110806
r10_572_TrROS_Hall.pdb,M1L,0,-0.3085544465633756,0.09490535,0.4034597931953794,0.4034597931953794
r10_572_TrROS_Hall.pdb,M1V,0,-0.2530892423641298,0.1772894,0.4303786388885591,0.4303786388885591
r10_572_TrROS_Hall.pdb,M1I,0,-0.1833817018758692,0.035103634,0.21848533587569371,0.21848533587569371
r10_572_TrROS_Hall.pdb,M1W,0,-0.4050147054949518,0.023602739,0.42861744447143035,0.42861744447143035
r10_572_TrROS_Hall.pdb,M1Y,0,-0.2367254867915935,0.112434715,0.349160201824171,0.349160201824171
r10_572_TrROS_Hall.pdb,M1F,0,-0.1433909602189134,0.049818575,0.19320953560114607,0.19320953560114607
r10_572_TrROS_Hall.pdb,M1P,0,0.3694416878181372,0.28331527,-0.08612641667899229,0.08612641667899229
r10_572_TrROS_Hall.pdb,M1C,0,-0.0734064818297182,0.0035325289,0.07693901070697651,0.07693901070697651
r10_572_TrROS_Hall.pdb,L2Q,1,0.3074120975121182,0.2902453,-0.017166802941195325,0.017166802941195325
r10_572_TrROS_Hall.pdb,L2E,1,1.5331937967350704,0.7050873,-0.828106492619775,0.828106492619775
r10_572_TrROS_Hall.pdb,L2N,1,0.5306204426244339,0.7813914,0.25077093959297336,0.25077093959297336
r10_572_TrROS_Hall.pdb,L2H,1,0.0684532820339338,0.5151477,0.44669440397070487,0.44669440397070487
r10_572_TrROS_Hall.pdb,L2D,1,1.827987413067307,1.1009806,-0.7270067736096044,0.7270067736096044
r10_572_TrROS_Hall.pdb,L2R,1,-0.5176207510316848,0.26733935,0.7849600998247146,0.7849600998247146
r10_572_TrROS_Hall.pdb,L2K,1,-0.4304783658982001,0.21470712,0.6451854871512137,0.6451854871512137
r10_572_TrROS_Hall.pdb,L2T,1,0.2963740423154148,0.23302627,-0.06334777621739235,0.06334777621739235
r10_572_TrROS_Hall.pdb,L2S,1,0.1066566309647214,0.68322694,0.5765703120513308,0.5765703120513308
r10_572_TrROS_Hall.pdb,L2A,1,0.4400120528372007,0.5333077,0.09329561870973535,0.09329561870973535
r10_572_TrROS_Hall.pdb,L2G,1,0.7003588788750523,1.0856806,0.38532172510596574,0.38532172510596574
r10_572_TrROS_Hall.pdb,L2M,1,-0.0867716319346691,0.1331884,0.21996002862694508,0.21996002862694508
r10_572_TrROS_Hall.pdb,L2V,1,0.2564684661090677,-0.048429072,-0.30489753801229647,0.30489753801229647
r10_572_TrROS_Hall.pdb,L2I,1,-0.0224984529494705,-0.27762118,-0.25512272686963655,0.25512272686963655
r10_572_TrROS_Hall.pdb,L2W,1,-0.5058737918150005,0.14004888,0.6459226682197627,0.6459226682197627
r10_572_TrROS_Hall.pdb,L2Y,1,-0.5012816126468538,0.177046,0.6783276136043428,0.6783276136043428
r10_572_TrROS_Hall.pdb,L2F,1,-0.4171658442833976,0.1422754,0.5594412372925834,0.5594412372925834
r10_572_TrROS_Hall.pdb,L2P,1,1.612227037134864,1.1667916,-0.4454354788691779,0.4454354788691779
r10_572_TrROS_Hall.pdb,L2C,1,0.2271782723866637,0.018329352,-0.20884892024623705,0.20884892024623705
r10_572_TrROS_Hall.pdb,Y3Q,2,0.7688492807072054,1.265909,0.4970596758205046,0.4970596758205046
r10_572_TrROS_Hall.pdb,Y3E,2,1.6541619292710978,1.7283194,0.07415747723830157,0.07415747723830157
r10_572_TrROS_Hall.pdb,Y3N,2,0.9401081949397614,1.7253189,0.7852107137516449,0.7852107137516449
r10_572_TrROS_Hall.pdb,Y3H,2,0.4582302009358536,0.898307,0.4400768244967331,0.4400768244967331
r10_572_TrROS_Hall.pdb,Y3D,2,2.4793854926416032,2.2244582,-0.25492727502075363,0.25492727502075363
r10_572_TrROS_Hall.pdb,Y3R,2,-0.3506186904162627,1.0968533,1.4474719466418486,1.4474719466418486
r10_572_TrROS_Hall.pdb,Y3K,2,0.0162938386659146,1.0799321,1.0636382549543857,1.0636382549543857
r10_572_TrROS_Hall.pdb,Y3T,2,0.4711081293870092,1.0059266,0.5348184796522975,0.5348184796522975
r10_572_TrROS_Hall.pdb,Y3S,2,0.7673204121177699,1.4357457,0.6684253039772008,0.6684253039772008
r10_572_TrROS_Hall.pdb,Y3A,2,0.7358349946534277,1.1566573,0.4208223434889673,0.4208223434889673
r10_572_TrROS_Hall.pdb,Y3G,2,1.279376881751524,1.9836277,0.7042507952122821,0.7042507952122821
r10_572_TrROS_Hall.pdb,Y3M,2,0.136214058379462,0.38330448,0.24709041835851409,0.24709041835851409
r10_572_TrROS_Hall.pdb,Y3L,2,-0.0286334946100503,0.3307594,0.35939290069983304,0.35939290069983304
r10_572_TrROS_Hall.pdb,Y3V,2,0.1584036051282464,0.40412715,0.2457235456457557,0.2457235456457557
r10_572_TrROS_Hall.pdb,Y3I,2,0.0032817997559457,0.16373885,0.16045704702292393,0.16045704702292393
r10_572_TrROS_Hall.pdb,Y3W,2,-0.3056867241909464,0.14404881,0.4497355341961344,0.4497355341961344
r10_572_TrROS_Hall.pdb,Y3F,2,0.0861281963866091,0.119333506,0.03320530924388407,0.03320530924388407
r10_572_TrROS_Hall.pdb,Y3P,2,2.263819780862983,2.3607872,0.09696737238103559,0.09696737238103559
r10_572_TrROS_Hall.pdb,Y3C,2,0.1290567361894004,0.26867682,0.13962008122774439,0.13962008122774439
r10_572_TrROS_Hall.pdb,V4Q,3,2.976440034652476,1.9122083,-1.064231715942149,1.064231715942149
r10_572_TrROS_Hall.pdb,V4E,3,2.5394429341182096,2.143501,-0.3959418907985075,0.3959418907985075
r10_572_TrROS_Hall.pdb,V4N,3,2.9013451916444963,2.262073,-0.6392721516359514,0.6392721516359514
r10_572_TrROS_Hall.pdb,V4H,3,2.4988083140727317,1.5314193,-0.9673890368815696,0.9673890368815696
r10_572_TrROS_Hall.pdb,V4D,3,1.9274376476966375,2.115764,0.18832625496754707,0.18832625496754707
r10_572_TrROS_Hall.pdb,V4R,3,2.173655217102433,2.0665345,-0.1071206979068764,0.1071206979068764
r10_572_TrROS_Hall.pdb,V4K,3,2.6962550325679304,1.9951847,-0.7010703726100447,0.7010703726100447
r10_572_TrROS_Hall.pdb,V4T,3,1.8734199266628655,1.3289022,-0.5445176820949944,0.5445176820949944
r10_572_TrROS_Hall.pdb,V4S,3,2.4303997461667164,1.6990676,-0.7313321535458668,0.7313321535458668
r10_572_TrROS_Hall.pdb,V4A,3,0.6565668487849079,0.57694787,-0.07961898091457709,0.07961898091457709
r10_572_TrROS_Hall.pdb,V4G,3,2.2578175950007253,1.7481372,-0.5096803593592458,0.5096803593592458
r10_572_TrROS_Hall.pdb,V4M,3,0.9728067137773456,0.8319324,-0.14087428827838322,0.14087428827838322
r10_572_TrROS_Hall.pdb,V4L,3,0.7594824935509061,0.5222784,-0.23720406547320838,0.23720406547320838
r10_572_TrROS_Hall.pdb,V4I,3,0.2347461457654356,-0.08864045,-0.32338659719671004,0.32338659719671004
r10_572_TrROS_Hall.pdb,V4W,3,0.3211441061944917,0.6270272,0.3058831073789641,0.3058831073789641
r10_572_TrROS_Hall.pdb,V4Y,3,0.2431747449461667,0.4393192,0.196144448417023,0.196144448417023
r10_572_TrROS_Hall.pdb,V4F,3,0.3539952711879417,0.35699075,0.0029954834163978816,0.0029954834163978816
r10_572_TrROS_Hall.pdb,V4P,3,2.638660734118279,2.0200443,-0.6186164073360523,0.6186164073360523
r10_572_TrROS_Hall.pdb,V4C,3,0.6675416877273026,0.43095863,-0.23658305907282262,0.23658305907282262
r10_572_TrROS_Hall.pdb,K5Q,4,1.050146005913609,0.6529136,-0.3972324355095562,0.3972324355095562
r10_572_TrROS_Hall.pdb,K5E,4,1.662945727588964,1.2336712,-0.4292745392344719,0.4292745392344719
r10_572_TrROS_Hall.pdb,K5N,4,1.2886509068463134,0.80096793,-0.4876829750988769,0.4876829750988769
r10_572_TrROS_Hall.pdb,K5H,4,0.3611421024001338,0.40383276,0.04269066103332264,0.04269066103332264
r10_572_TrROS_Hall.pdb,K5D,4,2.192223768840683,1.6000195,-0.5922043138846282,0.5922043138846282
r10_572_TrROS_Hall.pdb,K5R,4,0.1134735624432918,-0.16620415,-0.2796777169347164,0.2796777169347164
r10_572_TrROS_Hall.pdb,K5T,4,0.6024119983124767,0.30916303,-0.29324896435022696,0.29324896435022696
r10_572_TrROS_Hall.pdb,K5S,4,0.8954485433695938,0.67582214,-0.21962640458327787,0.21962640458327787
r10_572_TrROS_Hall.pdb,K5A,4,1.1742684133281032,0.536134,-0.6381344087352077,0.6381344087352077
r10_572_TrROS_Hall.pdb,K5G,4,1.261804366056601,1.3034542,0.04164979463370666,0.04164979463370666
r10_572_TrROS_Hall.pdb,K5M,4,0.6348226909132575,0.23617317,-0.3986495230885123,0.3986495230885123
r10_572_TrROS_Hall.pdb,K5L,4,0.3384814520660564,0.17595115,-0.16253029902612415,0.16253029902612415
r10_572_TrROS_Hall.pdb,K5V,4,0.0518365703483394,-0.0066458285,-0.05848239883382829,0.05848239883382829
r10_572_TrROS_Hall.pdb,K5I,4,0.0815701727614923,-0.21019465,-0.2917648200736566,0.2917648200736566
r10_572_TrROS_Hall.pdb,K5W,4,-0.3519950029173118,0.0737775,0.42577249973203957,0.42577249973203957
r10_572_TrROS_Hall.pdb,K5Y,4,-0.1155552224077078,0.005858779,0.12141400136126004,0.12141400136126004
r10_572_TrROS_Hall.pdb,K5F,4,0.1424781261603023,0.027279913,-0.11519821273485675,0.11519821273485675
r10_572_TrROS_Hall.pdb,K5P,4,2.021870823697849,1.6827555,-0.33911535342196997,0.33911535342196997
r10_572_TrROS_Hall.pdb,K5C,4,0.2700991758882685,0.086153656,-0.18394551964399053,0.18394551964399053
r10_572_TrROS_Hall.pdb,V6Q,5,2.539809362521421,2.1574836,-0.3823257847931494,0.3823257847931494
r10_572_TrROS_Hall.pdb,V6E,5,2.723897984409449,2.1466937,-0.5772042778969979,0.5772042778969979
r10_572_TrROS_Hall.pdb,V6N,5,2.653674345295186,2.035578,-0.6180963328287552,0.6180963328287552
r10_572_TrROS_Hall.pdb,V6H,5,1.9909336313075672,1.6962864,-0.2946471914119373,0.2946471914119373
r10_572_TrROS_Hall.pdb,V6D,5,2.591151755003509,2.158023,-0.4331286360307307,0.4331286360307307
r10_572_TrROS_Hall.pdb,V6R,5,2.7836703924755444,2.3750012,-0.40866920038264887,0.40866920038264887
r10_572_TrROS_Hall.pdb,V6K,5,2.667152080082926,2.4278617,-0.23929038956168558,0.23929038956168558
r10_572_TrROS_Hall.pdb,V6T,5,1.4865873555514897,1.397678,-0.08890933793521771,0.08890933793521771
r10_572_TrROS_Hall.pdb,V6S,5,2.1061088159183763,1.8436337,-0.26247516418497785,0.26247516418497785
r10_572_TrROS_Hall.pdb,V6A,5,0.8522574811486061,1.2213259,0.36906839318000717,0.36906839318000717
r10_572_TrROS_Hall.pdb,V6G,5,1.4687935137036805,1.7642455,0.29545199639763786,0.29545199639763786
r10_572_TrROS_Hall.pdb,V6M,5,0.6275299689526888,1.2110167,0.583486686015573,0.583486686015573
r10_572_TrROS_Hall.pdb,V6L,5,0.1996439133119314,0.8523811,0.6527371968794138,0.6527371968794138
r10_572_TrROS_Hall.pdb,V6I,5,-0.1156097409678666,0.1612109,0.27682063555252234,0.27682063555252234
r10_572_TrROS_Hall.pdb,V6W,5,0.2565826982321111,1.4060076,1.1494249492822322,1.1494249492822322
r10_572_TrROS_Hall.pdb,V6Y,5,0.1455150489717471,1.1894838,1.0439687128156674,1.0439687128156674
r10_572_TrROS_Hall.pdb,V6F,5,-0.2128342215004401,1.0994477,1.3122819487038093,1.3122819487038093
r10_572_TrROS_Hall.pdb,V6P,5,2.8084738684392705,2.1925387,-0.6159351301885381,0.6159351301885381
r10_572_TrROS_Hall.pdb,V6C,5,0.198374255987475,0.7122991,0.513924852517774,0.513924852517774
r10_572_TrROS_Hall.pdb,K7Q,6,0.5342928042241244,0.45565587,-0.07863693140231653,0.07863693140231653
r10_572_TrROS_Hall.pdb,K7E,6,0.9865826054802568,0.8648139,-0.12176868164450239,0.12176868164450239
r10_572_TrROS_Hall.pdb,K7N,6,0.8490187512013412,0.6753308,-0.1736879335019088,0.1736879335019088
r10_572_TrROS_Hall.pdb,K7H,6,0.2481604230603924,0.39558294,0.14742252109434698,0.14742252109434698
r10_572_TrROS_Hall.pdb,K7D,6,1.4829424262038056,1.2121552,-0.27078720331104433,0.27078720331104433
r10_572_TrROS_Hall.pdb,K7R,6,-0.1161799646696151,-0.044713825,0.0714661396822036,0.0714661396822036
r10_572_TrROS_Hall.pdb,K7T,6,-0.1074359698325522,0.039234728,0.1466706974536307,0.1466706974536307
r10_572_TrROS_Hall.pdb,K7S,6,0.546850893174196,0.5351987,-0.011652204667115917,0.011652204667115917
r10_572_TrROS_Hall.pdb,K7A,6,0.8543357063032087,0.54145527,-0.31288043744334537,0.31288043744334537
r10_572_TrROS_Hall.pdb,K7G,6,1.1034184116521817,1.1034222,3.7532648105020883e-06,3.7532648105020883e-06
r10_572_TrROS_Hall.pdb,K7M,6,0.125029923943587,0.16765611,0.04262618479340488,0.04262618479340488
r10_572_TrROS_Hall.pdb,K7V,6,0.0458156919065224,0.029869974,-0.015945718247007017,0.015945718247007017
r10_572_TrROS_Hall.pdb,K7I,6,-0.1715427241135385,-0.22890842,-0.05736569549553133,0.05736569549553133
r10_572_TrROS_Hall.pdb,K7W,6,-0.232539356519084,0.08348958,0.31602893846164226,0.31602893846164226
r10_572_TrROS_Hall.pdb,K7Y,6,0.1159177832137428,0.06539118,-0.0505266003142677,0.0505266003142677
r10_572_TrROS_Hall.pdb,K7F,6,-0.0067440105365212,0.060527265,0.0672712756083901,0.0672712756083901
r10_572_TrROS_Hall.pdb,K7P,6,1.1405566602407418,1.4417741,0.30121746962681195,0.30121746962681195
r10_572_TrROS_Hall.pdb,K7C,6,0.0197261648614728,0.10978639,0.09006022639676695,0.09006022639676695
r10_572_TrROS_Hall.pdb,T8Q,7,0.8098478216111298,1.0987254,0.2888776165068512,0.2888776165068512
r10_572_TrROS_Hall.pdb,T8E,7,1.7291655349565969,1.517868,-0.21129749296440936,0.21129749296440936
r10_572_TrROS_Hall.pdb,T8N,7,0.4541123373954496,1.1744616,0.7203492657692232,0.7203492657692232
r10_572_TrROS_Hall.pdb,T8H,7,1.0531046227748406,1.1312149,0.0781102343265998,0.0781102343265998
r10_572_TrROS_Hall.pdb,T8D,7,0.8555126175515704,1.2688911,0.41337847856354193,0.41337847856354193
r10_572_TrROS_Hall.pdb,T8R,7,0.4470572900130181,1.1461204,0.6990631390259834,0.6990631390259834
r10_572_TrROS_Hall.pdb,T8K,7,0.5217256695069947,1.1047585,0.5830328315458617,0.5830328315458617
r10_572_TrROS_Hall.pdb,T8S,7,0.5748549675324388,0.7226685,0.14781356102438492,0.14781356102438492
r10_572_TrROS_Hall.pdb,T8A,7,0.8147082083283115,1.038223,0.22351481985467192,0.22351481985467192
r10_572_TrROS_Hall.pdb,T8G,7,0.3112179288468657,1.0236375,0.7124196043410005,0.7124196043410005
r10_572_TrROS_Hall.pdb,T8M,7,-0.2723195266214344,0.42745858,0.6997781109300587,0.6997781109300587
r10_572_TrROS_Hall.pdb,T8L,7,-0.4220613235799417,0.23959911,0.6616604322759256,0.6616604322759256
r10_572_TrROS_Hall.pdb,T8V,7,0.8752170611882615,0.80106246,-0.07415459647421119,0.07415459647421119
r10_572_TrROS_Hall.pdb,T8I,7,0.6743506028122774,0.5858777,-0.08847288627098715,0.08847288627098715
r10_572_TrROS_Hall.pdb,T8W,7,0.2933544013352742,0.6993988,0.40604441429659227,0.40604441429659227
r10_572_TrROS_Hall.pdb,T8Y,7,0.2209504926472427,0.70347697,0.482526472780156,0.482526472780156
r10_572_TrROS_Hall.pdb,T8F,7,-0.2717164367514098,0.5111788,0.7828952282743895,0.7828952282743895
r10_572_TrROS_Hall.pdb,T8P,7,1.3930522927681073,1.5020907,0.10903839975203433,0.10903839975203433
r10_572_TrROS_Hall.pdb,T8C,7,-0.6442865162521105,0.35265332,0.996939840856145,0.996939840856145
r10_572_TrROS_Hall.pdb,E9Q,8,-0.1152972435007577,0.19982171,0.31511895408730556,0.31511895408730556
r10_572_TrROS_Hall.pdb,E9N,8,0.1250622200534414,0.22816133,0.10309911493801369,0.10309911493801369
r10_572_TrROS_Hall.pdb,E9H,8,0.1524801623321385,0.039972425,-0.1125077378249974,0.1125077378249974
r10_572_TrROS_Hall.pdb,E9D,8,0.2786061293871835,0.30532816,0.0267220311371848,0.0267220311371848
r10_572_TrROS_Hall.pdb,E9R,8,-0.1367184865608104,0.381959,0.5186774778499492,0.5186774778499492
r10_572_TrROS_Hall.pdb,E9K,8,-0.285843798100343,0.28776535,0.5736091520184186,0.5736091520184186
r10_572_TrROS_Hall.pdb,E9T,8,-0.1429161904768281,0.16916037,0.31207655653517774,0.31207655653517774
r10_572_TrROS_Hall.pdb,E9S,8,-0.2254447662125951,0.26517352,0.49061829083074393,0.49061829083074393
r10_572_TrROS_Hall.pdb,E9A,8,-0.3029099242325834,0.109045155,0.411955079578977,0.411955079578977
r10_572_TrROS_Hall.pdb,E9G,8,0.1581093412267566,0.43199104,0.27388169947987795,0.27388169947987795
r10_572_TrROS_Hall.pdb,E9M,8,-0.1886289968716266,-0.027750887,0.1608781098949077,0.1608781098949077
r10_572_TrROS_Hall.pdb,E9L,8,-0.0537074263400465,-0.026922815,0.026784611792030906,0.026784611792030906
r10_572_TrROS_Hall.pdb,E9V,8,-0.0998399633680362,-0.010114647,0.0897253159199733,0.0897253159199733
r10_572_TrROS_Hall.pdb,E9I,8,-0.3287096320901437,0.043897983,0.37260761477690174,0.37260761477690174
r10_572_TrROS_Hall.pdb,E9W,8,-0.2167385433247735,-0.16853613,0.04820241671115655,0.04820241671115655
r10_572_TrROS_Hall.pdb,E9Y,8,-0.0183202949780576,-0.1471088,-0.1287884982806094,0.1287884982806094
r10_572_TrROS_Hall.pdb,E9F,8,-0.0523710160735904,-0.13221473,-0.0798437089439572,0.0798437089439572
r10_572_TrROS_Hall.pdb,E9P,8,-0.0634454288709212,0.81915027,0.8825956979024459,0.8825956979024459
r10_572_TrROS_Hall.pdb,E9C,8,-0.3164352113361994,-0.35079283,-0.034357613885815985,0.034357613885815985
r10_572_TrROS_Hall.pdb,D10Q,9,0.2128790690467363,0.25833452,0.04545544843220656,0.04545544843220656
r10_572_TrROS_Hall.pdb,D10E,9,0.2470350196082025,0.22835076,-0.01868426105565124,0.01868426105565124
r10_572_TrROS_Hall.pdb,D10N,9,0.010289140443076,0.10073334,0.09044419934345355,0.09044419934345355
r10_572_TrROS_Hall.pdb,D10H,9,0.1672400297078105,0.35568744,0.18844740973387042,0.18844740973387042
r10_572_TrROS_Hall.pdb,D10R,9,0.269474565440496,0.32603696,0.05656239444605493,0.05656239444605493
r10_572_TrROS_Hall.pdb,D10K,9,0.2128629518128222,0.25979742,0.04693447226516548,0.04693447226516548
r10_572_TrROS_Hall.pdb,D10T,9,0.0269941217266245,0.31534207,0.28834794694555566,0.28834794694555566
r10_572_TrROS_Hall.pdb,D10S,9,-0.1025819560337688,0.17115754,0.2737394949246074,0.2737394949246074
r10_572_TrROS_Hall.pdb,D10A,9,0.0653840085572095,0.22838756,0.16300355586349058,0.16300355586349058
r10_572_TrROS_Hall.pdb,D10G,9,0.2014768852610582,0.397931,0.19645412426996292,0.19645412426996292
r10_572_TrROS_Hall.pdb,D10M,9,0.2861965262244523,0.33222672,0.0460301972080886,0.0460301972080886
r10_572_TrROS_Hall.pdb,D10L,9,0.3089717777797114,0.38002884,0.0710570660999883,0.0710570660999883
r10_572_TrROS_Hall.pdb,D10V,9,0.8126004783569956,0.70260143,-0.10999904555670259,0.10999904555670259
r10_572_TrROS_Hall.pdb,D10I,9,0.7194755674718865,0.5881219,-0.13135367645015794,0.13135367645015794
r10_572_TrROS_Hall.pdb,D10W,9,-0.0216451108853172,0.3633482,0.38499329690139994,0.38499329690139994
r10_572_TrROS_Hall.pdb,D10Y,9,0.1376497935083902,0.44372284,0.3060730506154501,0.3060730506154501
r10_572_TrROS_Hall.pdb,D10F,9,0.1149787070903718,0.44807127,0.33309256409073473,0.33309256409073473
r10_572_TrROS_Hall.pdb,D10P,9,1.544893299733675,1.0974264,-0.44746688524392897,0.44746688524392897
r10_572_TrROS_Hall.pdb,D10C,9,-0.1642593871493192,0.050124407,0.2143837939638944,0.2143837939638944
r10_572_TrROS_Hall.pdb,G11Q,10,1.363598594444872,1.0554403,-0.3081582877813589,0.3081582877813589
r10_572_TrROS_Hall.pdb,G11E,10,1.5058770578828615,1.2432998,-0.2625772160020632,0.2625772160020632
r10_572_TrROS_Hall.pdb,G11N,10,1.043993251709724,0.74004734,-0.3039459160850291,0.3039459160850291
r10_572_TrROS_Hall.pdb,G11H,10,1.4029766027842523,1.0353334,-0.36764320777997983,0.36764320777997983
r10_572_TrROS_Hall.pdb,G11D,10,1.1692739653927784,0.883937,-0.28533696416444587,0.28533696416444587
r10_572_TrROS_Hall.pdb,G11R,10,1.5789701939277443,1.226563,-0.3524072170905861,0.3524072170905861
r10_572_TrROS_Hall.pdb,G11K,10,1.4951048209775155,1.1213828,-0.37372198845035487,0.37372198845035487
r10_572_TrROS_Hall.pdb,G11T,10,1.7738211014631342,1.3589282,-0.41489289788037054,0.41489289788037054
r10_572_TrROS_Hall.pdb,G11S,10,1.510226844999897,1.0426488,-0.4675780527330513,0.4675780527330513
r10_572_TrROS_Hall.pdb,G11A,10,1.3360319715327975,1.2235687,-0.11246329363057583,0.11246329363057583
r10_572_TrROS_Hall.pdb,G11M,10,1.3615585268789705,1.0693657,-0.2921927870565828,0.2921927870565828
r10_572_TrROS_Hall.pdb,G11L,10,1.3856215909175529,1.0790904,-0.30653123409077065,0.30653123409077065
r10_572_TrROS_Hall.pdb,G11V,10,1.820734748007685,1.6816962,-0.1390385714787543,0.1390385714787543
r10_572_TrROS_Hall.pdb,G11I,10,1.909957976693085,1.6335423,-0.2764156774224551,0.2764156774224551
r10_572_TrROS_Hall.pdb,G11W,10,1.5203394518864322,1.144383,-0.37595649824263333,0.37595649824263333
r10_572_TrROS_Hall.pdb,G11Y,10,1.4287330700403014,1.1072886,-0.32144447102601914,0.32144447102601914
r10_572_TrROS_Hall.pdb,G11F,10,1.427338247655778,0.93391114,-0.49342710292234915,0.49342710292234915
r10_572_TrROS_Hall.pdb,G11P,10,2.093346831659665,1.7752192,-0.3181276296180391,0.3181276296180391
r10_572_TrROS_Hall.pdb,G11C,10,0.1923179958280902,0.5653474,0.373029377657475,0.373029377657475
r10_572_TrROS_Hall.pdb,E12Q,11,-0.2100436939906105,-0.11137711,0.09866658142318574,0.09866658142318574
r10_572_TrROS_Hall.pdb,E12N,11,0.118509059371624,0.09310789,-0.02540117275920868,0.02540117275920868
r10_572_TrROS_Hall.pdb,E12H,11,-0.0179305087740591,-0.08551625,-0.06758574284957142,0.06758574284957142
r10_572_TrROS_Hall.pdb,E12D,11,0.2556145096181095,0.3556723,0.10005779024379846,0.10005779024379846
r10_572_TrROS_Hall.pdb,E12R,11,-0.421536943755755,-0.15540883,0.2661281143051477,0.2661281143051477
r10_572_TrROS_Hall.pdb,E12K,11,-0.3245606149812614,-0.121306926,0.2032536889692222,0.2032536889692222
r10_572_TrROS_Hall.pdb,E12T,11,-0.1534504310059015,-0.10351454,0.04993589379066865,0.04993589379066865
r10_572_TrROS_Hall.pdb,E12S,11,-0.0768290901797001,0.07865269,0.15548177755047723,0.15548177755047723
r10_572_TrROS_Hall.pdb,E12A,11,-0.0367105173629185,0.09181214,0.1285226586025616,0.1285226586025616
r10_572_TrROS_Hall.pdb,E12G,11,0.0995529046560426,0.4610987,0.36154579610575244,0.36154579610575244
r10_572_TrROS_Hall.pdb,E12M,11,-0.2356672825420491,-0.21188763,0.02377965470200699,0.02377965470200699
r10_572_TrROS_Hall.pdb,E12L,11,-0.3559551714951414,-0.13091904,0.22503613224572122,0.22503613224572122
r10_572_TrROS_Hall.pdb,E12V,11,-0.195300960050567,-0.2328318,-0.03753084589387576,0.03753084589387576
r10_572_TrROS_Hall.pdb,E12I,11,-0.3247938023705901,-0.3292028,-0.004408998618560922,0.004408998618560922
r10_572_TrROS_Hall.pdb,E12W,11,-0.3408138965221234,-0.17145255,0.169361344441969,0.169361344441969
r10_572_TrROS_Hall.pdb,E12Y,11,-0.2239328104054472,-0.22564399,-0.001711182018564017,0.001711182018564017
r10_572_TrROS_Hall.pdb,E12F,11,-0.3492254672682264,-0.217848,0.13137746435761238,0.13137746435761238
r10_572_TrROS_Hall.pdb,E12P,11,1.078507966126285,1.2589362,0.18042820063702059,0.18042820063702059
r10_572_TrROS_Hall.pdb,E13Q,12,0.3186616434278027,0.22205836,-0.09660328761954462,0.09660328761954462
r10_572_TrROS_Hall.pdb,E13N,12,0.5849160354250635,0.66821444,0.08329840492070062,0.08329840492070062
r10_572_TrROS_Hall.pdb,E13H,12,0.2738827949198366,0.24956968,-0.024313110652792513,0.024313110652792513
r10_572_TrROS_Hall.pdb,E13D,12,0.3941082946823933,0.7643236,0.37021529750358084,0.37021529750358084
r10_572_TrROS_Hall.pdb,E13R,12,0.6999444441261176,0.5161523,-0.18379212183378968,0.18379212183378968
r10_572_TrROS_Hall.pdb,E13K,12,0.9269590974594826,0.5159973,-0.4109618068482155,0.4109618068482155
r10_572_TrROS_Hall.pdb,E13T,12,-0.1693543477839383,-0.09450396,0.07485038628043258,0.07485038628043258
r10_572_TrROS_Hall.pdb,E13S,12,0.1746660574386078,0.38108686,0.20642079868817748,0.20642079868817748
r10_572_TrROS_Hall.pdb,E13A,12,0.5453676134009395,0.36452752,-0.1808400898833309,0.1808400898833309
r10_572_TrROS_Hall.pdb,E13G,12,0.9979323539628446,1.0127311,0.014798721324020603,0.014798721324020603
r10_572_TrROS_Hall.pdb,E13M,12,-0.0923777460587595,-0.07511469,0.017263056291398807,0.017263056291398807
r10_572_TrROS_Hall.pdb,E13L,12,-0.0864591272934345,-0.21624371,-0.1297845868007275,0.1297845868007275
r10_572_TrROS_Hall.pdb,E13V,12,-0.3866530380448534,-0.5016647,-0.11501166007907848,0.11501166007907848
r10_572_TrROS_Hall.pdb,E13I,12,-0.4232738799831157,-0.56110144,-0.13782755663187451,0.13782755663187451
r10_572_TrROS_Hall.pdb,E13W,12,-0.6868195862513775,-0.33158496,0.35523462602913325,0.35523462602913325
r10_572_TrROS_Hall.pdb,E13Y,12,-0.4914229586161278,-0.17468873,0.3167342319525383,0.3167342319525383
r10_572_TrROS_Hall.pdb,E13F,12,-0.275820202906103,-0.21416125,0.061658955891103595,0.061658955891103595
r10_572_TrROS_Hall.pdb,E13P,12,0.9301413908872314,1.2489626,0.31882124987509775,0.31882124987509775
r10_572_TrROS_Hall.pdb,L14Q,13,0.9198144620131056,1.2115097,0.2916952425767382,0.2916952425767382
r10_572_TrROS_Hall.pdb,L14E,13,1.499422195057354,1.9168649,0.4174426769214057,0.4174426769214057
r10_572_TrROS_Hall.pdb,L14N,13,1.565139730635897,1.5967263,0.0315865676963174,0.0315865676963174
r10_572_TrROS_Hall.pdb,L14H,13,0.4715659899426123,0.89609635,0.4245303588198999,0.4245303588198999
r10_572_TrROS_Hall.pdb,L14D,13,1.7633925169092397,2.1560333,0.392640760602357,0.392640760602357
r10_572_TrROS_Hall.pdb,L14R,13,0.6230200409980116,0.935991,0.3129709482102099,0.3129709482102099
r10_572_TrROS_Hall.pdb,L14K,13,0.8214866164578565,1.0082257,0.18673906293972653,0.18673906293972653
r10_572_TrROS_Hall.pdb,L14T,13,0.933627750358943,0.9987142,0.06508645824396231,0.06508645824396231
r10_572_TrROS_Hall.pdb,L14S,13,1.321093175717892,1.395175,0.07408180444568213,0.07408180444568213
r10_572_TrROS_Hall.pdb,L14A,13,1.06315132099558,1.1597712,0.0966198829991709,0.0966198829991709
r10_572_TrROS_Hall.pdb,L14G,13,1.631640737969816,1.721239,0.08959823278671486,0.08959823278671486
r10_572_TrROS_Hall.pdb,L14M,13,0.1085167559888247,0.31745303,0.2089362707827207,0.2089362707827207
r10_572_TrROS_Hall.pdb,L14V,13,0.254493771505615,0.35770035,0.10320657639477565,0.10320657639477565
r10_572_TrROS_Hall.pdb,L14I,13,-0.1048801690353116,-0.11370468,-0.008824512361172779,0.008824512361172779
r10_572_TrROS_Hall.pdb,L14W,13,-0.3919250308899515,0.50613964,0.8980646669296855,0.8980646669296855
r10_572_TrROS_Hall.pdb,L14Y,13,-0.2510217909942542,0.3534031,0.6044248824249183,0.6044248824249183
r10_572_TrROS_Hall.pdb,L14F,13,-0.63008747075832,0.39526945,1.0253569242838632,1.0253569242838632
r10_572_TrROS_Hall.pdb,L14P,13,2.239864871759598,1.9458324,-0.2940325000478672,0.2940325000478672
r10_572_TrROS_Hall.pdb,V15Q,14,0.8098444677791647,0.7250124,-0.08483204617119355,0.08483204617119355
r10_572_TrROS_Hall.pdb,V15E,14,0.5978383798630018,0.74180466,0.14396627950360585,0.14396627950360585
r10_572_TrROS_Hall.pdb,V15N,14,0.6542629924481682,1.0066911,0.3524281057650276,0.3524281057650276
r10_572_TrROS_Hall.pdb,V15H,14,0.2935154742808779,0.5785724,0.2850569181828062,0.2850569181828062
r10_572_TrROS_Hall.pdb,V15D,14,1.0492337191899186,1.0984933,0.049259618441306996,0.049259618441306996
r10_572_TrROS_Hall.pdb,V15R,14,0.5086431092218255,0.84995127,0.3413081580206061,0.3413081580206061
r10_572_TrROS_Hall.pdb,V15K,14,0.9028883646637742,0.85420465,-0.048683709970170685,0.048683709970170685
r10_572_TrROS_Hall.pdb,V15T,14,0.323038128894952,0.38607308,0.0630349537905186,0.0630349537905186
r10_572_TrROS_Hall.pdb,V15S,14,0.8253520790423803,0.7924702,-0.03288186229128165,0.03288186229128165
r10_572_TrROS_Hall.pdb,V15A,14,0.9553892591511092,0.64846873,-0.30692052631724687,0.30692052631724687
r10_572_TrROS_Hall.pdb,V15G,14,1.3732413520551798,1.3678883,-0.005353020641910788,0.005353020641910788
r10_572_TrROS_Hall.pdb,V15M,14,0.0937222697987634,0.2592885,0.16556622001980958,0.16556622001980958
r10_572_TrROS_Hall.pdb,V15L,14,-0.0950699244283144,0.06936392,0.16443384630903646,0.16443384630903646
r10_572_TrROS_Hall.pdb,V15I,14,-0.2327246599951622,-0.17735967,0.055364989594542696,0.055364989594542696
r10_572_TrROS_Hall.pdb,V15W,14,-0.5365821336990209,-0.28627756,0.2503045713191838,0.2503045713191838
r10_572_TrROS_Hall.pdb,V15Y,14,-0.1894562898285432,-0.056815594,0.13264069539380505,0.13264069539380505
r10_572_TrROS_Hall.pdb,V15F,14,-0.1211982514686216,-0.02435103,0.09684722088047158,0.09684722088047158
r10_572_TrROS_Hall.pdb,V15P,14,2.3501944341148397,1.6192753,-0.7309191026176474,0.7309191026176474
r10_572_TrROS_Hall.pdb,V15C,14,-1.3926703339874669,0.033917904,1.4265882378876134,1.4265882378876134
r10_572_TrROS_Hall.pdb,L16Q,15,1.917286708624636,1.4224155,-0.49487121370581266,0.49487121370581266
r10_572_TrROS_Hall.pdb,L16E,15,2.260247565078701,2.0470386,-0.21320900993343717,0.21320900993343717
r10_572_TrROS_Hall.pdb,L16N,15,2.508599973012661,1.8067222,-0.7018778088586082,0.7018778088586082
r10_572_TrROS_Hall.pdb,L16H,15,1.6425835202210577,1.1541137,-0.48846986989909724,0.48846986989909724
r10_572_TrROS_Hall.pdb,L16D,15,2.8586020365774893,2.2307463,-0.6278557673514151,0.6278557673514151
r10_572_TrROS_Hall.pdb,L16R,15,1.4441047377180736,1.2786202,-0.1654844946455638,0.1654844946455638
r10_572_TrROS_Hall.pdb,L16K,15,1.690480856739277,1.2954714,-0.39500942691444796,0.39500942691444796
r10_572_TrROS_Hall.pdb,L16T,15,1.6683621650943217,1.1770481,-0.4913140779742655,0.4913140779742655
r10_572_TrROS_Hall.pdb,L16S,15,1.8395072802808208,1.6053355,-0.23417180626653855,0.23417180626653855
r10_572_TrROS_Hall.pdb,L16A,15,1.548206439479237,1.2451473,-0.3030590920289806,0.3030590920289806
r10_572_TrROS_Hall.pdb,L16G,15,1.8173889954781572,1.8558824,0.03849341075658397,0.03849341075658397
r10_572_TrROS_Hall.pdb,L16M,15,0.0860921944127279,0.2811492,0.1950570141329569,0.1950570141329569
r10_572_TrROS_Hall.pdb,L16V,15,0.5887989455859577,0.49854356,-0.09025538508104436,0.09025538508104436
r10_572_TrROS_Hall.pdb,L16I,15,0.0782435678405524,-0.04197049,-0.12021405924985416,0.12021405924985416
r10_572_TrROS_Hall.pdb,L16W,15,-0.1195544229680702,0.50473714,0.6242915617162391,0.6242915617162391
r10_572_TrROS_Hall.pdb,L16Y,15,-0.1030446165555334,0.38235354,0.4853981607907629,0.4853981607907629
r10_572_TrROS_Hall.pdb,L16F,15,-0.3986994705583493,0.33788466,0.7365841350938718,0.7365841350938718
r10_572_TrROS_Hall.pdb,L16P,15,3.010484877851678,2.1316419,-0.8788430130750666,0.8788430130750666
r10_572_TrROS_Hall.pdb,E17Q,16,-0.3437972090738785,0.040968552,0.38476576130566714,0.38476576130566714
r10_572_TrROS_Hall.pdb,E17N,16,0.2642074622206865,0.47901437,0.2148069046444716,0.2148069046444716
r10_572_TrROS_Hall.pdb,E17H,16,-0.2974699863179255,0.09969128,0.39716126555042747,0.39716126555042747
r10_572_TrROS_Hall.pdb,E17D,16,0.8088824739885796,0.74323803,-0.06564444212441334,0.06564444212441334
r10_572_TrROS_Hall.pdb,E17R,16,-0.6160432059112866,0.07751297,0.6935561779681523,0.6935561779681523
r10_572_TrROS_Hall.pdb,E17K,16,-0.4957847690943664,0.069306165,0.5650909340743011,0.5650909340743011
r10_572_TrROS_Hall.pdb,E17T,16,-0.2756087946978738,0.1847502,0.46035899401580593,0.46035899401580593
r10_572_TrROS_Hall.pdb,E17S,16,0.0141354750457769,0.24781041,0.23367493342723794,0.23367493342723794
r10_572_TrROS_Hall.pdb,E17A,16,-0.2502964897783544,-0.036721908,0.21357458222229742,0.21357458222229742
r10_572_TrROS_Hall.pdb,E17G,16,0.3804636244443542,0.49274942,0.11228579834426577,0.11228579834426577
r10_572_TrROS_Hall.pdb,E17M,16,-0.7102122112714557,-0.043355346,0.6668568655454425,0.6668568655454425
r10_572_TrROS_Hall.pdb,E17L,16,-0.5620449344386413,-0.09183912,0.4702058146466568,0.4702058146466568
r10_572_TrROS_Hall.pdb,E17V,16,-0.5570328333229391,-0.18597424,0.3710585930198995,0.3710585930198995
r10_572_TrROS_Hall.pdb,E17I,16,-0.7157035612051916,-0.09003052,0.6256730400507879,0.6256730400507879
r10_572_TrROS_Hall.pdb,E17W,16,-0.7814517654174669,-0.19590229,0.5855494774574144,0.5855494774574144
r10_572_TrROS_Hall.pdb,E17Y,16,-0.7496176625264606,-0.1600592,0.5895584637893161,0.5895584637893161
r10_572_TrROS_Hall.pdb,E17F,16,-0.6366259905622376,-0.08072275,0.5559032413289917,0.5559032413289917
r10_572_TrROS_Hall.pdb,E17P,16,0.3340658898230533,0.27446377,-0.05960211704931062,0.05960211704931062
r10_572_TrROS_Hall.pdb,V18Q,17,1.9189319527764803,0.9835893,-0.9353426612039095,0.9353426612039095
r10_572_TrROS_Hall.pdb,V18E,17,2.939666988465813,1.3071529,-1.6325141211486134,1.6325141211486134
r10_572_TrROS_Hall.pdb,V18N,17,2.018079760872095,1.3401577,-0.6779220136034181,0.6779220136034181
r10_572_TrROS_Hall.pdb,V18H,17,1.7136759235979455,1.0390759,-0.6746000721575158,0.6746000721575158
r10_572_TrROS_Hall.pdb,V18D,17,2.598355954584842,1.7202616,-0.8780943807933381,0.8780943807933381
r10_572_TrROS_Hall.pdb,V18R,17,0.5787163591439235,0.98952603,0.41080967425756576,0.41080967425756576
r10_572_TrROS_Hall.pdb,V18K,17,1.24069675397767,1.0894477,-0.1512490172375578,0.1512490172375578
r10_572_TrROS_Hall.pdb,V18T,17,1.0051580546561505,0.5360875,-0.4690705416861798,0.4690705416861798
r10_572_TrROS_Hall.pdb,V18S,17,1.3705351645594357,0.7544568,-0.6160783464556454,0.6160783464556454
r10_572_TrROS_Hall.pdb,V18A,17,0.9231337324776498,0.46161354,-0.46152019659660737,0.46152019659660737
r10_572_TrROS_Hall.pdb,V18G,17,1.8217875300767297,1.4460533,-0.3757342635514611,0.3757342635514611
r10_572_TrROS_Hall.pdb,V18M,17,0.0832238910845379,0.40197256,0.3187486709901234,0.3187486709901234
r10_572_TrROS_Hall.pdb,V18L,17,0.4799170532213748,0.49026144,0.010344382287353238,0.010344382287353238
r10_572_TrROS_Hall.pdb,V18I,17,0.0305592994216139,0.006822288,-0.023737011385267466,0.023737011385267466
r10_572_TrROS_Hall.pdb,V18W,17,0.3490338448919221,0.58636844,0.237334596689804,0.237334596689804
r10_572_TrROS_Hall.pdb,V18Y,17,-0.4497753029554863,0.5514966,1.0012719279020805,1.0012719279020805
r10_572_TrROS_Hall.pdb,V18F,17,-0.8822892940706311,0.6053202,1.4876095092958508,1.4876095092958508
r10_572_TrROS_Hall.pdb,V18P,17,2.1435107542731835,1.6956546,-0.44785612361217275,0.44785612361217275
r10_572_TrROS_Hall.pdb,V18C,17,-0.1764283776843096,0.170726,0.34715437894697443,0.34715437894697443
r10_572_TrROS_Hall.pdb,E19Q,18,-0.2690078060422434,0.06327156,0.33227936581711903,0.33227936581711903
r10_572_TrROS_Hall.pdb,E19N,18,-0.1421552820651275,-0.057405055,0.08475022749588312,0.08475022749588312
r10_572_TrROS_Hall.pdb,E19H,18,-0.3881633430047024,-0.115622416,0.2725409268660534,0.2725409268660534
r10_572_TrROS_Hall.pdb,E19D,18,0.2760132203880427,0.12900597,-0.14700725181733348,0.14700725181733348
r10_572_TrROS_Hall.pdb,E19R,18,-0.2694806203418878,0.00080824643,0.2702888667756227,0.2702888667756227
r10_572_TrROS_Hall.pdb,E19K,18,-0.174291089099638,0.023256194,0.19754728294610216,0.19754728294610216
r10_572_TrROS_Hall.pdb,E19T,18,-0.5171157246922018,0.034443036,0.5515587604139807,0.5515587604139807
r10_572_TrROS_Hall.pdb,E19S,18,-0.3449716715352173,0.017854799,0.36282647012039376,0.36282647012039376
r10_572_TrROS_Hall.pdb,E19A,18,-0.0763682365037627,0.029658876,0.10602711286322544,0.10602711286322544
r10_572_TrROS_Hall.pdb,E19G,18,0.0566713237753422,0.28210577,0.22543444991202047,0.22543444991202047
r10_572_TrROS_Hall.pdb,E19M,18,-0.2514619178253809,-0.07129763,0.18016428715769445,0.18016428715769445
r10_572_TrROS_Hall.pdb,E19L,18,-0.1209637953274107,-0.04496456,0.07599923595117092,0.07599923595117092
r10_572_TrROS_Hall.pdb,E19V,18,-0.2729348019361595,-0.1363002,0.13663459575177228,0.13663459575177228
r10_572_TrROS_Hall.pdb,E19I,18,-0.2818665514726932,-0.18616417,0.09570238096907685,0.09570238096907685
r10_572_TrROS_Hall.pdb,E19W,18,-1.1499012639724775,-0.22170034,0.9282009234630628,0.9282009234630628
r10_572_TrROS_Hall.pdb,E19Y,18,-0.7794954060057222,-0.21602824,0.5634671627024233,0.5634671627024233
r10_572_TrROS_Hall.pdb,E19F,18,-0.6881605787396161,-0.21030125,0.477859328520271,0.477859328520271
r10_572_TrROS_Hall.pdb,E19P,18,0.498659446789929,0.5028,0.004140541003039733,0.004140541003039733
r10_572_TrROS_Hall.pdb,E19C,18,-0.8225617324125487,-0.33350188,0.4890598570120055,0.4890598570120055
r10_572_TrROS_Hall.pdb,G20Q,19,0.6453157157367957,0.7688661,0.12355040603215572,0.12355040603215572
r10_572_TrROS_Hall.pdb,G20E,19,0.9722312423173238,0.8187914,-0.1534398528519918,0.1534398528519918
r10_572_TrROS_Hall.pdb,G20N,19,0.1910644947658415,0.3950254,0.20396090754166887,0.20396090754166887
r10_572_TrROS_Hall.pdb,G20H,19,0.4361562366548224,0.7080388,0.2718825702604608,0.2718825702604608
r10_572_TrROS_Hall.pdb,G20D,19,0.6438440302649466,0.54887474,-0.09496929443273228,0.09496929443273228
r10_572_TrROS_Hall.pdb,G20R,19,0.2220579028837837,0.92821586,0.7061579584367119,0.7061579584367119
r10_572_TrROS_Hall.pdb,G20K,19,0.5116591027050363,0.83685744,0.32519833538242704,0.32519833538242704
r10_572_TrROS_Hall.pdb,G20T,19,0.8573120795704883,1.1512307,0.2939186132929761,0.2939186132929761
r10_572_TrROS_Hall.pdb,G20S,19,0.620133580228309,0.7920904,0.17195683572628084,0.17195683572628084
r10_572_TrROS_Hall.pdb,G20A,19,0.4854361350722573,0.88025314,0.3948170010857322,0.3948170010857322
r10_572_TrROS_Hall.pdb,G20M,19,0.3951115320914922,0.85480887,0.45969733488619946,0.45969733488619946
r10_572_TrROS_Hall.pdb,G20L,19,0.6446703225423205,0.8396262,0.19495587050424934,0.19495587050424934
r10_572_TrROS_Hall.pdb,G20V,19,0.7841064385186245,1.314465,0.5303586074103306,0.5303586074103306
r10_572_TrROS_Hall.pdb,G20I,19,0.635982684798865,1.2922513,0.6562686636966184,0.6562686636966184
r10_572_TrROS_Hall.pdb,G20W,19,-0.1177010960003639,0.80444485,0.9221459454914833,0.9221459454914833
r10_572_TrROS_Hall.pdb,G20Y,19,0.1950240148201896,0.7743731,0.5793490992888497,0.5793490992888497
r10_572_TrROS_Hall.pdb,G20F,19,0.1567363810305266,0.6918082,0.5350718426938387,0.5350718426938387
r10_572_TrROS_Hall.pdb,G20P,19,0.8569816328263986,1.4632988,0.6063171647810233,0.6063171647810233
r10_572_TrROS_Hall.pdb,G20C,19,0.3367972068194595,0.30452073,-0.03227648061554106,0.03227648061554106
r10_572_TrROS_Hall.pdb,M21Q,20,0.5724731973227932,0.2748782,-0.29759499345392726,0.29759499345392726
r10_572_TrROS_Hall.pdb,M21E,20,1.0538950886992342,0.76839584,-0.2854992475775606,0.2854992475775606
r10_572_TrROS_Hall.pdb,M21N,20,0.7024929346249591,0.5288498,-0.1736431540654193,0.1736431540654193
r10_572_TrROS_Hall.pdb,M21H,20,0.3154437126888485,0.4674706,0.15202687361104772,0.15202687361104772
r10_572_TrROS_Hall.pdb,M21D,20,1.366499249606901,1.1237403,-0.24275893416958416,0.24275893416958416
r10_572_TrROS_Hall.pdb,M21R,20,-0.0103045386535285,-0.171462,-0.1611574607628228,0.1611574607628228
r10_572_TrROS_Hall.pdb,M21K,20,0.0604116057398744,-0.14166129,-0.20207289209393933,0.20207289209393933
r10_572_TrROS_Hall.pdb,M21T,20,0.3767364712163017,0.4949646,0.11822812839307328,0.11822812839307328
r10_572_TrROS_Hall.pdb,M21S,20,0.5630987889083929,0.5662915,0.00319272215041444,0.00319272215041444
r10_572_TrROS_Hall.pdb,M21A,20,0.5535828306353925,0.43789792,-0.11568491002687198,0.11568491002687198
r10_572_TrROS_Hall.pdb,M21G,20,0.4252762822386664,0.67739177,0.25211548526316463,0.25211548526316463
r10_572_TrROS_Hall.pdb,M21L,20,0.1645874964950779,0.011358857,-0.1532286393402317,0.1532286393402317
r10_572_TrROS_Hall.pdb,M21V,20,0.4663683090232715,0.29506072,-0.1713075850032672,0.1713075850032672
r10_572_TrROS_Hall.pdb,M21I,20,0.4089403339296638,0.06943542,-0.33950491627753365,0.33950491627753365
r10_572_TrROS_Hall.pdb,M21W,20,0.276399967939684,0.33062732,0.05422735425727643,0.05422735425727643
r10_572_TrROS_Hall.pdb,M21Y,20,0.0356186243136562,0.3213739,0.28575528539818157,0.28575528539818157
r10_572_TrROS_Hall.pdb,M21F,20,0.2704045953757537,0.24236196,-0.028042632580496107,0.028042632580496107
r10_572_TrROS_Hall.pdb,M21P,20,1.4700173963587946,0.64736205,-0.822655342964477,0.822655342964477
r10_572_TrROS_Hall.pdb,M21C,20,-0.1691077148669766,0.12514386,0.294251570677142,0.294251570677142
r10_572_TrROS_Hall.pdb,T22Q,21,0.9291763333759946,0.7460492,-0.1831271080456418,0.1831271080456418
r10_572_TrROS_Hall.pdb,T22E,21,0.8345099354973358,0.7658241,-0.06868585598378596,0.06868585598378596
r10_572_TrROS_Hall.pdb,T22N,21,0.374621942940061,0.36579832,-0.008823618593518656,0.008823618593518656
r10_572_TrROS_Hall.pdb,T22H,21,0.8942422840700401,0.7089833,-0.1852589819536461,0.1852589819536461
r10_572_TrROS_Hall.pdb,T22D,21,0.5704054384344914,0.3904932,-0.17991222430408982,0.17991222430408982
r10_572_TrROS_Hall.pdb,T22R,21,0.6447216883220275,0.76324236,0.11852067560772106,0.11852067560772106
r10_572_TrROS_Hall.pdb,T22K,21,0.8681993588619665,0.6724781,-0.19572127906612913,0.19572127906612913
r10_572_TrROS_Hall.pdb,T22S,21,0.1296820766998387,0.10460436,-0.02507771325837141,0.02507771325837141
r10_572_TrROS_Hall.pdb,T22A,21,0.9321550086196726,0.68596697,-0.24618804008329565,0.24618804008329565
r10_572_TrROS_Hall.pdb,T22G,21,0.7880111307274871,0.68199015,-0.10602098409052418,0.10602098409052418
r10_572_TrROS_Hall.pdb,T22M,21,0.8502166688261372,0.8632425,0.013025838154758773,0.013025838154758773
r10_572_TrROS_Hall.pdb,T22L,21,0.7277570921809486,0.78106153,0.053304437932271576,0.053304437932271576
r10_572_TrROS_Hall.pdb,T22V,21,1.2597404100671274,0.79562473,-0.46411567709593604,0.46411567709593604
r10_572_TrROS_Hall.pdb,T22I,21,1.207880890605306,0.86668056,-0.3412003281091207,0.3412003281091207
r10_572_TrROS_Hall.pdb,T22W,21,1.0187671596422518,0.806088,-0.21267918890860926,0.21267918890860926
r10_572_TrROS_Hall.pdb,T22Y,21,0.9428168294205386,0.7441948,-0.19862202379843774,0.19862202379843774
r10_572_TrROS_Hall.pdb,T22F,21,0.8525749430946661,0.81125706,-0.0413178787521673,0.0413178787521673
r10_572_TrROS_Hall.pdb,T22P,21,1.2575300024516245,0.8274769,-0.4300530837542673,0.4300530837542673
r10_572_TrROS_Hall.pdb,T22C,21,0.5038961177511547,0.41559604,-0.08830007964805109,0.08830007964805109
r10_572_TrROS_Hall.pdb,E23Q,22,0.4089514985489417,0.25506228,-0.153889216463523,0.153889216463523
r10_572_TrROS_Hall.pdb,E23N,22,0.6512835996602773,0.67038643,0.019102833941102126,0.019102833941102126
r10_572_TrROS_Hall.pdb,E23H,22,0.2953006633420227,0.4160142,0.12071353114650268,0.12071353114650268
r10_572_TrROS_Hall.pdb,E23D,22,0.6831180484086188,0.64949006,-0.03362798998653016,0.03362798998653016
r10_572_TrROS_Hall.pdb,E23R,22,-0.0204297142666014,0.4439589,0.46438862258607466,0.46438862258607466
r10_572_TrROS_Hall.pdb,E23K,22,0.1605156731211554,0.37566438,0.2151487100518335,0.2151487100518335
r10_572_TrROS_Hall.pdb,E23T,22,0.2229195982265235,0.24989322,0.026973620052361397,0.026973620052361397
r10_572_TrROS_Hall.pdb,E23S,22,0.2517351281111275,0.35646278,0.10472764854979166,0.10472764854979166
r10_572_TrROS_Hall.pdb,E23A,22,-0.0989067936284766,0.009041756,0.10794855002000187,0.10794855002000187
r10_572_TrROS_Hall.pdb,E23G,22,0.5202176857504828,0.6613204,0.14110270256662538,0.14110270256662538
r10_572_TrROS_Hall.pdb,E23M,22,-0.5068117714604186,0.10313368,0.6099454498966979,0.6099454498966979
r10_572_TrROS_Hall.pdb,E23L,22,-0.6189135283663885,-0.049114615,0.5697989136412756,0.5697989136412756
r10_572_TrROS_Hall.pdb,E23V,22,-0.3653820041990503,-0.14844924,0.21693276208402956,0.21693276208402956
r10_572_TrROS_Hall.pdb,E23I,22,-0.5616630720310152,-0.11495978,0.4467032956294954,0.4467032956294954
r10_572_TrROS_Hall.pdb,E23W,22,-0.3785112353829154,0.0012737215,0.37978495683944313,0.37978495683944313
r10_572_TrROS_Hall.pdb,E23Y,22,-0.3709336405739574,0.12207509,0.49300872889612,0.49300872889612
r10_572_TrROS_Hall.pdb,E23F,22,-0.4388597561327292,0.11666784,0.555527593037255,0.555527593037255
r10_572_TrROS_Hall.pdb,E23P,22,-0.0902798545117824,0.19373053,0.28401038763479874,0.28401038763479874
r10_572_TrROS_Hall.pdb,E23C,22,-0.3965656351491136,-0.064166486,0.33239914888583844,0.33239914888583844
r10_572_TrROS_Hall.pdb,D24Q,23,-0.1424119939870132,-0.05416879,0.08824320340817104,0.08824320340817104
r10_572_TrROS_Hall.pdb,D24E,23,-0.1253879621981126,-0.1235262,0.0018617615459901038,0.0018617615459901038
r10_572_TrROS_Hall.pdb,D24N,23,0.1024571716028854,0.1299253,0.027468124107678266,0.027468124107678266
r10_572_TrROS_Hall.pdb,D24H,23,0.1507052247589859,0.12997937,-0.020725852734449768,0.020725852734449768
r10_572_TrROS_Hall.pdb,D24R,23,-0.0024587833678344,0.04307051,0.04552929339762719,0.04552929339762719
r10_572_TrROS_Hall.pdb,D24K,23,0.0208386032788454,-0.055211052,-0.07604965557739124,0.07604965557739124
r10_572_TrROS_Hall.pdb,D24T,23,0.1257430032297501,0.19727916,0.07153615202461391,0.07153615202461391
r10_572_TrROS_Hall.pdb,D24S,23,0.0230457908027368,0.06023429,0.037188498813609555,0.037188498813609555
r10_572_TrROS_Hall.pdb,D24A,23,-0.1907614610154855,-0.1809892,0.00977225517823574,0.00977225517823574
r10_572_TrROS_Hall.pdb,D24G,23,0.2465718709784252,0.19577916,-0.05079271131331747,0.05079271131331747
r10_572_TrROS_Hall.pdb,D24M,23,0.0675200497600814,0.04528071,-0.022239339897372354,0.022239339897372354
r10_572_TrROS_Hall.pdb,D24L,23,0.0996421007114372,0.060314074,-0.03932802655276868,0.03932802655276868
r10_572_TrROS_Hall.pdb,D24V,23,0.1222978203135447,0.25550535,0.13320753289881188,0.13320753289881188
r10_572_TrROS_Hall.pdb,D24I,23,0.2122854891131935,0.19592337,-0.01636211601005172,0.01636211601005172
r10_572_TrROS_Hall.pdb,D24W,23,-0.300087485237885,0.054741398,0.3548288827379231,0.3548288827379231
r10_572_TrROS_Hall.pdb,D24Y,23,0.0370665818971476,0.18012032,0.1430537372308889,0.1430537372308889
r10_572_TrROS_Hall.pdb,D24F,23,-0.0295986438690638,0.1779747,0.20757334479679818,0.20757334479679818
r10_572_TrROS_Hall.pdb,D24P,23,0.4758584169179665,0.61501384,0.13915542089636457,0.13915542089636457
r10_572_TrROS_Hall.pdb,E25Q,24,0.0731613282875995,-0.27112538,-0.3442867045121173,0.3442867045121173
r10_572_TrROS_Hall.pdb,E25N,24,0.7624841136371439,0.84150505,0.07902093702203583,0.07902093702203583
r10_572_TrROS_Hall.pdb,E25H,24,0.902493879532513,0.5121552,-0.3903387043234676,0.3903387043234676
r10_572_TrROS_Hall.pdb,E25D,24,0.5259719830549545,0.77036047,0.24438848676316072,0.24438848676316072
r10_572_TrROS_Hall.pdb,E25R,24,0.4794261445986061,0.32122898,-0.1581971635805397,0.1581971635805397
r10_572_TrROS_Hall.pdb,E25K,24,0.5670016295559419,0.123636305,-0.4433653242237581,0.4433653242237581
r10_572_TrROS_Hall.pdb,E25T,24,0.6912352462801836,0.62474203,-0.06649321518277151,0.06649321518277151
r10_572_TrROS_Hall.pdb,E25S,24,0.7006754045705921,0.5262351,-0.17444030096341434,0.17444030096341434
r10_572_TrROS_Hall.pdb,E25A,24,0.3656781105686937,0.27327308,-0.09240502998130662,0.09240502998130662
r10_572_TrROS_Hall.pdb,E25G,24,0.7488042822708874,0.7769284,0.028124142564317722,0.028124142564317722
r10_572_TrROS_Hall.pdb,E25M,24,0.3949226092917537,0.0810498,-0.3138728093726253,0.3138728093726253
r10_572_TrROS_Hall.pdb,E25L,24,0.6339199670372184,0.40008655,-0.23383341513254008,0.23383341513254008
r10_572_TrROS_Hall.pdb,E25V,24,0.7980330467669461,0.5710542,-0.22697882656736112,0.22697882656736112
r10_572_TrROS_Hall.pdb,E25I,24,0.8437601461309678,0.45136833,-0.39239181422178815,0.39239181422178815
r10_572_TrROS_Hall.pdb,E25W,24,0.8323111861408732,0.7379307,-0.09438047105679725,0.09438047105679725
r10_572_TrROS_Hall.pdb,E25Y,24,0.8580771887272758,0.64767164,-0.21040554880799478,0.21040554880799478
r10_572_TrROS_Hall.pdb,E25F,24,0.8707028173850622,0.57311773,-0.2975850843833532,0.2975850843833532
r10_572_TrROS_Hall.pdb,E25P,24,2.618949267257104,1.843152,-0.7757972210534909,0.7757972210534909
r10_572_TrROS_Hall.pdb,I26Q,25,2.1707102764420214,2.1672924,-0.0034179199509325464,0.0034179199509325464
r10_572_TrROS_Hall.pdb,I26E,25,3.007266026914156,2.1525557,-0.8547103227973345,0.8547103227973345
r10_572_TrROS_Hall.pdb,I26N,25,2.746240389588352,2.0804038,-0.6658365848092993,0.6658365848092993
r10_572_TrROS_Hall.pdb,I26H,25,2.4435817250697904,1.7937291,-0.6498526582210356,0.6498526582210356
r10_572_TrROS_Hall.pdb,I26D,25,2.9563024600087995,2.0895734,-0.8667290766775007,0.8667290766775007
r10_572_TrROS_Hall.pdb,I26R,25,2.281285831423313,2.2471223,-0.03416354367306873,0.03416354367306873
r10_572_TrROS_Hall.pdb,I26K,25,2.7494952364565965,2.3390725,-0.4104227705599901,0.4104227705599901
r10_572_TrROS_Hall.pdb,I26T,25,1.7016596817176626,1.6919153,-0.00974440805128074,0.00974440805128074
r10_572_TrROS_Hall.pdb,I26S,25,2.411631032577373,2.2089133,-0.20271770631394537,0.20271770631394537
r10_572_TrROS_Hall.pdb,I26A,25,0.8796594756024978,1.6856126,0.8059530837160447,0.8059530837160447
r10_572_TrROS_Hall.pdb,I26G,25,2.168689840582208,2.3302507,0.1615608994690616,0.1615608994690616
r10_572_TrROS_Hall.pdb,I26M,25,0.9075976011324882,1.117589,0.2099913957547188,0.2099913957547188
r10_572_TrROS_Hall.pdb,I26L,25,0.3800554028540741,0.69289196,0.3128365525215973,0.3128365525215973
r10_572_TrROS_Hall.pdb,I26V,25,0.4123979661723602,0.3832811,-0.029116854455136065,0.029116854455136065
r10_572_TrROS_Hall.pdb,I26W,25,0.3635310229143664,1.1208184,0.7572873536267712,0.7572873536267712
r10_572_TrROS_Hall.pdb,I26Y,25,1.581544807605074,1.0923755,-0.4891692907135945,0.4891692907135945
r10_572_TrROS_Hall.pdb,I26F,25,0.918696533459723,0.9583639,0.039667357188165164,0.039667357188165164
r10_572_TrROS_Hall.pdb,I26P,25,3.302731397500527,2.523116,-0.7796152857451557,0.7796152857451557
r10_572_TrROS_Hall.pdb,I26C,25,0.8108681229311223,0.9875704,0.17670228207528638,0.17670228207528638
r10_572_TrROS_Hall.pdb,R27Q,26,1.1078202423657175,0.68961644,-0.41820380063903295,0.41820380063903295
r10_572_TrROS_Hall.pdb,R27E,26,1.0945876316637602,0.9981768,-0.09641081853814981,0.09641081853814981
r10_572_TrROS_Hall.pdb,R27N,26,1.3314456480310803,1.0603551,-0.27109058077796755,0.27109058077796755
r10_572_TrROS_Hall.pdb,R27H,26,0.914921592593216,0.6817666,-0.23315496337416086,0.23315496337416086
r10_572_TrROS_Hall.pdb,R27D,26,2.126085620985342,1.4861982,-0.6398874341109524,0.6398874341109524
r10_572_TrROS_Hall.pdb,R27K,26,0.1551597379233644,0.36046308,0.20530334486701035,0.20530334486701035
r10_572_TrROS_Hall.pdb,R27T,26,0.9521205343714424,0.62574947,-0.32637106556803663,0.32637106556803663
r10_572_TrROS_Hall.pdb,R27S,26,1.1468299945633105,0.797101,-0.3497289737503222,0.3497289737503222
r10_572_TrROS_Hall.pdb,R27A,26,0.9864139687825362,0.46549746,-0.5209165048409621,0.5209165048409621
r10_572_TrROS_Hall.pdb,R27G,26,1.444956981470433,1.3679924,-0.07696458034738618,0.07696458034738618
r10_572_TrROS_Hall.pdb,R27M,26,0.2663290169465049,0.19061539,-0.07571363117570717,0.07571363117570717
r10_572_TrROS_Hall.pdb,R27L,26,0.0464057804521025,0.046157032,-0.0002487482007444697,0.0002487482007444697
r10_572_TrROS_Hall.pdb,R27V,26,0.3586375003270268,0.38805977,0.029422264773452333,0.029422264773452333
r10_572_TrROS_Hall.pdb,R27I,26,0.1228485504493748,0.015493453,-0.10735509790039409,0.10735509790039409
r10_572_TrROS_Hall.pdb,R27W,26,0.2668127705159304,0.08377957,-0.18303319707537863,0.18303319707537863
r10_572_TrROS_Hall.pdb,R27Y,26,0.1960549042996024,0.035572648,-0.16048225625120152,0.16048225625120152
r10_572_TrROS_Hall.pdb,R27F,26,0.301049912333184,0.16844964,-0.13260027205913616,0.13260027205913616
r10_572_TrROS_Hall.pdb,R27P,26,2.1525628539797896,2.1771755,0.0246126678707963,0.0246126678707963
r10_572_TrROS_Hall.pdb,R27C,26,0.3445304894354191,0.32943907,-0.015091415634378436,0.015091415634378436
r10_572_TrROS_Hall.pdb,E28Q,27,-0.0236965793038059,-0.048613533,-0.0249169540738415,0.0249169540738415
r10_572_TrROS_Hall.pdb,E28N,27,0.1439869557475375,0.21728349,0.07329653157240879,0.07329653157240879
r10_572_TrROS_Hall.pdb,E28H,27,0.0600117241735533,0.10019293,0.040181202650539566,0.040181202650539566
r10_572_TrROS_Hall.pdb,E28D,27,0.2822817887920354,0.302175,0.019893196616747544,0.019893196616747544
r10_572_TrROS_Hall.pdb,E28R,27,-0.1961411064926155,-0.1054416,0.0906995064083107,0.0906995064083107
r10_572_TrROS_Hall.pdb,E28K,27,-0.0941392448246123,-0.110855296,-0.016716051429545714,0.016716051429545714
r10_572_TrROS_Hall.pdb,E28T,27,0.0732051190690858,0.17308387,0.09987875253392628,0.09987875253392628
r10_572_TrROS_Hall.pdb,E28S,27,0.1241038499925055,0.113282725,-0.010821124777547306,0.010821124777547306
r10_572_TrROS_Hall.pdb,E28A,27,-0.1970919670144599,-0.16919889,0.027893081454424207,0.027893081454424207
r10_572_TrROS_Hall.pdb,E28G,27,0.3631518067083323,0.29754806,-0.06560375105952859,0.06560375105952859
r10_572_TrROS_Hall.pdb,E28M,27,-0.0726410422327159,-0.13419107,-0.06155002379397172,0.06155002379397172
r10_572_TrROS_Hall.pdb,E28L,27,0.00928107027091,-0.0987872,-0.10806827370203946,0.10806827370203946
r10_572_TrROS_Hall.pdb,E28V,27,0.0625715390994945,0.1377126,0.07514105874749036,0.07514105874749036
r10_572_TrROS_Hall.pdb,E28I,27,0.0292919381338587,-0.008529305,-0.037821243591927546,0.037821243591927546
r10_572_TrROS_Hall.pdb,E28W,27,-0.1525468729231742,0.034153372,0.18670024497250587,0.18670024497250587
r10_572_TrROS_Hall.pdb,E28Y,27,-0.1805807654645139,0.032825023,0.2134057884003812,0.2134057884003812
r10_572_TrROS_Hall.pdb,E28F,27,-0.1161071977726302,0.062624976,0.178732173811563,0.178732173811563
r10_572_TrROS_Hall.pdb,E28P,27,1.889600228303314,1.1857796,-0.7038206567701109,0.7038206567701109
r10_572_TrROS_Hall.pdb,E28C,27,0.1538951532980013,-0.15752573,-0.3114208864112902,0.3114208864112902
r10_572_TrROS_Hall.pdb,E29Q,28,-0.0465875972451255,-0.117758095,-0.07117049801930932,0.07117049801930932
r10_572_TrROS_Hall.pdb,E29N,28,0.1662415461666255,0.14537627,-0.020865281117644796,0.020865281117644796
r10_572_TrROS_Hall.pdb,E29H,28,-0.2083413821726587,-0.13327202,0.07506936016376284,0.07506936016376284
r10_572_TrROS_Hall.pdb,E29D,28,0.6623543077162748,0.46546865,-0.1968856626204496,0.1968856626204496
r10_572_TrROS_Hall.pdb,E29R,28,-0.0833053727397263,-0.41168463,-0.3283792595616043,0.3283792595616043
r10_572_TrROS_Hall.pdb,E29K,28,-0.1716352702029802,-0.2455611,-0.07392582288898453,0.07392582288898453
r10_572_TrROS_Hall.pdb,E29T,28,-0.1058654077097061,-0.0934048,0.012460608009922769,0.012460608009922769
r10_572_TrROS_Hall.pdb,E29S,28,-0.1270798798719981,-0.010283232,0.1167966481367686,0.1167966481367686
r10_572_TrROS_Hall.pdb,E29A,28,-0.5115509800704992,-0.23159513,0.2799558512958562,0.2799558512958562
r10_572_TrROS_Hall.pdb,E29G,28,0.299531801126772,0.35017455,0.05064274511498823,0.05064274511498823
r10_572_TrROS_Hall.pdb,E29M,28,-0.910346165845734,-0.5282003,0.3821458374956669,0.3821458374956669
r10_572_TrROS_Hall.pdb,E29L,28,-0.7313224233110103,-0.48304814,0.24827428230835524,0.24827428230835524
r10_572_TrROS_Hall.pdb,E29V,28,-0.5310200360421202,-0.29711723,0.23390280276575304,0.23390280276575304
r10_572_TrROS_Hall.pdb,E29I,28,-0.5034029680701195,-0.48852184,0.014881123921483663,0.014881123921483663
r10_572_TrROS_Hall.pdb,E29W,28,-1.3681119516371734,-0.4378898,0.9302221372603423,0.9302221372603423
r10_572_TrROS_Hall.pdb,E29Y,28,-1.065735531708739,-0.4751357,0.5905998178930498,0.5905998178930498
r10_572_TrROS_Hall.pdb,E29F,28,-1.105549985949227,-0.45003062,0.6555193610827414,0.6555193610827414
r10_572_TrROS_Hall.pdb,E29P,28,1.9169834296851365,1.212103,-0.7048804204611985,0.7048804204611985
r10_572_TrROS_Hall.pdb,E29C,28,-1.0730226313404645,-0.53509307,0.5379295622639264,0.5379295622639264
r10_572_TrROS_Hall.pdb,L30Q,29,2.504308019563518,1.6894593,-0.8148486956804613,0.8148486956804613
r10_572_TrROS_Hall.pdb,L30E,29,2.77727629977076,2.2576375,-0.5196387990078204,0.5196387990078204
r10_572_TrROS_Hall.pdb,L30N,29,2.8885649484765046,1.9395087,-0.9490562719475739,0.9490562719475739
r10_572_TrROS_Hall.pdb,L30H,29,2.376996481982861,1.5440202,-0.832976306049023,0.832976306049023
r10_572_TrROS_Hall.pdb,L30D,29,3.088560746357058,2.293598,-0.7949628097268091,0.7949628097268091
r10_572_TrROS_Hall.pdb,L30R,29,2.504105497713172,1.7342305,-0.7698749793721076,0.7698749793721076
r10_572_TrROS_Hall.pdb,L30K,29,2.660799721296786,1.7242739,-0.9365258012375821,0.9365258012375821
r10_572_TrROS_Hall.pdb,L30T,29,1.92204337676586,1.5504787,-0.3715646799427399,0.3715646799427399
r10_572_TrROS_Hall.pdb,L30S,29,2.131055874548353,1.8188018,-0.31225411387483026,0.31225411387483026
r10_572_TrROS_Hall.pdb,L30A,29,1.2066256339813437,1.5491749,0.3425492708419595,0.3425492708419595
r10_572_TrROS_Hall.pdb,L30G,29,1.8353235585445,1.8670735,0.03174997737468943,0.03174997737468943
r10_572_TrROS_Hall.pdb,L30M,29,0.4802872366852346,0.3113557,-0.16893152665563255,0.16893152665563255
r10_572_TrROS_Hall.pdb,L30V,29,1.0624220034109342,1.1565144,0.09409240279328945,0.09409240279328945
r10_572_TrROS_Hall.pdb,L30I,29,0.7835270728490111,0.74391204,-0.03961503166172475,0.03961503166172475
r10_572_TrROS_Hall.pdb,L30W,29,0.659200876486778,0.77590156,0.1167006795282366,0.1167006795282366
r10_572_TrROS_Hall.pdb,L30Y,29,0.7459320073191917,0.61733145,-0.12860056210205917,0.12860056210205917
r10_572_TrROS_Hall.pdb,L30F,29,0.1948223756961087,0.6241674,0.42934500702102385,0.42934500702102385
r10_572_TrROS_Hall.pdb,L30P,29,3.1122917790256617,2.3065147,-0.8057770390354273,0.8057770390354273
r10_572_TrROS_Hall.pdb,L30C,29,0.557551406784996,0.54881716,-0.008734249039634712,0.008734249039634712
r10_572_TrROS_Hall.pdb,A31Q,30,-0.0544185245610084,0.14940812,0.20382664149769206,0.20382664149769206
r10_572_TrROS_Hall.pdb,A31E,30,0.1330900853289591,0.22083136,0.08774127906427515,0.08774127906427515
r10_572_TrROS_Hall.pdb,A31N,30,0.4943167957950285,0.33682463,-0.157492170064514,0.157492170064514
r10_572_TrROS_Hall.pdb,A31H,30,0.1504877583766246,0.30171388,0.15122612550017595,0.15122612550017595
r10_572_TrROS_Hall.pdb,A31D,30,0.8592253050770484,0.42962426,-0.4296010456051551,0.4296010456051551
r10_572_TrROS_Hall.pdb,A31R,30,-0.1842281929239324,0.045553803,0.22978199636784108,0.22978199636784108
r10_572_TrROS_Hall.pdb,A31K,30,0.0794025498742914,0.081664935,0.002262384880080237,0.002262384880080237
r10_572_TrROS_Hall.pdb,A31T,30,0.0446413923269961,0.2747186,0.23007722010548376,0.23007722010548376
r10_572_TrROS_Hall.pdb,A31S,30,0.0851488363881851,0.23567775,0.15052891253034822,0.15052891253034822
r10_572_TrROS_Hall.pdb,A31G,30,0.2931084464951445,0.62892246,0.3358140159682344,0.3358140159682344
r10_572_TrROS_Hall.pdb,A31M,30,-0.1060924419765854,-0.0061275363,0.09996490567974092,0.09996490567974092
r10_572_TrROS_Hall.pdb,A31L,30,-0.0385961656961435,0.033612996,0.07220916203594147,0.07220916203594147
r10_572_TrROS_Hall.pdb,A31V,30,-0.1017872635868499,0.32656196,0.42834922118458246,0.42834922118458246
r10_572_TrROS_Hall.pdb,A31I,30,-0.1633802822697236,0.089096844,0.25247712646604314,0.25247712646604314
r10_572_TrROS_Hall.pdb,A31W,30,0.1424046604830624,0.10771018,-0.03469447781628385,0.03469447781628385
r10_572_TrROS_Hall.pdb,A31Y,30,-0.0930010016273952,0.1564496,0.2494506026815868,0.2494506026815868
r10_572_TrROS_Hall.pdb,A31F,30,0.0165973758504351,0.17338979,0.15679241659188667,0.15679241659188667
r10_572_TrROS_Hall.pdb,A31P,30,1.548463211288074,1.6129727,0.06450952507056851,0.06450952507056851
r10_572_TrROS_Hall.pdb,A31C,30,0.0806788278348999,-0.0066037774,-0.08728260524349975,0.08728260524349975
r10_572_TrROS_Hall.pdb,K32Q,31,0.2539846204501179,0.16658977,-0.08739485370931893,0.08739485370931893
r10_572_TrROS_Hall.pdb,K32E,31,0.9661933782036908,0.29562432,-0.6705690624650128,0.6705690624650128
r10_572_TrROS_Hall.pdb,K32N,31,0.4757597354208203,0.2958519,-0.17990784914838986,0.17990784914838986
r10_572_TrROS_Hall.pdb,K32H,31,0.4813858908658899,0.2804643,-0.2009215992933191,0.2009215992933191
r10_572_TrROS_Hall.pdb,K32D,31,1.1598683807245398,0.44263944,-0.7172289404264593,0.7172289404264593
r10_572_TrROS_Hall.pdb,K32R,31,-0.1295451140762824,0.040003344,0.16954845849290076,0.16954845849290076
r10_572_TrROS_Hall.pdb,K32T,31,0.6279677172872624,0.39735976,-0.23060795867176864,0.23060795867176864
r10_572_TrROS_Hall.pdb,K32S,31,0.4731297185125855,0.28962633,-0.1835033883753327,0.1835033883753327
r10_572_TrROS_Hall.pdb,K32A,31,0.1595654486170961,-0.018342704,-0.17790815219795242,0.17790815219795242
r10_572_TrROS_Hall.pdb,K32G,31,0.7386787595069002,0.41726208,-0.32141668217535724,0.32141668217535724
r10_572_TrROS_Hall.pdb,K32M,31,0.3393628077980546,0.09979001,-0.2395728009220628,0.2395728009220628
r10_572_TrROS_Hall.pdb,K32L,31,0.2464717271131595,0.10569313,-0.14077859542790255,0.14077859542790255
r10_572_TrROS_Hall.pdb,K32V,31,0.792120288271577,0.39977202,-0.3923482700773784,0.3923482700773784
r10_572_TrROS_Hall.pdb,K32I,31,0.4814401398071082,0.2524282,-0.22901193598592595,0.22901193598592595
r10_572_TrROS_Hall.pdb,K32W,31,0.414960253138144,0.256513,-0.15844725360353706,0.15844725360353706
r10_572_TrROS_Hall.pdb,K32Y,31,0.5176348885739408,0.3034522,-0.21418269483691077,0.21418269483691077
r10_572_TrROS_Hall.pdb,K32F,31,0.4292531253420941,0.3365334,-0.09271972790595212,0.09271972790595212
r10_572_TrROS_Hall.pdb,K32P,31,2.145467260910964,1.1321024,-1.013364890648818,1.013364890648818
r10_572_TrROS_Hall.pdb,K32C,31,-0.0866692907640156,0.06475529,0.15142458151070443,0.15142458151070443
r10_572_TrROS_Hall.pdb,A33Q,32,-0.1552991868754385,0.12092602,0.2762252094050406,0.2762252094050406
r10_572_TrROS_Hall.pdb,A33E,32,0.7844786291372148,0.38004816,-0.40443047335260784,0.40443047335260784
r10_572_TrROS_Hall.pdb,A33N,32,0.5387298808014145,0.32586893,-0.2128609464084854,0.2128609464084854
r10_572_TrROS_Hall.pdb,A33H,32,0.0083214050308768,0.23706329,0.22874188365778286,0.22874188365778286
r10_572_TrROS_Hall.pdb,A33D,32,1.2821821492147845,0.6482005,-0.6339816372824114,0.6339816372824114
r10_572_TrROS_Hall.pdb,A33R,32,-0.6487461034054003,-0.11433792,0.5344081822628222,0.5344081822628222
r10_572_TrROS_Hall.pdb,A33K,32,-0.2313665009156773,-0.016965255,0.21440124577441905,0.21440124577441905
r10_572_TrROS_Hall.pdb,A33T,32,0.6791421340538135,0.40485114,-0.27429099546204716,0.27429099546204716
r10_572_TrROS_Hall.pdb,A33S,32,0.3785887265852223,0.3287019,-0.049886813228441296,0.049886813228441296
r10_572_TrROS_Hall.pdb,A33G,32,0.7479311677333924,0.6365539,-0.11137728418084114,0.11137728418084114
r10_572_TrROS_Hall.pdb,A33M,32,-0.5403788467896193,-0.20481008,0.33556876387717427,0.33556876387717427
r10_572_TrROS_Hall.pdb,A33L,32,-0.4886998943855336,-0.19237256,0.29632733388443494,0.29632733388443494
r10_572_TrROS_Hall.pdb,A33V,32,0.3976320735012542,0.25726718,-0.14036489639630423,0.14036489639630423
r10_572_TrROS_Hall.pdb,A33I,32,0.092651224655162,-0.04091285,-0.13356407634640804,0.13356407634640804
r10_572_TrROS_Hall.pdb,A33W,32,-0.6692789242284443,0.016468734,0.6857476577775623,0.6857476577775623
r10_572_TrROS_Hall.pdb,A33Y,32,-0.4831917532058258,0.05665718,0.5398489333959122,0.5398489333959122
r10_572_TrROS_Hall.pdb,A33F,32,-0.3554877688868054,0.044444278,0.3999320467693814,0.3999320467693814
r10_572_TrROS_Hall.pdb,A33P,32,1.9869995287954885,1.5681847,-0.41881479540468036,0.41881479540468036
r10_572_TrROS_Hall.pdb,G34Q,33,1.4684266282215666,1.1558285,-0.3125981522694181,0.3125981522694181
r10_572_TrROS_Hall.pdb,G34E,33,1.6976443537909365,1.3514739,-0.3461704262930727,0.3461704262930727
r10_572_TrROS_Hall.pdb,G34N,33,1.19005256063882,0.88703513,-0.30301742918435215,0.30301742918435215
r10_572_TrROS_Hall.pdb,G34H,33,1.1665128741673,1.0451913,-0.12132158617291533,0.12132158617291533
r10_572_TrROS_Hall.pdb,G34D,33,1.6427559971997112,1.0445479,-0.598208081741032,0.598208081741032
r10_572_TrROS_Hall.pdb,G34R,33,1.4088788420655416,1.376677,-0.0322018057801412,0.0322018057801412
r10_572_TrROS_Hall.pdb,G34K,33,1.2422150598320347,1.2314314,-0.01078369481891217,0.01078369481891217
r10_572_TrROS_Hall.pdb,G34T,33,1.4645891002351448,1.4002026,-0.06438646828476635,0.06438646828476635
r10_572_TrROS_Hall.pdb,G34S,33,1.3112829077039914,1.1274537,-0.18382922289716763,0.18382922289716763
r10_572_TrROS_Hall.pdb,G34A,33,1.362422990119824,1.2774508,-0.08497219017780733,0.08497219017780733
r10_572_TrROS_Hall.pdb,G34M,33,1.1496927003528297,1.1747125,0.02501983836634758,0.02501983836634758
r10_572_TrROS_Hall.pdb,G34L,33,1.1937016028419318,1.1861886,-0.007513024236279975,0.007513024236279975
r10_572_TrROS_Hall.pdb,G34V,33,1.4602254817875564,1.6545588,0.19433329602158667,0.19433329602158667
r10_572_TrROS_Hall.pdb,G34I,33,1.5156464994406489,1.6564157,0.1407692014718267,0.1407692014718267
r10_572_TrROS_Hall.pdb,G34W,33,0.9323564351668894,1.1446098,0.2122533737549246,0.2122533737549246
r10_572_TrROS_Hall.pdb,G34Y,33,1.1839136232702765,1.0744325,-0.10948113101411194,0.10948113101411194
r10_572_TrROS_Hall.pdb,G34F,33,1.0389526887333655,0.91412485,-0.12482784227493049,0.12482784227493049
r10_572_TrROS_Hall.pdb,G34P,33,1.1576530341084608,1.9531288,0.7954757805888049,0.7954757805888049
r10_572_TrROS_Hall.pdb,G34C,33,0.2559975218896784,0.59933734,0.3433398175115667,0.3433398175115667
r10_572_TrROS_Hall.pdb,F35Q,34,1.812320992951509,0.8104279,-1.0018930888224806,1.0018930888224806
r10_572_TrROS_Hall.pdb,F35E,34,2.538679209088243,1.096978,-1.4417012599457868,1.4417012599457868
r10_572_TrROS_Hall.pdb,F35N,34,1.9161691728760435,1.0165325,-0.8996366325546934,0.8996366325546934
r10_572_TrROS_Hall.pdb,F35H,34,1.1018462614351865,0.39067027,-0.7111759917074796,0.7111759917074796
r10_572_TrROS_Hall.pdb,F35D,34,2.4415298052491017,1.4636098,-0.9779199906052418,0.9779199906052418
r10_572_TrROS_Hall.pdb,F35R,34,1.8637473901404653,0.6457969,-1.2179504951133047,1.2179504951133047
r10_572_TrROS_Hall.pdb,F35K,34,1.6418382060641652,0.61574304,-1.026095165025652,1.026095165025652
r10_572_TrROS_Hall.pdb,F35T,34,1.8404448000087807,0.61566204,-1.2247827616825173,1.2247827616825173
r10_572_TrROS_Hall.pdb,F35S,34,2.102682792282555,0.8581188,-1.244564019775841,1.244564019775841
r10_572_TrROS_Hall.pdb,F35A,34,1.788872886368018,0.68931305,-1.09955983228324,1.09955983228324
r10_572_TrROS_Hall.pdb,F35G,34,2.049476063703548,1.1660743,-0.8834017877330891,0.8834017877330891
r10_572_TrROS_Hall.pdb,F35M,34,0.8425778358370346,0.30936944,-0.5332083909899277,0.5332083909899277
r10_572_TrROS_Hall.pdb,F35L,34,0.6676222116328465,0.16775882,-0.49986338919174544,0.49986338919174544
r10_572_TrROS_Hall.pdb,F35V,34,0.7951913398051187,0.113656044,-0.681535295798771,0.681535295798771
r10_572_TrROS_Hall.pdb,F35I,34,0.3861992754873675,-0.040680826,-0.4268801011976641,0.4268801011976641
r10_572_TrROS_Hall.pdb,F35W,34,-0.0519801168983784,0.036535382,0.08851549916919138,0.08851549916919138
r10_572_TrROS_Hall.pdb,F35Y,34,-0.1891272316133267,-0.14557046,0.043556774631667766,0.043556774631667766
r10_572_TrROS_Hall.pdb,F35P,34,2.448652753075585,1.1688871,-1.2797656147088858,1.2797656147088858
r10_572_TrROS_Hall.pdb,F35C,34,0.4018522388684138,0.091414034,-0.31043820450180615,0.31043820450180615
r10_572_TrROS_Hall.pdb,K36Q,35,0.4905550658023108,0.24858572,-0.24196934991238006,0.24196934991238006
r10_572_TrROS_Hall.pdb,K36E,35,0.8477947148363105,0.4777518,-0.37004292335910716,0.37004292335910716
r10_572_TrROS_Hall.pdb,K36N,35,0.2622248576232318,0.1754103,-0.08681455712999142,0.08681455712999142
r10_572_TrROS_Hall.pdb,K36H,35,0.4631803329377102,0.2393215,-0.2238588328747677,0.2238588328747677
r10_572_TrROS_Hall.pdb,K36D,35,0.6568109514090108,0.5475045,-0.1093064667555379,0.1093064667555379
r10_572_TrROS_Hall.pdb,K36R,35,0.0710172741196979,0.0068804026,-0.06413687155469545,0.06413687155469545
r10_572_TrROS_Hall.pdb,K36T,35,0.4164209209896206,0.19514674,-0.22127418150674094,0.22127418150674094
r10_572_TrROS_Hall.pdb,K36S,35,0.3500704174114823,0.271019,-0.07905140567556618,0.07905140567556618
r10_572_TrROS_Hall.pdb,K36A,35,0.4086204587412001,0.28317305,-0.1254474042844893,0.1254474042844893
r10_572_TrROS_Hall.pdb,K36G,35,0.8692827089334663,0.58715117,-0.28213153915654976,0.28213153915654976
r10_572_TrROS_Hall.pdb,K36M,35,0.3238601045217946,0.27458674,-0.04927336736588028,0.04927336736588028
r10_572_TrROS_Hall.pdb,K36L,35,0.3644243416976946,0.196688,-0.16773634531021292,0.16773634531021292
r10_572_TrROS_Hall.pdb,K36V,35,0.4110359026485803,0.18472874,-0.22630716100276732,0.22630716100276732
r10_572_TrROS_Hall.pdb,K36I,35,0.3032950573432944,0.086687505,-0.2166075520980857,0.2166075520980857
r10_572_TrROS_Hall.pdb,K36W,35,0.744668631172408,0.311488,-0.43318062863372697,0.43318062863372697
r10_572_TrROS_Hall.pdb,K36Y,35,0.5810741860830779,0.30970538,-0.2713688094580169,0.2713688094580169
r10_572_TrROS_Hall.pdb,K36F,35,0.5230658378048769,0.3364758,-0.18659004825791037,0.18659004825791037
r10_572_TrROS_Hall.pdb,K36P,35,0.9758273752790968,0.8063361,-0.16949127040925427,0.16949127040925427
r10_572_TrROS_Hall.pdb,K36C,35,0.1861982314129937,0.13973404,-0.04646418674193503,0.04646418674193503
r10_572_TrROS_Hall.pdb,I37Q,36,0.1832005804896899,1.5445299,1.3613293343662671,1.3613293343662671
r10_572_TrROS_Hall.pdb,I37E,36,0.6860482044515135,1.534374,0.8483257941904543,0.8483257941904543
r10_572_TrROS_Hall.pdb,I37N,36,0.3726723073540405,1.5862896,1.2136173368872925,1.2136173368872925
r10_572_TrROS_Hall.pdb,I37H,36,0.4025030527446067,1.3884331,0.985930046048423,0.985930046048423
r10_572_TrROS_Hall.pdb,I37D,36,0.3529764670850621,1.5942042,1.2412277203081263,1.2412277203081263
r10_572_TrROS_Hall.pdb,I37R,36,0.1883887811253179,1.7199931,1.5316043333461176,1.5316043333461176
r10_572_TrROS_Hall.pdb,I37K,36,0.4239901433423707,1.690235,1.2662448753877928,1.2662448753877928
r10_572_TrROS_Hall.pdb,I37T,36,0.4834486383344583,1.1794083,0.6959596735094138,0.6959596735094138
r10_572_TrROS_Hall.pdb,I37S,36,0.3274938950105861,1.5483775,1.220883618874912,1.220883618874912
r10_572_TrROS_Hall.pdb,I37A,36,0.2374160411197183,1.1918087,0.9543926594418051,0.9543926594418051
r10_572_TrROS_Hall.pdb,I37G,36,0.5242229858049505,1.6658318,1.1416088184705622,1.1416088184705622
r10_572_TrROS_Hall.pdb,I37M,36,0.0976175203967164,0.83356225,0.7359447345089842,0.7359447345089842
r10_572_TrROS_Hall.pdb,I37L,36,0.2012064688983637,0.57426906,0.37306258742182674,0.37306258742182674
r10_572_TrROS_Hall.pdb,I37V,36,0.0542019866330187,0.19919652,0.14499453083448008,0.14499453083448008
r10_572_TrROS_Hall.pdb,I37W,36,0.032336938558096,0.78019655,0.7478596089501437,0.7478596089501437
r10_572_TrROS_Hall.pdb,I37Y,36,0.159113459785444,0.8894838,0.7303703496856864,0.7303703496856864
r10_572_TrROS_Hall.pdb,I37F,36,0.2728502554694314,0.7497475,0.4768972592553,0.4768972592553
r10_572_TrROS_Hall.pdb,I37P,36,0.1266305749054339,1.2546492,1.1280185873870465,1.1280185873870465
r10_572_TrROS_Hall.pdb,I37C,36,0.295674200783973,0.6438421,0.34816790031313394,0.34816790031313394
r10_572_TrROS_Hall.pdb,E38Q,37,-0.2471464527724283,-0.06867254,0.1784739149687784,0.1784739149687784
r10_572_TrROS_Hall.pdb,E38N,37,0.0060562392305927,0.2941782,0.2881219486165448,0.2881219486165448
r10_572_TrROS_Hall.pdb,E38H,37,-0.1821886503059144,0.06954423,0.2517328836876626,0.2517328836876626
r10_572_TrROS_Hall.pdb,E38D,37,0.0159051222309809,0.42371482,0.4078096943393011,0.4078096943393011
r10_572_TrROS_Hall.pdb,E38R,37,-0.4935553523795022,-0.04842248,0.44513287424010173,0.44513287424010173
r10_572_TrROS_Hall.pdb,E38K,37,-0.4667919840902104,-0.11327939,0.3535125967353596,0.3535125967353596
r10_572_TrROS_Hall.pdb,E38T,37,-0.5250157923079466,0.10066067,0.6256764591313337,0.6256764591313337
r10_572_TrROS_Hall.pdb,E38S,37,-0.2361342767106036,0.050854508,0.28698878454432286,0.28698878454432286
r10_572_TrROS_Hall.pdb,E38A,37,-0.2523110592666975,-0.244733,0.007578053504597282,0.007578053504597282
r10_572_TrROS_Hall.pdb,E38G,37,0.2068808006808895,0.2924025,0.0855217051937443,0.0855217051937443
r10_572_TrROS_Hall.pdb,E38M,37,-0.5746731821916105,-0.1296697,0.44500348609900486,0.44500348609900486
r10_572_TrROS_Hall.pdb,E38L,37,-0.7202775198219822,-0.14538655,0.5748909729717777,0.5748909729717777
r10_572_TrROS_Hall.pdb,E38V,37,-0.7496645746456005,0.067238376,0.8169029501901486,0.8169029501901486
r10_572_TrROS_Hall.pdb,E38I,37,-0.7227427705945857,-0.020869635,0.7018731355490573,0.7018731355490573
r10_572_TrROS_Hall.pdb,E38W,37,-0.4536243174722862,0.05156617,0.5051904861381722,0.5051904861381722
r10_572_TrROS_Hall.pdb,E38Y,37,-0.3487867520576246,0.03129907,0.38008582158143595,0.38008582158143595
r10_572_TrROS_Hall.pdb,E38F,37,-0.362629897608532,0.075042136,0.4376720336220398,0.4376720336220398
r10_572_TrROS_Hall.pdb,E38P,37,1.061905044624097,1.1301262,0.06822119324516573,0.06822119324516573
r10_572_TrROS_Hall.pdb,E38C,37,-0.2769448636237452,-0.21495163,0.06199322921670175,0.06199322921670175
r10_572_TrROS_Hall.pdb,E39Q,38,-0.1951703591260285,0.0025790185,0.1977493775996537,0.1977493775996537
r10_572_TrROS_Hall.pdb,E39N,38,-0.1561965818321962,-0.12821573,0.027980851641919102,0.027980851641919102
r10_572_TrROS_Hall.pdb,E39H,38,-0.1154148426370742,-0.17792913,-0.06251429053972939,0.06251429053972939
r10_572_TrROS_Hall.pdb,E39D,38,-0.0835060216879064,0.16377851,0.24728453535787404,0.24728453535787404
r10_572_TrROS_Hall.pdb,E39R,38,0.0162007999651936,-0.13604379,-0.15224458696775708,0.15224458696775708
r10_572_TrROS_Hall.pdb,E39K,38,0.0216126212294733,-0.054842193,-0.07645481390911693,0.07645481390911693
r10_572_TrROS_Hall.pdb,E39T,38,-0.3086888425872316,-0.16107742,0.14761141770338915,0.14761141770338915
r10_572_TrROS_Hall.pdb,E39S,38,-0.5368942039420506,-0.22519964,0.31169456414483987,0.31169456414483987
r10_572_TrROS_Hall.pdb,E39A,38,-0.1940107000461681,-0.021503292,0.17250740802203252,0.17250740802203252
r10_572_TrROS_Hall.pdb,E39G,38,0.1720853074948483,0.27895516,0.10686985407665439,0.10686985407665439
r10_572_TrROS_Hall.pdb,E39M,38,-0.1038103665661176,-0.021669857,0.08214050936215718,0.08214050936215718
r10_572_TrROS_Hall.pdb,E39L,38,-0.0907644107689815,0.034951784,0.12571619448566013,0.12571619448566013
r10_572_TrROS_Hall.pdb,E39V,38,-0.0982543354661964,0.037724704,0.13597903901653513,0.13597903901653513
r10_572_TrROS_Hall.pdb,E39I,38,-0.4771746899430598,0.0002598986,0.4774345885460223,0.4774345885460223
r10_572_TrROS_Hall.pdb,E39W,38,-0.6383850447274453,-0.20399046,0.4343945852853066,0.4343945852853066
r10_572_TrROS_Hall.pdb,E39Y,38,-0.4276937201033322,-0.21498162,0.2127121045599667,0.2127121045599667
r10_572_TrROS_Hall.pdb,E39F,38,-0.2228428060240106,-0.13528605,0.08755675796931547,0.08755675796931547
r10_572_TrROS_Hall.pdb,E39P,38,1.365147982291974,1.002898,-0.3622500044629946,0.3622500044629946
r10_572_TrROS_Hall.pdb,I40Q,39,1.670008266209975,1.8258237,0.15581539845524728,0.15581539845524728
r10_572_TrROS_Hall.pdb,I40E,39,1.736194719557418,2.0604994,0.3243047101453407,0.3243047101453407
r10_572_TrROS_Hall.pdb,I40N,39,1.6545696482087262,2.2491052,0.5945355668639056,0.5945355668639056
r10_572_TrROS_Hall.pdb,I40H,39,1.758406389517076,1.7855984,0.027192007737867785,0.027192007737867785
r10_572_TrROS_Hall.pdb,I40D,39,1.8176493857399691,2.1376636,0.32001421708901034,0.32001421708901034
r10_572_TrROS_Hall.pdb,I40R,39,1.6997309820311737,2.158567,0.4588359697205353,0.4588359697205353
r10_572_TrROS_Hall.pdb,I40K,39,1.6898886601562486,2.0836945,0.3938057978515639,0.3938057978515639
r10_572_TrROS_Hall.pdb,I40T,39,1.346695870669787,1.5879273,0.24123147079139473,0.24123147079139473
r10_572_TrROS_Hall.pdb,I40S,39,1.545481323137074,1.9827101,0.4372287999250597,0.4372287999250597
r10_572_TrROS_Hall.pdb,I40A,39,1.023735902174609,1.5457013,0.5219653631604739,0.5219653631604739
r10_572_TrROS_Hall.pdb,I40G,39,1.5730976000752803,2.2154963,0.6423987015757207,0.6423987015757207
r10_572_TrROS_Hall.pdb,I40M,39,0.2644742532025175,0.57729304,0.3128187851657076,0.3128187851657076
r10_572_TrROS_Hall.pdb,I40L,39,0.3790056283061855,0.4784099,0.09940425805398295,0.09940425805398295
r10_572_TrROS_Hall.pdb,I40V,39,0.5275666084819828,0.668639,0.1410723957485165,0.1410723957485165
r10_572_TrROS_Hall.pdb,I40W,39,0.1997891846609225,0.78994054,0.5901513513612637,0.5901513513612637
r10_572_TrROS_Hall.pdb,I40Y,39,0.2842655967573506,0.9022038,0.6179382015367167,0.6179382015367167
r10_572_TrROS_Hall.pdb,I40F,39,0.1031468759230254,0.4894151,0.38626823323453685,0.38626823323453685
r10_572_TrROS_Hall.pdb,I40P,39,1.7771290464405485,2.293956,0.5168269948955111,0.5168269948955111
r10_572_TrROS_Hall.pdb,I40C,39,0.7324755783185521,0.8378236,0.10534805106072032,0.10534805106072032
r10_572_TrROS_Hall.pdb,E41Q,40,-0.0367310486618266,0.048983112,0.08571416063940382,0.08571416063940382
r10_572_TrROS_Hall.pdb,E41N,40,0.2423329126804807,0.17848799,-0.06384492635426306,0.06384492635426306
r10_572_TrROS_Hall.pdb,E41H,40,-0.0334787969877288,-0.04167743,-0.008198633284373556,0.008198633284373556
r10_572_TrROS_Hall.pdb,E41D,40,0.5143274128334903,0.30737212,-0.20695528983048428,0.20695528983048428
r10_572_TrROS_Hall.pdb,E41R,40,-0.0221079721388215,0.09595838,0.11806635403007211,0.11806635403007211
r10_572_TrROS_Hall.pdb,E41K,40,0.1620284156742095,0.11867825,-0.043350166255474,0.043350166255474
r10_572_TrROS_Hall.pdb,E41T,40,-0.1173183693417976,0.04114099,0.15845935781092144,0.15845935781092144
r10_572_TrROS_Hall.pdb,E41S,40,0.0351365974623769,0.13806698,0.10293037980012004,0.10293037980012004
r10_572_TrROS_Hall.pdb,E41A,40,0.2274422553889064,0.11047285,-0.11696940488736907,0.11696940488736907
r10_572_TrROS_Hall.pdb,E41G,40,0.4633204667748982,0.5293378,0.0660173566160625,0.0660173566160625
r10_572_TrROS_Hall.pdb,E41M,40,-0.2018776130620123,-0.06517946,0.13669815331135998,0.13669815331135998
r10_572_TrROS_Hall.pdb,E41L,40,-0.198151324740115,-0.021995835,0.17615548973387796,0.17615548973387796
r10_572_TrROS_Hall.pdb,E41V,40,-0.1604157984009298,-0.11359223,0.046823568617394784,0.046823568617394784
r10_572_TrROS_Hall.pdb,E41I,40,-0.3730167162913123,-0.20205846,0.17095825200260073,0.17095825200260073
r10_572_TrROS_Hall.pdb,E41W,40,-0.756520116034491,-0.18618584,0.5703342792424988,0.5703342792424988
r10_572_TrROS_Hall.pdb,E41Y,40,-0.5096402912911193,-0.2045041,0.3051361888226287,0.3051361888226287
r10_572_TrROS_Hall.pdb,E41F,40,-0.4669774318800286,-0.19987568,0.26710174928763664,0.26710174928763664
r10_572_TrROS_Hall.pdb,E41P,40,1.610338077682712,1.271316,-0.3390220261995578,0.3390220261995578
r10_572_TrROS_Hall.pdb,E41C,40,-0.4425647101202523,-0.27093273,0.17163197610764852,0.17163197610764852
r10_572_TrROS_Hall.pdb,V42Q,41,0.98474606845734,1.1200677,0.1353216471874964,0.1353216471874964
r10_572_TrROS_Hall.pdb,V42E,41,1.280273988111134,1.3158238,0.03554980530012086,0.03554980530012086
r10_572_TrROS_Hall.pdb,V42N,41,1.1528439062526976,1.4452785,0.2924346190997804,0.2924346190997804
r10_572_TrROS_Hall.pdb,V42H,41,0.8029948008376957,0.8600645,0.05706970569306602,0.05706970569306602
r10_572_TrROS_Hall.pdb,V42D,41,1.4184051816707464,1.5405886,0.12218343565408274,0.12218343565408274
r10_572_TrROS_Hall.pdb,V42R,41,0.6396877262609415,1.1692715,0.5295837428552694,0.5295837428552694
r10_572_TrROS_Hall.pdb,V42K,41,0.8820293059794742,1.150806,0.26877664418532077,0.26877664418532077
r10_572_TrROS_Hall.pdb,V42T,41,0.67000139550486,0.6077931,-0.06220830277719891,0.06220830277719891
r10_572_TrROS_Hall.pdb,V42S,41,0.8480492756030444,0.9681514,0.12010211494947631,0.12010211494947631
r10_572_TrROS_Hall.pdb,V42A,41,0.7698211898391527,0.61013937,-0.1596818198745531,0.1596818198745531
r10_572_TrROS_Hall.pdb,V42G,41,0.9421000655689497,1.4272594,0.48515937962148004,0.48515937962148004
r10_572_TrROS_Hall.pdb,V42M,41,0.2310171967768188,0.17686412,-0.0541530793928619,0.0541530793928619
r10_572_TrROS_Hall.pdb,V42L,41,0.3789290321656104,0.06692058,-0.31200845368584357,0.31200845368584357
r10_572_TrROS_Hall.pdb,V42I,41,-0.3139175233411064,-0.2423864,0.07153112264149092,0.07153112264149092
r10_572_TrROS_Hall.pdb,V42W,41,-0.1617872211063997,-0.1083954,0.05339182344328325,0.05339182344328325
r10_572_TrROS_Hall.pdb,V42Y,41,0.0500312403466671,-0.043927014,-0.09395825422072106,0.09395825422072106
r10_572_TrROS_Hall.pdb,V42F,41,-0.364721278837802,-0.07164204,0.2930792376314421,0.2930792376314421
r10_572_TrROS_Hall.pdb,V42P,41,0.8662022323681082,1.4226799,0.5564776687549386,0.5564776687549386
r10_572_TrROS_Hall.pdb,V42C,41,0.5253517991237908,0.08725059,-0.43810120879938896,0.43810120879938896
r10_572_TrROS_Hall.pdb,Y43Q,42,0.9047878858247738,0.8927406,-0.012047278563116048,0.012047278563116048
r10_572_TrROS_Hall.pdb,Y43E,42,1.1927855543383288,1.0199096,-0.1728759340532946,0.1728759340532946
r10_572_TrROS_Hall.pdb,Y43N,42,1.019373215621855,1.1949364,0.17556317906961239,0.17556317906961239
r10_572_TrROS_Hall.pdb,Y43H,42,0.7153154975159977,0.6587132,-0.05660227596600986,0.05660227596600986
r10_572_TrROS_Hall.pdb,Y43D,42,1.45981672566946,1.4809065,0.02108976084177039,0.02108976084177039
r10_572_TrROS_Hall.pdb,Y43R,42,0.6179000039570748,0.8046824,0.18678237004347453,0.18678237004347453
r10_572_TrROS_Hall.pdb,Y43K,42,0.7873690656247057,0.93296194,0.1455928751406752,0.1455928751406752
r10_572_TrROS_Hall.pdb,Y43T,42,0.4796938815708107,0.62525654,0.14556265682030256,0.14556265682030256
r10_572_TrROS_Hall.pdb,Y43S,42,0.5688017218807024,0.8846986,0.31589690749857,0.31589690749857
r10_572_TrROS_Hall.pdb,Y43A,42,0.8707972232941956,0.92663145,0.05583422735888055,0.05583422735888055
r10_572_TrROS_Hall.pdb,Y43G,42,0.8876929505471249,1.5115776,0.6238846556540469,0.6238846556540469
r10_572_TrROS_Hall.pdb,Y43M,42,0.2380215610914784,0.31985176,0.08183019500440783,0.08183019500440783
r10_572_TrROS_Hall.pdb,Y43L,42,0.2670353830095724,0.43150854,0.16447315809760532,0.16447315809760532
r10_572_TrROS_Hall.pdb,Y43V,42,0.4201236755610562,0.3368815,-0.08324218699942593,0.08324218699942593
r10_572_TrROS_Hall.pdb,Y43I,42,0.2764251133426265,0.12360585,-0.15281926598392287,0.15281926598392287
r10_572_TrROS_Hall.pdb,Y43W,42,-0.0848986331854186,0.027695775,0.11259440821746206,0.11259440821746206
r10_572_TrROS_Hall.pdb,Y43F,42,0.0715978351158161,0.044750214,-0.02684762149276923,0.02684762149276923
r10_572_TrROS_Hall.pdb,Y43P,42,1.4651542895085758,2.020374,0.5552197701685482,0.5552197701685482
r10_572_TrROS_Hall.pdb,Y43C,42,0.1970867699543461,0.18139729,-0.01568948091664163,0.01568948091664163
r10_572_TrROS_Hall.pdb,E44Q,43,-0.0976118363277747,0.1147709,0.21238273306058186,0.21238273306058186
r10_572_TrROS_Hall.pdb,E44N,43,-0.0843724858153054,0.21035424,0.29472672456385585,0.29472672456385585
r10_572_TrROS_Hall.pdb,E44H,43,-0.2284766258447828,-0.1199705,0.10850612537557502,0.10850612537557502
r10_572_TrROS_Hall.pdb,E44D,43,0.0165719039144889,0.43786263,0.42129073074432455,0.42129073074432455
r10_572_TrROS_Hall.pdb,E44R,43,-0.1826494174698836,0.024158187,0.20680760468044346,0.20680760468044346
r10_572_TrROS_Hall.pdb,E44K,43,-0.0276003961614659,0.08358724,0.11118763286390806,0.11118763286390806
r10_572_TrROS_Hall.pdb,E44T,43,-0.2253089502112137,-0.0002501309,0.22505881931941377,0.22505881931941377
r10_572_TrROS_Hall.pdb,E44S,43,-0.2151968702950024,0.13258493,0.34778179976124995,0.34778179976124995
r10_572_TrROS_Hall.pdb,E44A,43,-0.2150623035690313,0.024436273,0.23949857624979073,0.23949857624979073
r10_572_TrROS_Hall.pdb,E44G,43,0.1406492952128326,0.4502983,0.3096490141133393,0.3096490141133393
r10_572_TrROS_Hall.pdb,E44M,43,-0.2082468852805354,-0.1100967,0.09815018479101437,0.09815018479101437
r10_572_TrROS_Hall.pdb,E44L,43,-0.0948710727984263,-0.1595855,-0.06471443292552695,0.06471443292552695
r10_572_TrROS_Hall.pdb,E44V,43,-0.2540927484803763,-0.30115288,-0.04706013647979829,0.04706013647979829
r10_572_TrROS_Hall.pdb,E44I,43,-0.2021798341446228,-0.33019128,-0.1280114502734833,0.1280114502734833
r10_572_TrROS_Hall.pdb,E44W,43,-0.5692219664257476,-0.4259687,0.14325325981792902,0.14325325981792902
r10_572_TrROS_Hall.pdb,E44Y,43,-0.4005372245739842,-0.4173055,-0.016768274741277622,0.016768274741277622
r10_572_TrROS_Hall.pdb,E44F,43,-0.2297407949757475,-0.39064866,-0.16090786806822832,0.16090786806822832
r10_572_TrROS_Hall.pdb,E44P,43,0.2099526073474473,0.7239369,0.5139843080501967,0.5139843080501967
r10_572_TrROS_Hall.pdb,E44C,43,-0.380941761047862,-0.36335808,0.017583680660746503,0.017583680660746503
r10_572_TrROS_Hall.pdb,V45Q,44,0.1862826845176344,0.3880716,0.20178891210483263,0.20178891210483263
r10_572_TrROS_Hall.pdb,V45E,44,0.4281940551856555,0.59052604,0.1623319891830884,0.1623319891830884
r10_572_TrROS_Hall.pdb,V45N,44,0.2232324702540324,0.5720998,0.3488673346242025,0.3488673346242025
r10_572_TrROS_Hall.pdb,V45H,44,-0.0486118550954222,0.3198129,0.3684247489629149,0.3684247489629149
r10_572_TrROS_Hall.pdb,V45D,44,0.524631950636488,0.8557439,0.33111193440379516,0.33111193440379516
r10_572_TrROS_Hall.pdb,V45R,44,-0.2999527853223873,0.3301821,0.630134890625198,0.630134890625198
r10_572_TrROS_Hall.pdb,V45K,44,0.0390392134968848,0.35609066,0.31705145136670165,0.31705145136670165
r10_572_TrROS_Hall.pdb,V45T,44,0.1559794749620424,0.3742842,0.21830473285884994,0.21830473285884994
r10_572_TrROS_Hall.pdb,V45S,44,0.1731537686269528,0.4900271,0.31687333122084077,0.31687333122084077
r10_572_TrROS_Hall.pdb,V45A,44,0.0975946514853944,0.34323075,0.2456361026516448,0.2456361026516448
r10_572_TrROS_Hall.pdb,V45G,44,0.2741947415785968,0.8465377,0.5723429676575482,0.5723429676575482
r10_572_TrROS_Hall.pdb,V45M,44,-0.0307413049307436,0.119444355,0.1501856602993578,0.1501856602993578
r10_572_TrROS_Hall.pdb,V45L,44,0.0402325630248747,0.06836823,0.028135663264874447,0.028135663264874447
r10_572_TrROS_Hall.pdb,V45I,44,-0.0600758834925381,-0.105124325,-0.04504844106762731,0.04504844106762731
r10_572_TrROS_Hall.pdb,V45W,44,0.0138113253692888,0.13585298,0.12204165226418745,0.12204165226418745
r10_572_TrROS_Hall.pdb,V45Y,44,-0.0863826270872301,0.11704208,0.20342470665513934,0.20342470665513934
r10_572_TrROS_Hall.pdb,V45F,44,-0.1125493264837116,0.1893241,0.3018734223289341,0.3018734223289341
r10_572_TrROS_Hall.pdb,V45P,44,0.3291872940780185,1.2174742,0.888286928105209,0.888286928105209
r10_572_TrROS_Hall.pdb,V45C,44,-0.058458186909319,-0.025558561,0.032899625822664334,0.032899625822664334
r10_572_TrROS_Hall.pdb,E46Q,45,-0.0728747689415305,0.052873813,0.12574858155740193,0.12574858155740193
r10_572_TrROS_Hall.pdb,E46N,45,-0.2380805231987275,0.05093019,0.28901071403015033,0.28901071403015033
r10_572_TrROS_Hall.pdb,E46H,45,-0.2249255232081184,-0.005574316,0.2193512074217567,0.2193512074217567
r10_572_TrROS_Hall.pdb,E46D,45,-0.0102370421824917,0.16038226,0.17061929809431878,0.17061929809431878
r10_572_TrROS_Hall.pdb,E46R,45,0.0565850635174642,0.042989083,-0.013595980883015196,0.013595980883015196
r10_572_TrROS_Hall.pdb,E46K,45,-0.1331391939175645,-0.017105207,0.11603398707037366,0.11603398707037366
r10_572_TrROS_Hall.pdb,E46T,45,0.1065857339700215,0.10808237,0.0014966349998958017,0.0014966349998958017
r10_572_TrROS_Hall.pdb,E46S,45,0.0319571344479796,0.028548438,-0.0034086963459726907,0.0034086963459726907
r10_572_TrROS_Hall.pdb,E46A,45,-0.0690023964970305,-0.024205104,0.04479729298045182,0.04479729298045182
r10_572_TrROS_Hall.pdb,E46G,45,0.1161248858385262,0.14338237,0.027257484633428142,0.027257484633428142
r10_572_TrROS_Hall.pdb,E46M,45,-0.3008672715787917,0.03866517,0.3395324432914286,0.3395324432914286
r10_572_TrROS_Hall.pdb,E46L,45,-0.2137832108424922,-0.03467855,0.17910466226804456,0.17910466226804456
r10_572_TrROS_Hall.pdb,E46V,45,-0.0389015282361335,0.045879338,0.08478086617277328,0.08478086617277328
r10_572_TrROS_Hall.pdb,E46I,45,-0.0813394507102249,0.06616226,0.14750170909683685,0.14750170909683685
r10_572_TrROS_Hall.pdb,E46W,45,-0.4370422190366985,-0.023365855,0.4136763638197185,0.4136763638197185
r10_572_TrROS_Hall.pdb,E46Y,45,-0.4832418680642494,0.0029005557,0.48614242379411543,0.48614242379411543
r10_572_TrROS_Hall.pdb,E46F,45,-0.3525349103037105,0.09480107,0.4473359786096797,0.4473359786096797
r10_572_TrROS_Hall.pdb,E46P,45,-0.2435920121211761,0.005023975,0.2486159870464557,0.2486159870464557
r10_572_TrROS_Hall.pdb,E46C,45,-0.2453745017055975,-0.18163736,0.06373714005989894,0.06373714005989894
r10_572_TrROS_Hall.pdb,P47Q,46,0.2590122938013817,0.37609082,0.11707853080265274,0.11707853080265274
r10_572_TrROS_Hall.pdb,P47E,46,0.4068187595798713,0.25671828,-0.1501004816486579,0.1501004816486579
r10_572_TrROS_Hall.pdb,P47N,46,0.2026800333548921,0.25311774,0.05043770679937426,0.05043770679937426
r10_572_TrROS_Hall.pdb,P47H,46,0.31230680346082,0.29834706,-0.013959747548802193,0.013959747548802193
r10_572_TrROS_Hall.pdb,P47D,46,0.3561147098113215,0.26039416,-0.09572055383216499,0.09572055383216499
r10_572_TrROS_Hall.pdb,P47R,46,0.3206730373491462,0.38673255,0.0660595111261193,0.0660595111261193
r10_572_TrROS_Hall.pdb,P47K,46,0.3195064689553897,0.3150201,-0.004486354771963796,0.004486354771963796
r10_572_TrROS_Hall.pdb,P47T,46,0.2008121525943322,0.415421,0.21460885646938851,0.21460885646938851
r10_572_TrROS_Hall.pdb,P47S,46,0.1691274563143521,0.246737,0.0776095470120639,0.0776095470120639
r10_572_TrROS_Hall.pdb,P47A,46,0.3157726415496658,0.2443536,-0.07141903425272211,0.07141903425272211
r10_572_TrROS_Hall.pdb,P47G,46,0.232741275678868,0.35976455,0.12702327047706158,0.12702327047706158
r10_572_TrROS_Hall.pdb,P47M,46,0.1873108418267786,0.4028735,0.2155626444536627,0.2155626444536627
r10_572_TrROS_Hall.pdb,P47L,46,0.1300156409463855,0.33627954,0.20626390030765807,0.20626390030765807
r10_572_TrROS_Hall.pdb,P47V,46,0.2800236414405046,0.3515672,0.07154356732643263,0.07154356732643263
r10_572_TrROS_Hall.pdb,P47I,46,0.1942255173774225,0.4305575,0.2363319720177191,0.2363319720177191
r10_572_TrROS_Hall.pdb,P47W,46,0.2650795963014585,0.31060925,0.04552965495929895,0.04552965495929895
r10_572_TrROS_Hall.pdb,P47Y,46,0.2052964297338815,0.36738515,0.16208871926819368,0.16208871926819368
r10_572_TrROS_Hall.pdb,P47F,46,0.1954863508351305,0.47472456,0.27923821014089795,0.27923821014089795
r10_572_TrROS_Hall.pdb,P47C,46,0.0584795733473533,0.16378489,0.10530531801960533,0.10530531801960533
r11_569_TrROS_Hall.pdb,M1Q,0,0.8694481679431503,0.7549705,-0.11447767701068567,0.11447767701068567
r11_569_TrROS_Hall.pdb,M1E,0,1.3902286012997729,0.8884745,-0.5017540772786242,0.5017540772786242
r11_569_TrROS_Hall.pdb,M1N,0,0.94205566185974,1.0203142,0.07825855475402954,0.07825855475402954
r11_569_TrROS_Hall.pdb,M1H,0,1.0058022904980193,0.6915586,-0.3142436910259734,0.3142436910259734
r11_569_TrROS_Hall.pdb,M1D,0,1.2025860556976038,1.1355197,-0.06706631273190555,0.06706631273190555
r11_569_TrROS_Hall.pdb,M1R,0,1.205395830832125,0.7005336,-0.50486220236838,0.50486220236838
r11_569_TrROS_Hall.pdb,M1K,0,1.384741860517722,0.7282115,-0.656530338415366,0.656530338415366
r11_569_TrROS_Hall.pdb,M1T,0,0.2467558662050557,0.53482646,0.288070591295402,0.288070591295402
r11_569_TrROS_Hall.pdb,M1S,0,0.6996701969436252,0.7628087,0.06313848359073759,0.06313848359073759
r11_569_TrROS_Hall.pdb,M1A,0,0.4246835374435631,0.51319075,0.08850720886380997,0.08850720886380997
r11_569_TrROS_Hall.pdb,M1G,0,0.8864785670971465,0.96850723,0.08202866318468338,0.08202866318468338
r11_569_TrROS_Hall.pdb,M1L,0,0.1318959922508686,0.14055216,0.00865617087321588,0.00865617087321588
r11_569_TrROS_Hall.pdb,M1V,0,0.2337191449146729,0.17346588,-0.06025326714329535,0.06025326714329535
r11_569_TrROS_Hall.pdb,M1I,0,-0.0358120341052503,-0.019983768,0.015828265642115535,0.015828265642115535
r11_569_TrROS_Hall.pdb,M1W,0,-0.4597852674347762,-0.09732771,0.36245755823677817,0.36245755823677817
r11_569_TrROS_Hall.pdb,M1Y,0,-0.0101599361888806,0.0206182,0.030778136491004623,0.030778136491004623
r11_569_TrROS_Hall.pdb,M1F,0,0.0171993782555557,-0.08899963,-0.10619900727624662,0.10619900727624662
r11_569_TrROS_Hall.pdb,M1P,0,0.5351692271619859,0.8696598,0.33449055429400776,0.33449055429400776
r11_569_TrROS_Hall.pdb,M1C,0,-0.3757660438400156,0.020152926,0.39591897028502293,0.39591897028502293
r11_569_TrROS_Hall.pdb,K2Q,1,-0.0237906797905167,0.16944805,0.19323872766687472,0.19323872766687472
r11_569_TrROS_Hall.pdb,K2E,1,0.729591452372714,0.37811178,-0.35147967268292524,0.35147967268292524
r11_569_TrROS_Hall.pdb,K2N,1,0.6514349292767911,0.40551636,-0.24591857304700904,0.24591857304700904
r11_569_TrROS_Hall.pdb,K2H,1,0.3650236988061464,0.10074862,-0.26427507787881255,0.26427507787881255
r11_569_TrROS_Hall.pdb,K2D,1,1.6365570062444903,0.7957077,-0.8408493036077715,0.8408493036077715
r11_569_TrROS_Hall.pdb,K2R,1,-0.3819383178612128,-0.046021365,0.33591695323194415,0.33591695323194415
r11_569_TrROS_Hall.pdb,K2T,1,-0.1923399731380692,-0.075067036,0.11727293728420643,0.11727293728420643
r11_569_TrROS_Hall.pdb,K2S,1,0.1082768803319955,0.22572084,0.1174439573802924,0.1174439573802924
r11_569_TrROS_Hall.pdb,K2A,1,0.8058669233123821,0.20745257,-0.5984143578807872,0.5984143578807872
r11_569_TrROS_Hall.pdb,K2G,1,1.0372596322259775,0.6621681,-0.37509154665087374,0.37509154665087374
r11_569_TrROS_Hall.pdb,K2M,1,-0.0401116382403718,-0.099112436,-0.05900079793497458,0.05900079793497458
r11_569_TrROS_Hall.pdb,K2L,1,0.2022537923122116,-0.24450326,-0.4467570519710251,0.4467570519710251
r11_569_TrROS_Hall.pdb,K2V,1,-0.3158898118439679,-0.28432125,0.03156856331262636,0.03156856331262636
r11_569_TrROS_Hall.pdb,K2I,1,-0.2727773823660575,-0.44514883,-0.1723714432793893,0.1723714432793893
r11_569_TrROS_Hall.pdb,K2W,1,-0.6611869320831074,-0.22096485,0.4402220830878987,0.4402220830878987
r11_569_TrROS_Hall.pdb,K2Y,1,-0.2566221719982691,-0.22068533,0.03593683898473454,0.03593683898473454
r11_569_TrROS_Hall.pdb,K2F,1,-0.1556664398335199,-0.196655,-0.0409885653830786,0.0409885653830786
r11_569_TrROS_Hall.pdb,K2P,1,1.5855651791138292,0.90272194,-0.6828432376427294,0.6828432376427294
r11_569_TrROS_Hall.pdb,K2C,1,-0.3369882829953496,-0.21439728,0.12259100158703967,0.12259100158703967
r11_569_TrROS_Hall.pdb,V3Q,2,1.977226588190116,2.0822392,0.10501256281086047,0.10501256281086047
r11_569_TrROS_Hall.pdb,V3E,2,2.338366124084172,2.349578,0.0112117796633866,0.0112117796633866
r11_569_TrROS_Hall.pdb,V3N,2,1.6505511658054968,2.5361958,0.885644589199386,0.885644589199386
r11_569_TrROS_Hall.pdb,V3H,2,1.4877738675735304,1.984261,0.4964871683456591,0.4964871683456591
r11_569_TrROS_Hall.pdb,V3D,2,1.6667186210105849,2.4720347,0.8053160717536973,0.8053160717536973
r11_569_TrROS_Hall.pdb,V3R,2,1.7198784428271523,2.498918,0.7790396136608848,0.7790396136608848
r11_569_TrROS_Hall.pdb,V3K,2,2.06016637619808,2.346717,0.2865505046002599,0.2865505046002599
r11_569_TrROS_Hall.pdb,V3T,2,1.540572972505367,1.469536,-0.07103702565935865,0.07103702565935865
r11_569_TrROS_Hall.pdb,V3S,2,1.7653394220537515,1.8788605,0.113521051579061,0.113521051579061
r11_569_TrROS_Hall.pdb,V3A,2,1.1873040122438123,0.76293826,-0.42436575121170783,0.42436575121170783
r11_569_TrROS_Hall.pdb,V3G,2,1.6838326676880553,2.0114605,0.3276278749907777,0.3276278749907777
r11_569_TrROS_Hall.pdb,V3M,2,0.7659640597585933,1.0712625,0.3052984190698369,0.3052984190698369
r11_569_TrROS_Hall.pdb,V3L,2,0.3119240836952603,0.77544296,0.4635188741828525,0.4635188741828525
r11_569_TrROS_Hall.pdb,V3I,2,-0.1979193158405769,0.2619152,0.45983452274975656,0.45983452274975656
r11_569_TrROS_Hall.pdb,V3W,2,-0.3624488905833729,1.2267148,1.5891637400554188,1.5891637400554188
r11_569_TrROS_Hall.pdb,V3Y,2,0.1158730702561849,1.1996627,1.0837896151381021,1.0837896151381021
r11_569_TrROS_Hall.pdb,V3F,2,0.1917024305341477,1.0810027,0.8893002817156082,0.8893002817156082
r11_569_TrROS_Hall.pdb,V3P,2,1.90162569234734,2.37875,0.47712439348334845,0.47712439348334845
r11_569_TrROS_Hall.pdb,V3C,2,-0.0686370701999079,0.6310936,0.6997306914538752,0.6997306914538752
r11_569_TrROS_Hall.pdb,T4Q,3,0.6024315434114769,0.41893288,-0.18349865847991254,0.18349865847991254
r11_569_TrROS_Hall.pdb,T4E,3,0.5586801550675324,0.4839543,-0.07472584465035714,0.07472584465035714
r11_569_TrROS_Hall.pdb,T4N,3,1.0469733270294157,0.60406494,-0.4429083856231657,0.4429083856231657
r11_569_TrROS_Hall.pdb,T4H,3,0.4581143871264164,0.24114887,-0.21696551296278876,0.21696551296278876
r11_569_TrROS_Hall.pdb,T4D,3,1.3006476093465889,0.86526024,-0.43538736593075633,0.43538736593075633
r11_569_TrROS_Hall.pdb,T4R,3,0.3605197301104845,0.40177673,0.041257000903767216,0.041257000903767216
r11_569_TrROS_Hall.pdb,T4K,3,0.8661288869257637,0.42257005,-0.4435588371630379,0.4435588371630379
r11_569_TrROS_Hall.pdb,T4S,3,0.2971846384559427,0.30842113,0.011236496492787795,0.011236496492787795
r11_569_TrROS_Hall.pdb,T4A,3,1.0494424605516603,0.42245588,-0.6269865834860018,0.6269865834860018
r11_569_TrROS_Hall.pdb,T4G,3,1.5323857240405814,0.8777364,-0.654649334403588,0.654649334403588
r11_569_TrROS_Hall.pdb,T4M,3,0.4339144103523256,0.1240152,-0.3098992131944658,0.3098992131944658
r11_569_TrROS_Hall.pdb,T4L,3,0.312086876935572,0.099502996,-0.2125838813253349,0.2125838813253349
r11_569_TrROS_Hall.pdb,T4V,3,0.2616651692728107,-0.032913953,-0.2945791223386829,0.2945791223386829
r11_569_TrROS_Hall.pdb,T4I,3,-0.0512231827970146,-0.15158439,-0.10036120402854692,0.10036120402854692
r11_569_TrROS_Hall.pdb,T4W,3,-1.0902416814392757,-0.2112959,0.8789457787102413,0.8789457787102413
r11_569_TrROS_Hall.pdb,T4Y,3,-0.645071755657356,-0.16968882,0.47538293481842775,0.47538293481842775
r11_569_TrROS_Hall.pdb,T4F,3,-0.5204553085169499,-0.18160486,0.3388504463038151,0.3388504463038151
r11_569_TrROS_Hall.pdb,T4P,3,1.476269025429039,1.3081424,-0.16812660179927819,0.16812660179927819
r11_569_TrROS_Hall.pdb,T4C,3,-0.3308366052238662,-0.113069385,0.21776721993372034,0.21776721993372034
r11_569_TrROS_Hall.pdb,I5Q,4,1.7617164329217687,1.890539,0.12882261718046517,0.12882261718046517
r11_569_TrROS_Hall.pdb,I5E,4,1.908592833138926,2.1315072,0.22291432514049303,0.22291432514049303
r11_569_TrROS_Hall.pdb,I5N,4,1.4063373592090052,2.0477219,0.6413845035839636,0.6413845035839636
r11_569_TrROS_Hall.pdb,I5H,4,1.7152908509478135,1.7563667,0.0410758787885146,0.0410758787885146
r11_569_TrROS_Hall.pdb,I5D,4,1.669390488851378,2.2081828,0.5387923228856826,0.5387923228856826
r11_569_TrROS_Hall.pdb,I5R,4,1.3553506113243987,1.9090433,0.5536927007483552,0.5536927007483552
r11_569_TrROS_Hall.pdb,I5K,4,1.542163881715101,2.0266085,0.4844445853869497,0.4844445853869497
r11_569_TrROS_Hall.pdb,I5T,4,1.6463217180196588,1.6098919,-0.03642982654016658,0.03642982654016658
r11_569_TrROS_Hall.pdb,I5S,4,1.7031556037584834,1.84421,0.14105442488989306,0.14105442488989306
r11_569_TrROS_Hall.pdb,I5A,4,1.6672145229835225,1.4923326,-0.17488194527813916,0.17488194527813916
r11_569_TrROS_Hall.pdb,I5G,4,1.6054802600261913,2.1407795,0.5352992352130665,0.5352992352130665
r11_569_TrROS_Hall.pdb,I5M,4,0.8646970547610331,0.9543605,0.0896634303158712,0.0896634303158712
r11_569_TrROS_Hall.pdb,I5L,4,0.5821390310362995,0.74680173,0.1646627029343426,0.1646627029343426
r11_569_TrROS_Hall.pdb,I5V,4,0.3637483230456106,0.6470646,0.2833163031712778,0.2833163031712778
r11_569_TrROS_Hall.pdb,I5W,4,0.9566392907793164,1.037431,0.08079171088389159,0.08079171088389159
r11_569_TrROS_Hall.pdb,I5Y,4,1.0001083295925024,1.1407238,0.1406154949085352,0.1406154949085352
r11_569_TrROS_Hall.pdb,I5F,4,0.9257320393727,0.79419225,-0.13153978482939555,0.13153978482939555
r11_569_TrROS_Hall.pdb,I5P,4,1.6881681769495671,2.1883786,0.5002103955144221,0.5002103955144221
r11_569_TrROS_Hall.pdb,I5C,4,0.3304716014099436,1.0424685,0.7119969464111013,0.7119969464111013
r11_569_TrROS_Hall.pdb,E6Q,5,0.1327634941496491,0.06738106,-0.06538243253608939,0.06538243253608939
r11_569_TrROS_Hall.pdb,E6N,5,0.6926218453946262,0.2937104,-0.39891143479968605,0.39891143479968605
r11_569_TrROS_Hall.pdb,E6H,5,0.0762972839915276,0.055226594,-0.021070689781856583,0.021070689781856583
r11_569_TrROS_Hall.pdb,E6D,5,0.7439111085100656,0.37878,-0.36513110114769987,0.36513110114769987
r11_569_TrROS_Hall.pdb,E6R,5,0.6086163976859533,0.20781541,-0.4008009889792883,0.4008009889792883
r11_569_TrROS_Hall.pdb,E6K,5,0.5980363579284158,0.20546678,-0.3925695808421579,0.3925695808421579
r11_569_TrROS_Hall.pdb,E6T,5,-0.2479948012227906,-0.057609096,0.19038570505331887,0.19038570505331887
r11_569_TrROS_Hall.pdb,E6S,5,0.0590327708234188,0.14525896,0.08622619228464395,0.08622619228464395
r11_569_TrROS_Hall.pdb,E6A,5,0.4018661843587687,0.192262,-0.2096041904737284,0.2096041904737284
r11_569_TrROS_Hall.pdb,E6G,5,1.0056646559407876,0.6552094,-0.35045523382927635,0.35045523382927635
r11_569_TrROS_Hall.pdb,E6M,5,-0.159348547700223,-0.117931314,0.0414172338874903,0.0414172338874903
r11_569_TrROS_Hall.pdb,E6L,5,0.0302840404265636,-0.09900931,-0.12929335311586795,0.12929335311586795
r11_569_TrROS_Hall.pdb,E6V,5,-0.0988080513610478,-0.17320034,-0.0743922877178554,0.0743922877178554
r11_569_TrROS_Hall.pdb,E6I,5,-0.4366543135609495,-0.2851944,0.15145991658829328,0.15145991658829328
r11_569_TrROS_Hall.pdb,E6W,5,-0.6833787797475788,-0.19049326,0.4928855238939258,0.4928855238939258
r11_569_TrROS_Hall.pdb,E6Y,5,-0.5743263399266363,-0.18101421,0.39331212994090325,0.39331212994090325
r11_569_TrROS_Hall.pdb,E6F,5,-0.4853780895216721,-0.19079193,0.29458615479304967,0.29458615479304967
r11_569_TrROS_Hall.pdb,E6P,5,1.879418454868246,1.3808255,-0.4985929353064784,0.4985929353064784
r11_569_TrROS_Hall.pdb,E6C,5,-0.4674967412652049,-0.2856969,0.18179984733476973,0.18179984733476973
r11_569_TrROS_Hall.pdb,E7Q,6,0.142418824164165,0.13229805,-0.010120771853221383,0.010120771853221383
r11_569_TrROS_Hall.pdb,E7N,6,0.589207405475372,0.3709884,-0.21821900668501248,0.21821900668501248
r11_569_TrROS_Hall.pdb,E7H,6,-0.1810361324645679,-0.40588966,-0.22485352765544248,0.22485352765544248
r11_569_TrROS_Hall.pdb,E7D,6,0.5713481673632428,0.54630363,-0.02504453748805968,0.02504453748805968
r11_569_TrROS_Hall.pdb,E7R,6,-0.1832949053014299,-0.08189145,0.10140345799575057,0.10140345799575057
r11_569_TrROS_Hall.pdb,E7K,6,0.1184282837410748,0.008865386,-0.1095628974934399,0.1095628974934399
r11_569_TrROS_Hall.pdb,E7T,6,0.4682638242492001,-0.026148409,-0.49441223290055203,0.49441223290055203
r11_569_TrROS_Hall.pdb,E7S,6,0.2600783500004919,0.15237415,-0.10770420163165645,0.10770420163165645
r11_569_TrROS_Hall.pdb,E7A,6,0.0870090175854956,-0.20261005,-0.28961906325695863,0.28961906325695863
r11_569_TrROS_Hall.pdb,E7G,6,0.63991924810944,0.46924594,-0.17067330766258637,0.17067330766258637
r11_569_TrROS_Hall.pdb,E7M,6,-0.474407089703976,-0.42851517,0.04589192365974076,0.04589192365974076
r11_569_TrROS_Hall.pdb,E7L,6,-0.7374295881130197,-0.5507505,0.18667909410972383,0.18667909410972383
r11_569_TrROS_Hall.pdb,E7V,6,-0.3397909067717108,-0.44917664,-0.10938573254675538,0.10938573254675538
r11_569_TrROS_Hall.pdb,E7I,6,-0.5542055153724497,-0.44145536,0.11275015114515474,0.11275015114515474
r11_569_TrROS_Hall.pdb,E7W,6,-1.7475356945338532,-1.2739222,0.4736134895625397,0.4736134895625397
r11_569_TrROS_Hall.pdb,E7Y,6,-1.33011504863864,-1.4259446,-0.09582951808804463,0.09582951808804463
r11_569_TrROS_Hall.pdb,E7F,6,-1.6887238926885653,-1.1191967,0.5695272393224764,0.5695272393224764
r11_569_TrROS_Hall.pdb,E7P,6,0.5738596385378176,0.47948006,-0.09437958058302942,0.09437958058302942
r11_569_TrROS_Hall.pdb,E7C,6,-0.6595554577921248,-0.64803493,0.011520527562937755,0.011520527562937755
r11_569_TrROS_Hall.pdb,N8Q,7,0.8376151448080691,0.5515433,-0.2860718494246157,0.2860718494246157
r11_569_TrROS_Hall.pdb,N8E,7,1.116003945722497,0.9785974,-0.13740654314986522,0.13740654314986522
r11_569_TrROS_Hall.pdb,N8H,7,0.4043361786533206,0.5391725,0.13483629191628999,0.13483629191628999
r11_569_TrROS_Hall.pdb,N8D,7,0.1483473918343256,0.5642055,0.4158581354712774,0.4158581354712774
r11_569_TrROS_Hall.pdb,N8R,7,1.1911242903534125,0.26794037,-0.9231839181247901,0.9231839181247901
r11_569_TrROS_Hall.pdb,N8K,7,1.1455766591978125,0.2508571,-0.8947195444059424,0.8947195444059424
r11_569_TrROS_Hall.pdb,N8T,7,1.027773372580734,0.5822498,-0.44552355234834273,0.44552355234834273
r11_569_TrROS_Hall.pdb,N8S,7,0.4305254913865359,0.6639542,0.23342870697390722,0.23342870697390722
r11_569_TrROS_Hall.pdb,N8A,7,0.8257369319904861,0.68414366,-0.1415932695377884,0.1415932695377884
r11_569_TrROS_Hall.pdb,N8G,7,0.8460756609960245,1.1038893,0.2578136851267172,0.2578136851267172
r11_569_TrROS_Hall.pdb,N8M,7,0.960770152087624,0.5557736,-0.4049965362505268,0.4049965362505268
r11_569_TrROS_Hall.pdb,N8L,7,0.8745914362239657,0.50389636,-0.37069508059499845,0.37069508059499845
r11_569_TrROS_Hall.pdb,N8V,7,0.8752337477631784,0.554548,-0.32068572263195283,0.32068572263195283
r11_569_TrROS_Hall.pdb,N8I,7,0.7393948658573561,0.3133945,-0.42600037895321186,0.42600037895321186
r11_569_TrROS_Hall.pdb,N8W,7,1.1818135005493915,0.7034575,-0.47835602584083436,0.47835602584083436
r11_569_TrROS_Hall.pdb,N8Y,7,1.1152769331106005,0.75245035,-0.3628265861638842,0.3628265861638842
r11_569_TrROS_Hall.pdb,N8F,7,1.0682617468560291,0.55663145,-0.5116303009713246,0.5116303009713246
r11_569_TrROS_Hall.pdb,N8P,7,1.5742559799227924,1.3024538,-0.27180222359039496,0.27180222359039496
r11_569_TrROS_Hall.pdb,N8C,7,0.1778810484012145,0.24727562,0.06939457229771434,0.06939457229771434
r11_569_TrROS_Hall.pdb,E9Q,8,-0.0171002391548038,-0.019498225,-0.0023979861467003337,0.0023979861467003337
r11_569_TrROS_Hall.pdb,E9N,8,-0.0890309185490012,-0.034461945,0.054568973253667344,0.054568973253667344
r11_569_TrROS_Hall.pdb,E9H,8,-0.315156665317589,-0.063637495,0.25151917027669546,0.25151917027669546
r11_569_TrROS_Hall.pdb,E9D,8,0.249950392606058,0.19438955,-0.05556084072808254,0.05556084072808254
r11_569_TrROS_Hall.pdb,E9R,8,-0.2467542577532082,-0.1411112,0.10564306266577533,0.10564306266577533
r11_569_TrROS_Hall.pdb,E9K,8,-0.582505712923834,-0.20991892,0.37258679669840067,0.37258679669840067
r11_569_TrROS_Hall.pdb,E9T,8,-0.414420479241059,-0.028604828,0.3858156514198043,0.3858156514198043
r11_569_TrROS_Hall.pdb,E9S,8,-0.1811481540686252,-0.09752211,0.08362604432169221,0.08362604432169221
r11_569_TrROS_Hall.pdb,E9A,8,-0.2276966698500917,-0.17934339,0.048353282365541234,0.048353282365541234
r11_569_TrROS_Hall.pdb,E9G,8,-0.0713381927410143,0.0056110695,0.07694926224146062,0.07694926224146062
r11_569_TrROS_Hall.pdb,E9M,8,-0.1321231416886972,-0.108706705,0.023416436416499486,0.023416436416499486
r11_569_TrROS_Hall.pdb,E9L,8,-0.1767608598265742,-0.15254867,0.024212189057836397,0.024212189057836397
r11_569_TrROS_Hall.pdb,E9V,8,-0.3521390084673541,-0.046460412,0.3056785960246699,0.3056785960246699
r11_569_TrROS_Hall.pdb,E9I,8,-0.2459302086098507,-0.035525803,0.210404406086953,0.210404406086953
r11_569_TrROS_Hall.pdb,E9W,8,-0.1769360828577375,-0.14550684,0.03142923893321509,0.03142923893321509
r11_569_TrROS_Hall.pdb,E9Y,8,-0.0956630451365003,-0.08101294,0.014650103239584863,0.014650103239584863
r11_569_TrROS_Hall.pdb,E9F,8,-0.2025727255101017,-0.040732134,0.16184059137652435,0.16184059137652435
r11_569_TrROS_Hall.pdb,E9P,8,-0.246876224254064,-0.06281236,0.18406386611311856,0.18406386611311856
r11_569_TrROS_Hall.pdb,E9C,8,-0.6501395965173216,-0.30858475,0.34155484681868264,0.34155484681868264
r11_569_TrROS_Hall.pdb,E10Q,9,-0.0768085272909839,-0.03750772,0.03930080699936937,0.03930080699936937
r11_569_TrROS_Hall.pdb,E10N,9,0.076718079697049,0.07491139,-0.0018066864718559728,0.0018066864718559728
r11_569_TrROS_Hall.pdb,E10H,9,-0.0399529674442535,0.060795195,0.10074816284496838,0.10074816284496838
r11_569_TrROS_Hall.pdb,E10D,9,-0.1883497968183705,0.12207635,0.310426144288654,0.310426144288654
r11_569_TrROS_Hall.pdb,E10R,9,-0.0199538485962078,0.026656501,0.04661034959136695,0.04661034959136695
r11_569_TrROS_Hall.pdb,E10K,9,-0.1067529805055866,-0.07717318,0.029579799627424214,0.029579799627424214
r11_569_TrROS_Hall.pdb,E10T,9,-0.0283053595363382,0.14327833,0.1715836901008371,0.1715836901008371
r11_569_TrROS_Hall.pdb,E10S,9,0.0177685832045089,0.038888782,0.021120199058293224,0.021120199058293224
r11_569_TrROS_Hall.pdb,E10A,9,-0.0485221884468771,-0.09234183,-0.0438196443697237,0.0438196443697237
r11_569_TrROS_Hall.pdb,E10G,9,0.1863907350069524,0.13432546,-0.05206527540745748,0.05206527540745748
r11_569_TrROS_Hall.pdb,E10M,9,-0.1107028411094708,0.0129372105,0.12364005160971113,0.12364005160971113
r11_569_TrROS_Hall.pdb,E10L,9,-0.197990295579383,-0.012694038,0.18529625712866507,0.18529625712866507
r11_569_TrROS_Hall.pdb,E10V,9,-0.0666811289116744,0.17713998,0.243821111492813,0.243821111492813
r11_569_TrROS_Hall.pdb,E10I,9,-0.1670965570350047,0.11897278,0.2860693353553172,0.2860693353553172
r11_569_TrROS_Hall.pdb,E10W,9,-0.097257329807777,0.11432126,0.21157859145214042,0.21157859145214042
r11_569_TrROS_Hall.pdb,E10Y,9,-0.1193362789809495,0.16202947,0.2813657539546281,0.2813657539546281
r11_569_TrROS_Hall.pdb,E10F,9,-0.2588812620038099,0.20437083,0.4632520884865827,0.4632520884865827
r11_569_TrROS_Hall.pdb,E10P,9,1.115665853277944,0.50313354,-0.6125323178928122,0.6125323178928122
r11_569_TrROS_Hall.pdb,E10C,9,-0.4736539614281003,-0.13312203,0.3405319345077817,0.3405319345077817
r11_569_TrROS_Hall.pdb,T11Q,10,0.702388601548237,0.61151344,-0.09087516570763032,0.09087516570763032
r11_569_TrROS_Hall.pdb,T11E,10,0.3060732371908128,0.6783998,0.37232656406345965,0.37232656406345965
r11_569_TrROS_Hall.pdb,T11N,10,-0.0600513347288407,0.34696186,0.4070131906172074,0.4070131906172074
r11_569_TrROS_Hall.pdb,T11H,10,0.7407907419084356,0.5040367,-0.2367540173410223,0.2367540173410223
r11_569_TrROS_Hall.pdb,T11D,10,0.1421869602836722,0.49847335,0.35628638594969575,0.35628638594969575
r11_569_TrROS_Hall.pdb,T11R,10,0.6630832614446929,0.6415433,-0.02153993268263843,0.02153993268263843
r11_569_TrROS_Hall.pdb,T11K,10,0.1968715359799371,0.5721612,0.3752896616824164,0.3752896616824164
r11_569_TrROS_Hall.pdb,T11S,10,0.2541919429310377,0.20590988,-0.04828206491551951,0.04828206491551951
r11_569_TrROS_Hall.pdb,T11A,10,0.8171981474335661,0.62884295,-0.18835519756631758,0.18835519756631758
r11_569_TrROS_Hall.pdb,T11G,10,0.2456138390629711,0.7274455,0.48183164414473156,0.48183164414473156
r11_569_TrROS_Hall.pdb,T11M,10,0.7838082446143211,0.5399697,-0.24383856192083964,0.24383856192083964
r11_569_TrROS_Hall.pdb,T11L,10,0.5896982213316369,0.5069126,-0.0827856322584557,0.0827856322584557
r11_569_TrROS_Hall.pdb,T11V,10,1.0564045904031767,0.48060963,-0.57579496482525,0.57579496482525
r11_569_TrROS_Hall.pdb,T11I,10,0.9460641012558272,0.46278384,-0.4832802579769423,0.4832802579769423
r11_569_TrROS_Hall.pdb,T11W,10,0.7840640683643558,0.4286319,-0.355432166623328,0.355432166623328
r11_569_TrROS_Hall.pdb,T11Y,10,0.835685558861134,0.41934207,-0.41634348804318666,0.41634348804318666
r11_569_TrROS_Hall.pdb,T11F,10,0.7383771550990943,0.43665206,-0.301725090775669,0.301725090775669
r11_569_TrROS_Hall.pdb,T11P,10,0.8729402366381802,1.0286715,0.1557312664288364,0.1557312664288364
r11_569_TrROS_Hall.pdb,T11C,10,-0.190316322614243,0.16849282,0.35880914645343065,0.35880914645343065
r11_569_TrROS_Hall.pdb,G12Q,11,0.731003909839258,0.7603936,0.029389709698095512,0.029389709698095512
r11_569_TrROS_Hall.pdb,G12E,11,1.1374237654951007,0.981308,-0.1561157820966632,0.1561157820966632
r11_569_TrROS_Hall.pdb,G12N,11,0.5115371152548058,0.5239043,0.01236720832307503,0.01236720832307503
r11_569_TrROS_Hall.pdb,G12H,11,0.67650556661054,0.75473475,0.07822918795183798,0.07822918795183798
r11_569_TrROS_Hall.pdb,G12D,11,0.9039587031383816,0.8079696,-0.09598907337382467,0.09598907337382467
r11_569_TrROS_Hall.pdb,G12R,11,0.7637992319372273,0.8881833,0.1243840637895488,0.1243840637895488
r11_569_TrROS_Hall.pdb,G12K,11,0.8214361280095224,0.7826697,-0.03876640497561734,0.03876640497561734
r11_569_TrROS_Hall.pdb,G12T,11,1.0083023604174928,1.2540997,0.24579736625944815,0.24579736625944815
r11_569_TrROS_Hall.pdb,G12S,11,0.790990314401836,0.8495019,0.05851159342363399,0.05851159342363399
r11_569_TrROS_Hall.pdb,G12A,11,1.364290380089478,0.8943015,-0.469988905995087,0.469988905995087
r11_569_TrROS_Hall.pdb,G12M,11,0.9958183136904146,0.86111957,-0.13469874534248372,0.13469874534248372
r11_569_TrROS_Hall.pdb,G12L,11,0.97015378517196,0.8738813,-0.09627250474974935,0.09627250474974935
r11_569_TrROS_Hall.pdb,G12V,11,1.5343634161881408,1.4301698,-0.1041935954026183,0.1041935954026183
r11_569_TrROS_Hall.pdb,G12I,11,1.319502264889696,1.4220961,0.10259386834242079,0.10259386834242079
r11_569_TrROS_Hall.pdb,G12W,11,0.4072873043992133,0.9038879,0.49660062313298275,0.49660062313298275
r11_569_TrROS_Hall.pdb,G12Y,11,0.6238285916360122,0.9175592,0.29373061484973606,0.29373061484973606
r11_569_TrROS_Hall.pdb,G12F,11,0.882815812734491,0.793221,-0.08959481587780149,0.08959481587780149
r11_569_TrROS_Hall.pdb,G12P,11,1.3859800061046317,1.567378,0.1813980380237863,0.1813980380237863
r11_569_TrROS_Hall.pdb,G12C,11,-0.0463454874764999,0.3574385,0.40378399217239225,0.40378399217239225
r11_569_TrROS_Hall.pdb,K13Q,12,-0.0380084616933675,0.24703003,0.28503849635466055,0.28503849635466055
r11_569_TrROS_Hall.pdb,K13E,12,0.3268356852904621,0.49064547,0.16380978294455378,0.16380978294455378
r11_569_TrROS_Hall.pdb,K13N,12,-0.3269673850164167,0.18898553,0.5159529115781538,0.5159529115781538
r11_569_TrROS_Hall.pdb,K13H,12,-0.0040697020555804,0.091933705,0.0960034069682429,0.0960034069682429
r11_569_TrROS_Hall.pdb,K13D,12,0.1332528727871933,0.6142519,0.4809990388529739,0.4809990388529739
r11_569_TrROS_Hall.pdb,K13R,12,-0.1993543043850758,0.04262401,0.24197831602085612,0.24197831602085612
r11_569_TrROS_Hall.pdb,K13T,12,-0.3916697714398234,-0.13711081,0.2545589569876521,0.2545589569876521
r11_569_TrROS_Hall.pdb,K13S,12,-0.211857792112919,0.14109752,0.3529553079343759,0.3529553079343759
r11_569_TrROS_Hall.pdb,K13A,12,0.3112910568481823,0.24281463,-0.06847642657817804,0.06847642657817804
r11_569_TrROS_Hall.pdb,K13G,12,-1.0976036811450456,0.6810153,1.778618993816707,1.778618993816707
r11_569_TrROS_Hall.pdb,K13M,12,-0.6314919591282893,-0.051087752,0.580404207143693,0.580404207143693
r11_569_TrROS_Hall.pdb,K13L,12,-0.0548169723452831,-0.047815353,0.007001619666984149,0.007001619666984149
r11_569_TrROS_Hall.pdb,K13V,12,-0.1521850759626959,0.073384754,0.22556983032241804,0.22556983032241804
r11_569_TrROS_Hall.pdb,K13I,12,-0.4687496758189331,0.008715913,0.4774655885186325,0.4774655885186325
r11_569_TrROS_Hall.pdb,K13W,12,-0.7231788007523079,-0.041375026,0.6818037746454735,0.6818037746454735
r11_569_TrROS_Hall.pdb,K13Y,12,-0.2318011362792109,-0.12055327,0.11124786629687294,0.11124786629687294
r11_569_TrROS_Hall.pdb,K13F,12,-0.1690263316211053,-0.04787883,0.12114749999612057,0.12114749999612057
r11_569_TrROS_Hall.pdb,K13P,12,1.66678061483726,1.5167153,-0.15006532667502848,0.15006532667502848
r11_569_TrROS_Hall.pdb,K13C,12,-0.61928880779538,-0.27064395,0.348644858286713,0.348644858286713
r11_569_TrROS_Hall.pdb,F14Q,13,1.5167415193865432,1.6811285,0.16438698250554662,0.16438698250554662
r11_569_TrROS_Hall.pdb,F14E,13,1.4456321263668994,2.068772,0.6231399511935254,0.6231399511935254
r11_569_TrROS_Hall.pdb,F14N,13,1.3199655087420084,1.9913937,0.671428176598873,0.671428176598873
r11_569_TrROS_Hall.pdb,F14H,13,0.9953962062861348,1.2379555,0.24255924472552293,0.24255924472552293
r11_569_TrROS_Hall.pdb,F14D,13,1.5601917830108112,2.302833,0.7426412972809369,0.7426412972809369
r11_569_TrROS_Hall.pdb,F14R,13,1.4233254999651377,1.5486376,0.12531212859016017,0.12531212859016017
r11_569_TrROS_Hall.pdb,F14K,13,1.4448260308382364,1.5368655,0.09203944195534275,0.09203944195534275
r11_569_TrROS_Hall.pdb,F14T,13,0.578917862107406,1.2519954,0.6730775821903845,0.6730775821903845
r11_569_TrROS_Hall.pdb,F14S,13,0.9167671398218749,1.5943978,0.6776306434575441,0.6776306434575441
r11_569_TrROS_Hall.pdb,F14A,13,0.7398350679586934,1.2330865,0.49325139883055225,0.49325139883055225
r11_569_TrROS_Hall.pdb,F14G,13,1.5815515649935583,2.091026,0.5094745027402063,0.5094745027402063
r11_569_TrROS_Hall.pdb,F14M,13,0.026785145329468,0.54728353,0.5204983849058226,0.5204983849058226
r11_569_TrROS_Hall.pdb,F14L,13,-0.5358375390267032,0.52580595,1.061643489191498,1.061643489191498
r11_569_TrROS_Hall.pdb,F14V,13,0.0897147613313218,0.7258816,0.6361668152067641,0.6361668152067641
r11_569_TrROS_Hall.pdb,F14I,13,0.1043576745506906,0.34509832,0.2407406421187735,0.2407406421187735
r11_569_TrROS_Hall.pdb,F14W,13,-0.0175419184147727,0.2064498,0.22399172510498877,0.22399172510498877
r11_569_TrROS_Hall.pdb,F14Y,13,-0.194507271044968,0.076099634,0.27060690521550024,0.27060690521550024
r11_569_TrROS_Hall.pdb,F14P,13,1.6593094619594415,2.206005,0.5466956344761054,0.5466956344761054
r11_569_TrROS_Hall.pdb,F14C,13,0.1258835236999687,0.5422044,0.4163208563354317,0.4163208563354317
r11_569_TrROS_Hall.pdb,T15Q,14,0.5597714384928061,0.32595575,-0.23381568993476165,0.23381568993476165
r11_569_TrROS_Hall.pdb,T15E,14,0.6591180518319009,0.58366203,-0.07545601875084618,0.07545601875084618
r11_569_TrROS_Hall.pdb,T15N,14,0.8467635702756617,0.53790545,-0.3088581156400416,0.3088581156400416
r11_569_TrROS_Hall.pdb,T15H,14,0.513061477168212,0.2765978,-0.23646367929757606,0.23646367929757606
r11_569_TrROS_Hall.pdb,T15D,14,1.1918731055718086,0.84651864,-0.3453544698219917,0.3453544698219917
r11_569_TrROS_Hall.pdb,T15R,14,-0.0861004535113347,0.2626464,0.3487468604002965,0.3487468604002965
r11_569_TrROS_Hall.pdb,T15K,14,0.0992085988239186,0.2875111,0.18830251148186755,0.18830251148186755
r11_569_TrROS_Hall.pdb,T15S,14,0.434345596603078,0.3885351,-0.04581048446051511,0.04581048446051511
r11_569_TrROS_Hall.pdb,T15A,14,0.8985688508974933,0.3238998,-0.5746690453516864,0.5746690453516864
r11_569_TrROS_Hall.pdb,T15G,14,1.3320186078190537,0.9997283,-0.3322902857899399,0.3322902857899399
r11_569_TrROS_Hall.pdb,T15M,14,0.1002073701943164,-0.07259256,-0.17279992667090943,0.17279992667090943
r11_569_TrROS_Hall.pdb,T15L,14,-0.0023243797864163,-0.26027176,-0.2579473780546939,0.2579473780546939
r11_569_TrROS_Hall.pdb,T15V,14,-0.1922447930461226,-0.22003311,-0.02778831614195723,0.02778831614195723
r11_569_TrROS_Hall.pdb,T15I,14,-0.50097820942602,-0.5003916,0.0005866069098456883,0.0005866069098456883
r11_569_TrROS_Hall.pdb,T15W,14,-0.116927816819869,-0.211746,-0.09481819038418679,0.09481819038418679
r11_569_TrROS_Hall.pdb,T15Y,14,-0.2116548141991456,-0.10488281,0.10677200765961009,0.10677200765961009
r11_569_TrROS_Hall.pdb,T15F,14,-0.0767974851624329,-0.123082966,-0.0462854804499786,0.0462854804499786
r11_569_TrROS_Hall.pdb,T15P,14,1.4906232769258103,1.6302341,0.13961084535049584,0.13961084535049584
r11_569_TrROS_Hall.pdb,T15C,14,0.2683996618792104,-0.18289584,-0.45129550109353533,0.45129550109353533
r11_569_TrROS_Hall.pdb,I16E,15,1.4995701450198105,2.9362779,1.436707721343715,1.436707721343715
r11_569_TrROS_Hall.pdb,I16D,15,1.4788835422890636,2.7943776,1.3154940230948475,1.3154940230948475
r11_569_TrROS_Hall.pdb,I16A,15,2.2598869509015764,1.6336962,-0.6261907524381365,0.6261907524381365
r11_569_TrROS_Hall.pdb,I16M,15,0.3161738407140941,0.8459793,0.5298054326051502,0.5298054326051502
r11_569_TrROS_Hall.pdb,I16L,15,0.3100737602415004,0.42457652,0.1145027606782994,0.1145027606782994
r11_569_TrROS_Hall.pdb,I16V,15,0.0783449091929184,0.6464788,0.5681338629704727,0.5681338629704727
r11_569_TrROS_Hall.pdb,I16W,15,0.9014790129990256,1.2176185,0.31613945242455843,0.31613945242455843
r11_569_TrROS_Hall.pdb,I16Y,15,0.5584073848425648,1.245125,0.6867176704705455,0.6867176704705455
r11_569_TrROS_Hall.pdb,I16F,15,0.325802942620373,0.92486876,0.5990658198727605,0.5990658198727605
r11_569_TrROS_Hall.pdb,I16P,15,1.660838887290096,3.0172698,1.3564309624871256,1.3564309624871256
r11_569_TrROS_Hall.pdb,I16C,15,0.4412829371453837,1.027064,0.5857810286520406,0.5857810286520406
r11_569_TrROS_Hall.pdb,K17Q,16,0.6380044609748186,0.30241033,-0.33559412662613997,0.33559412662613997
r11_569_TrROS_Hall.pdb,K17E,16,1.3511701525363762,0.7522716,-0.5988985599193413,0.5988985599193413
r11_569_TrROS_Hall.pdb,K17N,16,0.2767745193537752,0.5106955,0.2339209977093657,0.2339209977093657
r11_569_TrROS_Hall.pdb,K17H,16,-0.1234876945990719,0.1985128,0.32200048718635216,0.32200048718635216
r11_569_TrROS_Hall.pdb,K17D,16,1.7370325209362334,1.1159667,-0.6210658432705229,0.6210658432705229
r11_569_TrROS_Hall.pdb,K17R,16,-0.1028449540596823,-0.06095344,0.041891515777669364,0.041891515777669364
r11_569_TrROS_Hall.pdb,K17T,16,-0.47162099116251,-0.30604947,0.16557152502939232,0.16557152502939232
r11_569_TrROS_Hall.pdb,K17S,16,0.3842280461868412,0.25726372,-0.12696432615128822,0.12696432615128822
r11_569_TrROS_Hall.pdb,K17A,16,0.8588147763316529,0.4561532,-0.4026615623538392,0.4026615623538392
r11_569_TrROS_Hall.pdb,K17G,16,1.4995246421479784,0.9838018,-0.5157228600167834,0.5157228600167834
r11_569_TrROS_Hall.pdb,K17M,16,0.2846728515149186,0.050325274,-0.23434757704745035,0.23434757704745035
r11_569_TrROS_Hall.pdb,K17L,16,0.2947670625267382,-0.024736896,-0.3195039586840029,0.3195039586840029
r11_569_TrROS_Hall.pdb,K17V,16,-0.0915394483575016,-0.15830372,-0.06676427438171807,0.06676427438171807
r11_569_TrROS_Hall.pdb,K17I,16,-0.2818250600976406,-0.41209412,-0.13026905611329692,0.13026905611329692
r11_569_TrROS_Hall.pdb,K17W,16,-0.5126010504787342,0.015572578,0.5281736281936542,0.5281736281936542
r11_569_TrROS_Hall.pdb,K17Y,16,-0.5486410866661497,-0.06787947,0.4807616184635588,0.4807616184635588
r11_569_TrROS_Hall.pdb,K17F,16,-0.2597265648846223,-0.092195496,0.1675310689215257,0.1675310689215257
r11_569_TrROS_Hall.pdb,K17P,16,2.3948007086768754,1.5588689,-0.8359318236365922,0.8359318236365922
r11_569_TrROS_Hall.pdb,K17C,16,0.1107883111863641,-0.08236231,-0.19315062028460783,0.19315062028460783
r11_569_TrROS_Hall.pdb,V18Q,17,1.6535596729025954,1.0551136,-0.5984461189017409,0.5984461189017409
r11_569_TrROS_Hall.pdb,V18E,17,1.8647095749621416,1.2653253,-0.5993842671160723,0.5993842671160723
r11_569_TrROS_Hall.pdb,V18N,17,2.195342826962253,1.5869277,-0.6084151746032442,0.6084151746032442
r11_569_TrROS_Hall.pdb,V18H,17,1.4193348510749637,0.8947687,-0.5245661361701786,0.5245661361701786
r11_569_TrROS_Hall.pdb,V18D,17,2.6150471080665847,1.6325371,-0.982509981525447,0.982509981525447
r11_569_TrROS_Hall.pdb,V18T,17,0.5316428965177629,0.81393576,0.28229286016558675,0.28229286016558675
r11_569_TrROS_Hall.pdb,V18S,17,1.3420055169458565,1.1762205,-0.16578498071386183,0.16578498071386183
r11_569_TrROS_Hall.pdb,V18A,17,1.4748291185791464,0.8231498,-0.6516793182785483,0.6516793182785483
r11_569_TrROS_Hall.pdb,V18G,17,2.6284254140094685,1.5833824,-1.0450430459217,1.0450430459217
r11_569_TrROS_Hall.pdb,V18M,17,-0.2260937558329816,0.24026921,0.46636296974785285,0.46636296974785285
r11_569_TrROS_Hall.pdb,V18L,17,-0.0877513917388874,0.06522882,0.15298021158599434,0.15298021158599434
r11_569_TrROS_Hall.pdb,V18I,17,-0.829675925475458,-0.35089362,0.4787823087991274,0.4787823087991274
r11_569_TrROS_Hall.pdb,V18W,17,-1.4707202604792844,0.052779913,1.5235001734278928,1.5235001734278928
r11_569_TrROS_Hall.pdb,V18Y,17,-0.9935005332222576,0.058835983,1.0523365164986247,1.0523365164986247
r11_569_TrROS_Hall.pdb,V18F,17,-1.0642552727596692,0.03763622,1.101891493214839,1.101891493214839
r11_569_TrROS_Hall.pdb,V18C,17,-1.166696748492884,0.1797167,1.346413454768824,1.346413454768824
r11_569_TrROS_Hall.pdb,K19Q,18,-0.4365615915099483,-0.027293038,0.40926855388678124,0.40926855388678124
r11_569_TrROS_Hall.pdb,K19E,18,0.0084003168080633,0.13131909,0.12291877391592809,0.12291877391592809
r11_569_TrROS_Hall.pdb,K19N,18,0.4066801365668095,0.53609467,0.12941452896053424,0.12941452896053424
r11_569_TrROS_Hall.pdb,K19H,18,-0.0963180409274684,0.105238944,0.20155698521953688,0.20155698521953688
r11_569_TrROS_Hall.pdb,K19D,18,0.8676888955325432,0.64181066,-0.22587823993867118,0.22587823993867118
r11_569_TrROS_Hall.pdb,K19R,18,-0.0232683779228164,0.072481796,0.09575017406825555,0.09575017406825555
r11_569_TrROS_Hall.pdb,K19T,18,-0.6115168343453341,-0.19169453,0.4198223064808779,0.4198223064808779
r11_569_TrROS_Hall.pdb,K19S,18,0.1761801499477431,0.2529964,0.07681626495208296,0.07681626495208296
r11_569_TrROS_Hall.pdb,K19A,18,0.2085333516787413,0.13720939,-0.07132396604527266,0.07132396604527266
r11_569_TrROS_Hall.pdb,K19G,18,0.6978448041928575,0.7609921,0.06314730558268566,0.06314730558268566
r11_569_TrROS_Hall.pdb,K19M,18,-0.356555441669582,-0.19069028,0.16586516266262397,0.16586516266262397
r11_569_TrROS_Hall.pdb,K19L,18,-0.4891025694428892,-0.43515617,0.0539464028893919,0.0539464028893919
r11_569_TrROS_Hall.pdb,K19V,18,-0.5828539877709025,-0.34429836,0.23855562503896888,0.23855562503896888
r11_569_TrROS_Hall.pdb,K19I,18,-0.4948949622840071,-0.51484543,-0.019950468566975577,0.019950468566975577
r11_569_TrROS_Hall.pdb,K19W,18,-0.9531458280736418,-0.3107829,0.6423629186803312,0.6423629186803312
r11_569_TrROS_Hall.pdb,K19Y,18,-0.8127185992626207,-0.2725683,0.5401503137973802,0.5401503137973802
r11_569_TrROS_Hall.pdb,K19F,18,-0.669449941501127,-0.23662156,0.4328283828348978,0.4328283828348978
r11_569_TrROS_Hall.pdb,K19P,18,1.3824324111017283,1.2315829,-0.15084953108158672,0.15084953108158672
r11_569_TrROS_Hall.pdb,K19C,18,-0.3157803577751954,-0.2742631,0.041517244038089096,0.041517244038089096
r11_569_TrROS_Hall.pdb,T20Q,19,0.320070620619638,0.28775996,-0.03231066092191459,0.03231066092191459
r11_569_TrROS_Hall.pdb,T20E,19,0.5519043321368913,0.43164414,-0.12026019046284953,0.12026019046284953
r11_569_TrROS_Hall.pdb,T20N,19,0.2169236309649713,0.2111159,-0.005807734263158559,0.005807734263158559
r11_569_TrROS_Hall.pdb,T20H,19,0.2381066839401857,0.23695481,-0.0011518757050172357,0.0011518757050172357
r11_569_TrROS_Hall.pdb,T20D,19,0.2524669666290819,0.30964345,0.05717648077005749,0.05717648077005749
r11_569_TrROS_Hall.pdb,T20R,19,0.7348289551682621,0.3026136,-0.4322153689808994,0.4322153689808994
r11_569_TrROS_Hall.pdb,T20K,19,0.6459865398004196,0.14043415,-0.5055523938729904,0.5055523938729904
r11_569_TrROS_Hall.pdb,T20S,19,0.1590123323208243,0.044369042,-0.11464329040111604,0.11464329040111604
r11_569_TrROS_Hall.pdb,T20A,19,0.4364513163722052,0.10952297,-0.3269283478415503,0.3269283478415503
r11_569_TrROS_Hall.pdb,T20G,19,-0.0074214698359367,0.28876624,0.29618770494908064,0.29618770494908064
r11_569_TrROS_Hall.pdb,T20M,19,-0.10406055404879,0.22840935,0.3324699039671555,0.3324699039671555
r11_569_TrROS_Hall.pdb,T20L,19,0.0152677515870065,0.18989873,0.17463097773733433,0.17463097773733433
r11_569_TrROS_Hall.pdb,T20V,19,0.643024856382648,0.5392645,-0.10376035624150415,0.10376035624150415
r11_569_TrROS_Hall.pdb,T20I,19,0.4777221296473977,0.4508013,-0.02692081672396629,0.02692081672396629
r11_569_TrROS_Hall.pdb,T20W,19,-0.6460083154310077,0.06369306,0.7097013769019931,0.7097013769019931
r11_569_TrROS_Hall.pdb,T20Y,19,-0.7889372006507345,0.13699645,0.925933648690743,0.925933648690743
r11_569_TrROS_Hall.pdb,T20F,19,-0.5928453799962607,0.12413566,0.7169810381412116,0.7169810381412116
r11_569_TrROS_Hall.pdb,T20P,19,1.022937603405227,1.0833454,0.06040780980278071,0.06040780980278071
r11_569_TrROS_Hall.pdb,T20C,19,-0.87368735963038,-0.113701165,0.7599861949079374,0.7599861949079374
r11_569_TrROS_Hall.pdb,E21Q,20,-0.1199063792128445,0.17645934,0.29636572145413176,0.29636572145413176
r11_569_TrROS_Hall.pdb,E21N,20,0.0856203222389375,0.15013696,0.06451664029405964,0.06451664029405964
r11_569_TrROS_Hall.pdb,E21H,20,0.3137656646686131,0.15756267,-0.15620299157672468,0.15620299157672468
r11_569_TrROS_Hall.pdb,E21D,20,0.0017819945427548,0.03896588,0.03718388632806429,0.03718388632806429
r11_569_TrROS_Hall.pdb,E21R,20,0.144178463472572,0.2730668,0.12888832543924747,0.12888832543924747
r11_569_TrROS_Hall.pdb,E21K,20,0.1492313437071677,0.19418308,0.04495173768130581,0.04495173768130581
r11_569_TrROS_Hall.pdb,E21T,20,0.1672547044059771,0.28352696,0.11627225262908761,0.11627225262908761
r11_569_TrROS_Hall.pdb,E21S,20,-0.1025159108517759,0.13340107,0.2359169769166105,0.2359169769166105
r11_569_TrROS_Hall.pdb,E21A,20,-0.2640381427124536,0.06908393,0.3331220717743433,0.3331220717743433
r11_569_TrROS_Hall.pdb,E21G,20,0.027346218852257,0.23357132,0.20622510191991403,0.20622510191991403
r11_569_TrROS_Hall.pdb,E21M,20,0.0491637510022904,0.1748974,0.12573365152265772,0.12573365152265772
r11_569_TrROS_Hall.pdb,E21L,20,-0.1564282477220304,0.13309036,0.2895186096748121,0.2895186096748121
r11_569_TrROS_Hall.pdb,E21V,20,-0.0220516094753,0.27035794,0.2924095460960123,0.2924095460960123
r11_569_TrROS_Hall.pdb,E21I,20,-0.0478490117515049,0.28263032,0.3304793361152134,0.3304793361152134
r11_569_TrROS_Hall.pdb,E21W,20,-0.4073861292796303,0.120665476,0.528051605005758,0.528051605005758
r11_569_TrROS_Hall.pdb,E21Y,20,-0.0404286734731047,0.20025453,0.24068320318768904,0.24068320318768904
r11_569_TrROS_Hall.pdb,E21F,20,0.0005516058484864,0.2613231,0.26077148851949455,0.26077148851949455
r11_569_TrROS_Hall.pdb,E21P,20,-0.109473275517165,0.23425241,0.34372568366402323,0.34372568366402323
r11_569_TrROS_Hall.pdb,E21C,20,-0.3990758662506692,-0.037871897,0.36120396903005764,0.36120396903005764
r11_569_TrROS_Hall.pdb,D22Q,21,0.4049636369076257,0.19926056,-0.20570307424931578,0.20570307424931578
r11_569_TrROS_Hall.pdb,D22E,21,0.2435286159196543,0.1819118,-0.06161681958824866,0.06161681958824866
r11_569_TrROS_Hall.pdb,D22N,21,0.0126908100637264,0.00971213,-0.0029786802324123125,0.0029786802324123125
r11_569_TrROS_Hall.pdb,D22H,21,0.2580893529898427,0.20741218,-0.05067716970508318,0.05067716970508318
r11_569_TrROS_Hall.pdb,D22R,21,0.5063663420142097,0.26619166,-0.24017468065633008,0.24017468065633008
r11_569_TrROS_Hall.pdb,D22K,21,0.339666971145474,0.16532888,-0.17433809596141486,0.17433809596141486
r11_569_TrROS_Hall.pdb,D22T,21,0.0852953298547471,0.16190085,0.0766055182955062,0.0766055182955062
r11_569_TrROS_Hall.pdb,D22S,21,0.1294627063817373,0.035671905,-0.0937908016986242,0.0937908016986242
r11_569_TrROS_Hall.pdb,D22A,21,0.3011410580249234,0.1363135,-0.1648275600047513,0.1648275600047513
r11_569_TrROS_Hall.pdb,D22G,21,0.303321805836509,0.25877693,-0.044544872881720765,0.044544872881720765
r11_569_TrROS_Hall.pdb,D22M,21,0.3442147378110649,0.23381561,-0.11039912740228192,0.11039912740228192
r11_569_TrROS_Hall.pdb,D22L,21,0.3885883405513584,0.25029522,-0.13829311874578587,0.13829311874578587
r11_569_TrROS_Hall.pdb,D22V,21,0.669001442575571,0.49929833,-0.16970310845386694,0.16970310845386694
r11_569_TrROS_Hall.pdb,D22I,21,0.7610568970379374,0.43402058,-0.32703631817670087,0.32703631817670087
r11_569_TrROS_Hall.pdb,D22W,21,0.0419307704993492,0.21301723,0.17108645476615372,0.17108645476615372
r11_569_TrROS_Hall.pdb,D22Y,21,-0.0311911887803448,0.30098486,0.33217604824689756,0.33217604824689756
r11_569_TrROS_Hall.pdb,D22F,21,-0.003883528535457,0.3046488,0.30853231531867537,0.30853231531867537
r11_569_TrROS_Hall.pdb,D22P,21,1.5519542131603896,0.76022315,-0.7917310629070937,0.7917310629070937
r11_569_TrROS_Hall.pdb,D22C,21,-0.1386481975403493,-0.077374786,0.06127341140181475,0.06127341140181475
r11_569_TrROS_Hall.pdb,G23Q,22,1.1616304849379415,1.0786269,-0.08300361382893273,0.08300361382893273
r11_569_TrROS_Hall.pdb,G23E,22,1.001736306866628,1.2062218,0.20448551205732213,0.20448551205732213
r11_569_TrROS_Hall.pdb,G23N,22,1.139994246735664,0.80645716,-0.3335370848322827,0.3335370848322827
r11_569_TrROS_Hall.pdb,G23H,22,1.2177742742219708,1.0812334,-0.1365408919969342,0.1365408919969342
r11_569_TrROS_Hall.pdb,G23D,22,1.31089406868248,0.87410605,-0.43678801914482124,0.43678801914482124
r11_569_TrROS_Hall.pdb,G23R,22,1.842475725640584,1.2917478,-0.550727917184163,0.550727917184163
r11_569_TrROS_Hall.pdb,G23K,22,1.367354738655548,1.195493,-0.17186175579116814,0.17186175579116814
r11_569_TrROS_Hall.pdb,G23T,22,1.1640588357467796,1.4594094,0.29535052037046894,0.29535052037046894
r11_569_TrROS_Hall.pdb,G23S,22,1.1572954089214469,1.0837938,-0.07350164957543859,0.07350164957543859
r11_569_TrROS_Hall.pdb,G23A,22,1.203775483695669,1.2317151,0.027939599426584527,0.027939599426584527
r11_569_TrROS_Hall.pdb,G23M,22,1.2800667107231,1.0996633,-0.18040345312422312,0.18040345312422312
r11_569_TrROS_Hall.pdb,G23L,22,1.2948732093196966,1.1123081,-0.18256506475029965,0.18256506475029965
r11_569_TrROS_Hall.pdb,G23V,22,1.793999157569657,1.746407,-0.047592125556717546,0.047592125556717546
r11_569_TrROS_Hall.pdb,G23I,22,1.584983377430668,1.6989979,0.11401447775579432,0.11401447775579432
r11_569_TrROS_Hall.pdb,G23W,22,1.491785989636175,1.1656733,-0.32611273371576477,0.32611273371576477
r11_569_TrROS_Hall.pdb,G23Y,22,1.162023776846746,1.132319,-0.029704803305486305,0.029704803305486305
r11_569_TrROS_Hall.pdb,G23F,22,1.2698432573738108,0.94856876,-0.3212744960250864,0.3212744960250864
r11_569_TrROS_Hall.pdb,G23C,22,0.3244529399121996,0.6151818,0.2907288637911085,0.2907288637911085
r11_569_TrROS_Hall.pdb,E24Q,23,-0.1106823957095022,0.003224507,0.11390690268372247,0.11390690268372247
r11_569_TrROS_Hall.pdb,E24N,23,-0.0579424822022582,0.12823984,0.18618232247134694,0.18618232247134694
r11_569_TrROS_Hall.pdb,E24H,23,-0.0129510782408086,0.01644446,0.029395537798341864,0.029395537798341864
r11_569_TrROS_Hall.pdb,E24D,23,0.1821050042308405,0.22521062,0.04310561772217006,0.04310561772217006
r11_569_TrROS_Hall.pdb,E24R,23,0.1165389358879631,0.10439456,-0.012144373345524595,0.012144373345524595
r11_569_TrROS_Hall.pdb,E24K,23,-0.012353318051566,0.06943451,0.0817878267328633,0.0817878267328633
r11_569_TrROS_Hall.pdb,E24T,23,0.0266614419622033,-0.04420627,-0.07086771104761055,0.07086771104761055
r11_569_TrROS_Hall.pdb,E24S,23,-0.011340064836844,0.08464657,0.09598663253913739,0.09598663253913739
r11_569_TrROS_Hall.pdb,E24A,23,0.2701149487958314,0.13062969,-0.1394852602944734,0.1394852602944734
r11_569_TrROS_Hall.pdb,E24G,23,0.216454287468307,0.42342997,0.2069756785045934,0.2069756785045934
r11_569_TrROS_Hall.pdb,E24M,23,-0.0062497151124638,-0.0317899,-0.02554018375991169,0.02554018375991169
r11_569_TrROS_Hall.pdb,E24L,23,-0.0350318583675868,-0.010961108,0.024070750457907387,0.024070750457907387
r11_569_TrROS_Hall.pdb,E24V,23,-0.2226783485015029,-0.12521698,0.09746137269335928,0.09746137269335928
r11_569_TrROS_Hall.pdb,E24I,23,-0.1185087261854933,-0.17810479,-0.05959606187946337,0.05959606187946337
r11_569_TrROS_Hall.pdb,E24W,23,-0.126483117327985,-0.005539559,0.12094355850010796,0.12094355850010796
r11_569_TrROS_Hall.pdb,E24Y,23,-0.1644955928843696,-0.030842006,0.13365358667785715,0.13365358667785715
r11_569_TrROS_Hall.pdb,E24F,23,-0.1368520248951181,-0.021025062,0.11582696328775727,0.11582696328775727
r11_569_TrROS_Hall.pdb,E24P,23,0.8351561579759694,1.0195671,0.18441097402018536,0.18441097402018536
r11_569_TrROS_Hall.pdb,E24C,23,-0.5119310941060506,-0.20776488,0.30416621523699394,0.30416621523699394
r11_569_TrROS_Hall.pdb,E25Q,24,0.5533605798804913,0.17918117,-0.374179406436697,0.374179406436697
r11_569_TrROS_Hall.pdb,E25N,24,1.005797900622972,0.5872452,-0.41855267471659996,0.41855267471659996
r11_569_TrROS_Hall.pdb,E25H,24,0.7658064455997589,0.2490418,-0.516764649869168,0.516764649869168
r11_569_TrROS_Hall.pdb,E25D,24,0.8589011616942617,0.6401047,-0.21879645063850606,0.21879645063850606
r11_569_TrROS_Hall.pdb,E25R,24,1.303830945983116,0.4289915,-0.8748394494201583,0.8748394494201583
r11_569_TrROS_Hall.pdb,E25K,24,1.1494264864053982,0.4377811,-0.7116453909006375,0.7116453909006375
r11_569_TrROS_Hall.pdb,E25T,24,0.0315383484104152,0.053620882,0.02208253392190978,0.02208253392190978
r11_569_TrROS_Hall.pdb,E25S,24,0.4773165686939999,0.31748372,-0.15983284553039517,0.15983284553039517
r11_569_TrROS_Hall.pdb,E25A,24,0.9438070811121696,0.26742786,-0.6763792194216484,0.6763792194216484
r11_569_TrROS_Hall.pdb,E25G,24,1.3574148093851668,0.7953759,-0.5620389258059126,0.5620389258059126
r11_569_TrROS_Hall.pdb,E25M,24,0.2131712648943919,-0.014053777,-0.22722504175462901,0.22722504175462901
r11_569_TrROS_Hall.pdb,E25L,24,0.3025796705309322,-0.17317198,-0.4757516527000835,0.4757516527000835
r11_569_TrROS_Hall.pdb,E25V,24,-0.1423298967050215,-0.35291463,-0.21058473466170824,0.21058473466170824
r11_569_TrROS_Hall.pdb,E25I,24,-0.1954010544672648,-0.4207574,-0.22535635844319662,0.22535635844319662
r11_569_TrROS_Hall.pdb,E25W,24,-0.5550174869008417,-0.12343581,0.4315816766925211,0.4315816766925211
r11_569_TrROS_Hall.pdb,E25Y,24,0.0035321546649855,-0.03021194,-0.03374409507273849,0.03374409507273849
r11_569_TrROS_Hall.pdb,E25F,24,0.0267286093593903,-0.02213195,-0.04886055902255253,0.04886055902255253
r11_569_TrROS_Hall.pdb,E25P,24,1.2868695642409549,0.85139835,-0.4354712154326663,0.4354712154326663
r11_569_TrROS_Hall.pdb,E25C,24,-0.2729005352177065,-0.16891871,0.10398182129043754,0.10398182129043754
r11_569_TrROS_Hall.pdb,K26Q,25,-0.1504701803083907,0.14883807,0.2993082533236037,0.2993082533236037
r11_569_TrROS_Hall.pdb,K26E,25,0.1137246859913903,0.40000063,0.2862759458178443,0.2862759458178443
r11_569_TrROS_Hall.pdb,K26N,25,0.2386499360286478,0.3501156,0.11146566121942958,0.11146566121942958
r11_569_TrROS_Hall.pdb,K26H,25,-0.365896068883262,0.07612492,0.44202099032434017,0.44202099032434017
r11_569_TrROS_Hall.pdb,K26D,25,0.7209863386669491,0.75237274,0.031386403032269694,0.031386403032269694
r11_569_TrROS_Hall.pdb,K26R,25,-0.2286175792084197,-0.06589128,0.1627262984381179,0.1627262984381179
r11_569_TrROS_Hall.pdb,K26T,25,-0.4427343416638529,-0.057111792,0.385622549397484,0.385622549397484
r11_569_TrROS_Hall.pdb,K26S,25,-0.1396882462862465,0.23455766,0.37424590472016067,0.37424590472016067
r11_569_TrROS_Hall.pdb,K26A,25,0.2367194383247468,0.23882578,0.0021063448087599856,0.0021063448087599856
r11_569_TrROS_Hall.pdb,K26G,25,0.8826170543411407,0.71493953,-0.16767751967698663,0.16767751967698663
r11_569_TrROS_Hall.pdb,K26M,25,-0.4704143195204038,-0.10827647,0.36213784802477544,0.36213784802477544
r11_569_TrROS_Hall.pdb,K26L,25,-0.509371744822606,-0.14609899,0.36327275855456254,0.36327275855456254
r11_569_TrROS_Hall.pdb,K26V,25,-0.427608361341047,-0.24781992,0.1797884459271905,0.1797884459271905
r11_569_TrROS_Hall.pdb,K26I,25,-0.7011438191057557,-0.42487717,0.27626665235770886,0.27626665235770886
r11_569_TrROS_Hall.pdb,K26W,25,-1.5005469755330791,-0.16886702,1.3316799537339916,1.3316799537339916
r11_569_TrROS_Hall.pdb,K26Y,25,-1.3721160265130328,-0.20730548,1.1648105504435824,1.1648105504435824
r11_569_TrROS_Hall.pdb,K26F,25,-1.1067354808836465,-0.19660883,0.9101266543655877,0.9101266543655877
r11_569_TrROS_Hall.pdb,K26P,25,1.817923455859277,1.1985387,-0.6193847948561642,0.6193847948561642
r11_569_TrROS_Hall.pdb,K26C,25,-1.2429332862603628,-0.2333505,1.0095827857959234,1.0095827857959234
r11_569_TrROS_Hall.pdb,T27Q,26,0.4015959188417608,0.4259835,0.024387569717962077,0.024387569717962077
r11_569_TrROS_Hall.pdb,T27E,26,0.3478737418949251,0.4642027,0.11632896015051558,0.11632896015051558
r11_569_TrROS_Hall.pdb,T27N,26,0.7350854160259792,0.7368808,0.0017953632403782116,0.0017953632403782116
r11_569_TrROS_Hall.pdb,T27H,26,0.2229757192241024,0.375436,0.1524602887524296,0.1524602887524296
r11_569_TrROS_Hall.pdb,T27D,26,1.156594885129599,0.8866302,-0.2699647076317353,0.2699647076317353
r11_569_TrROS_Hall.pdb,T27R,26,0.399487231893469,0.5050875,0.10560026295668967,0.10560026295668967
r11_569_TrROS_Hall.pdb,T27K,26,0.5198621519648507,0.5412481,0.021385931149773274,0.021385931149773274
r11_569_TrROS_Hall.pdb,T27S,26,0.2845982883677829,0.39036363,0.10576534526487702,0.10576534526487702
r11_569_TrROS_Hall.pdb,T27A,26,0.6019641091602748,0.41249168,-0.1894724299686854,0.1894724299686854
r11_569_TrROS_Hall.pdb,T27G,26,1.17094115021654,0.97622675,-0.19471440318055988,0.19471440318055988
r11_569_TrROS_Hall.pdb,T27M,26,-0.0071197761376535,0.12472525,0.13184502852756133,0.13184502852756133
r11_569_TrROS_Hall.pdb,T27L,26,0.2219861182386728,0.0054267943,-0.2165593239481302,0.2165593239481302
r11_569_TrROS_Hall.pdb,T27V,26,-0.2329576826975721,-0.1394406,0.0935170865939039,0.0935170865939039
r11_569_TrROS_Hall.pdb,T27I,26,-0.4106170124603219,-0.23332846,0.1772885508132882,0.1772885508132882
r11_569_TrROS_Hall.pdb,T27W,26,-0.6498271058555805,-0.21986938,0.4299577306266986,0.4299577306266986
r11_569_TrROS_Hall.pdb,T27Y,26,-0.2013438912351546,-0.084358215,0.11698567590312334,0.11698567590312334
r11_569_TrROS_Hall.pdb,T27F,26,-0.3429241169123447,-0.07662618,0.2662979353098667,0.2662979353098667
r11_569_TrROS_Hall.pdb,T27P,26,1.8195417852184104,1.260089,-0.5594527454158591,0.5594527454158591
r11_569_TrROS_Hall.pdb,T27C,26,-0.1628486397462185,-0.06887275,0.09397588994076805,0.09397588994076805
r11_569_TrROS_Hall.pdb,I28Q,27,0.9235715022402704,0.978513,0.05494150015535948,0.05494150015535948
r11_569_TrROS_Hall.pdb,I28E,27,0.8763463755734751,1.1136819,0.23733553684870512,0.23733553684870512
r11_569_TrROS_Hall.pdb,I28N,27,1.6779422050428638,1.3672618,-0.3106804376554737,0.3106804376554737
r11_569_TrROS_Hall.pdb,I28H,27,0.9677620216675468,0.86829764,-0.09946438515860512,0.09946438515860512
r11_569_TrROS_Hall.pdb,I28D,27,1.6364379299534444,1.3928205,-0.24361745246778765,0.24361745246778765
r11_569_TrROS_Hall.pdb,I28R,27,1.5826537192298358,1.1278783,-0.45477541093363216,0.45477541093363216
r11_569_TrROS_Hall.pdb,I28K,27,1.6886344417030408,1.1568995,-0.5317349894935681,0.5317349894935681
r11_569_TrROS_Hall.pdb,I28T,27,0.728526529947678,0.80448234,0.07595581086500514,0.07595581086500514
r11_569_TrROS_Hall.pdb,I28S,27,1.0149255732974427,1.0791992,0.06427362161069938,0.06427362161069938
r11_569_TrROS_Hall.pdb,I28A,27,0.9590369573581432,0.86110926,-0.09792770061375844,0.09792770061375844
r11_569_TrROS_Hall.pdb,I28G,27,1.5098213495291306,1.5134864,0.003665035816328377,0.003665035816328377
r11_569_TrROS_Hall.pdb,I28M,27,-0.1034422861174959,0.28788394,0.3913262234763521,0.3913262234763521
r11_569_TrROS_Hall.pdb,I28L,27,0.1278456763619244,0.19505948,0.06721380192100407,0.06721380192100407
r11_569_TrROS_Hall.pdb,I28V,27,0.2492514689055571,0.34230718,0.0930557112606874,0.0930557112606874
r11_569_TrROS_Hall.pdb,I28W,27,-1.0202376643254447,0.0511446,1.0713822642399955,1.0713822642399955
r11_569_TrROS_Hall.pdb,I28Y,27,-1.1252904940915895,0.12077534,1.2460658360791994,1.2460658360791994
r11_569_TrROS_Hall.pdb,I28F,27,-0.9402453108108748,0.13557208,1.0758173866546858,1.0758173866546858
r11_569_TrROS_Hall.pdb,I28P,27,2.358067139432709,1.7386827,-0.619384392545502,0.619384392545502
r11_569_TrROS_Hall.pdb,I28C,27,-0.9199830609373204,0.23051256,1.1504956203512302,1.1504956203512302
r11_569_TrROS_Hall.pdb,E29Q,28,0.2054998185267686,0.21744898,0.01194916108939656,0.01194916108939656
r11_569_TrROS_Hall.pdb,E29N,28,0.3885018072292237,0.66151005,0.2730082430675598,0.2730082430675598
r11_569_TrROS_Hall.pdb,E29H,28,0.23225332161583,0.32821265,0.0959593270143122,0.0959593270143122
r11_569_TrROS_Hall.pdb,E29D,28,0.6319440165966412,0.62759274,-0.004351274153556517,0.004351274153556517
r11_569_TrROS_Hall.pdb,E29R,28,0.6392343052177365,0.52055925,-0.11867505390929534,0.11867505390929534
r11_569_TrROS_Hall.pdb,E29K,28,0.7129468035853264,0.5064568,-0.20649001123074262,0.20649001123074262
r11_569_TrROS_Hall.pdb,E29T,28,-0.1425602823324911,0.0009315312,0.1434918135233633,0.1434918135233633
r11_569_TrROS_Hall.pdb,E29S,28,0.2174713396782199,0.38322824,0.16575690271908844,0.16575690271908844
r11_569_TrROS_Hall.pdb,E29A,28,0.7777480126922502,0.33626008,-0.44148793235472583,0.44148793235472583
r11_569_TrROS_Hall.pdb,E29G,28,1.2216116047667094,0.9396466,-0.28196500308976846,0.28196500308976846
r11_569_TrROS_Hall.pdb,E29M,28,0.0921364266936273,0.025206298,-0.0669301290575952,0.0669301290575952
r11_569_TrROS_Hall.pdb,E29L,28,0.0007841313651384,-0.08956006,-0.09034419305832993,0.09034419305832993
r11_569_TrROS_Hall.pdb,E29V,28,-0.6271676066185679,-0.3501054,0.27706220176474705,0.27706220176474705
r11_569_TrROS_Hall.pdb,E29I,28,-0.5789215460325972,-0.374902,0.2040195360686079,0.2040195360686079
r11_569_TrROS_Hall.pdb,E29W,28,0.1714257597586364,-0.10447109,-0.2758968472143859,0.2758968472143859
r11_569_TrROS_Hall.pdb,E29Y,28,-0.074110275306916,0.0064801127,0.08059038797876811,0.08059038797876811
r11_569_TrROS_Hall.pdb,E29F,28,0.1590284793119589,0.002154678,-0.15687380120565092,0.15687380120565092
r11_569_TrROS_Hall.pdb,E29P,28,1.4835944982772844,1.2305614,-0.25303312265930344,0.25303312265930344
r11_569_TrROS_Hall.pdb,E29C,28,-0.2486254575936142,-0.12292963,0.1256958249298874,0.1256958249298874
r11_569_TrROS_Hall.pdb,I30Q,29,1.8093228222126885,1.8781083,0.0687854408030586,0.0687854408030586
r11_569_TrROS_Hall.pdb,I30E,29,1.8817329856122624,2.0724554,0.1907224205767024,0.1907224205767024
r11_569_TrROS_Hall.pdb,I30N,29,2.414813420032954,2.283823,-0.1309904067272898,0.1309904067272898
r11_569_TrROS_Hall.pdb,I30H,29,1.742947890170781,1.9787948,0.23584692298534704,0.23584692298534704
r11_569_TrROS_Hall.pdb,I30D,29,2.3587014460823275,2.3623724,0.0036709522941373862,0.0036709522941373862
r11_569_TrROS_Hall.pdb,I30R,29,2.222460011383098,2.3185139,0.09605385885615991,0.09605385885615991
r11_569_TrROS_Hall.pdb,I30T,29,0.7603895555090117,1.4303781,0.669988523905356,0.669988523905356
r11_569_TrROS_Hall.pdb,I30S,29,1.094148415473342,1.8653933,0.7712448655096291,0.7712448655096291
r11_569_TrROS_Hall.pdb,I30A,29,0.7765231479153638,1.3669162,0.5903930317416186,0.5903930317416186
r11_569_TrROS_Hall.pdb,I30G,29,1.0225400085977308,2.270781,1.2482410315939196,1.2482410315939196
r11_569_TrROS_Hall.pdb,I30M,29,0.8092733443511948,0.8233624,0.014089065717317162,0.014089065717317162
r11_569_TrROS_Hall.pdb,I30L,29,0.655200682416444,0.9195739,0.26437322066735724,0.26437322066735724
r11_569_TrROS_Hall.pdb,I30V,29,-0.3960005491045772,0.34742308,0.7434236257342159,0.7434236257342159
r11_569_TrROS_Hall.pdb,I30W,29,0.8952060952184561,1.3761108,0.4809046969415781,0.4809046969415781
r11_569_TrROS_Hall.pdb,I30Y,29,1.021050221896657,1.3136387,0.292588465237132,0.292588465237132
r11_569_TrROS_Hall.pdb,I30F,29,0.159205592154858,0.92475,0.7655443782812382,0.7655443782812382
r11_569_TrROS_Hall.pdb,I30P,29,2.512401494165819,2.8609545,0.3485530289207288,0.3485530289207288
r11_569_TrROS_Hall.pdb,I30C,29,-0.3234564408899407,0.87015563,1.1936120733858209,1.1936120733858209
r11_569_TrROS_Hall.pdb,P31Q,30,0.0611418822065401,0.33660766,0.275465782616992,0.275465782616992
r11_569_TrROS_Hall.pdb,P31E,30,-0.245457458179926,0.23783281,0.4832902726349584,0.4832902726349584
r11_569_TrROS_Hall.pdb,P31N,30,-0.3280850714362602,0.25311533,0.5812003976024132,0.5812003976024132
r11_569_TrROS_Hall.pdb,P31H,30,-0.0831404857922155,0.28346884,0.3666093282986242,0.3666093282986242
r11_569_TrROS_Hall.pdb,P31D,30,-0.555173359498121,0.23257393,0.787747285946943,0.787747285946943
r11_569_TrROS_Hall.pdb,P31R,30,-0.009644105084964,0.38518807,0.3948321780048096,0.3948321780048096
r11_569_TrROS_Hall.pdb,P31K,30,0.0034120368501759,0.27490225,0.27149021749285696,0.27149021749285696
r11_569_TrROS_Hall.pdb,P31T,30,-0.3217537162613748,0.22576308,0.5475167987656473,0.5475167987656473
r11_569_TrROS_Hall.pdb,P31S,30,-0.5481868832549259,0.13202097,0.6802078484734699,0.6802078484734699
r11_569_TrROS_Hall.pdb,P31A,30,-0.2545160889694697,0.13088635,0.38540243507123056,0.38540243507123056
r11_569_TrROS_Hall.pdb,P31G,30,-0.163465246692549,0.3716576,0.5351228566321242,0.5351228566321242
r11_569_TrROS_Hall.pdb,P31M,30,-0.1868778502977086,0.32246658,0.5093444323575689,0.5093444323575689
r11_569_TrROS_Hall.pdb,P31L,30,-0.292088653256668,0.26910353,0.5611921803257598,0.5611921803257598
r11_569_TrROS_Hall.pdb,P31V,30,0.1874199228181314,0.32651243,0.13909250331979278,0.13909250331979278
r11_569_TrROS_Hall.pdb,P31I,30,0.1718290686911316,0.38958967,0.21776059862911987,0.21776059862911987
r11_569_TrROS_Hall.pdb,P31W,30,-0.5594756240881935,0.15128902,0.7107646400965706,0.7107646400965706
r11_569_TrROS_Hall.pdb,P31Y,30,-0.2438767985130399,0.29218438,0.5360611811901181,0.5360611811901181
r11_569_TrROS_Hall.pdb,P31F,30,-0.4692360642774664,0.32601133,0.7952473941667639,0.7952473941667639
r11_569_TrROS_Hall.pdb,P31C,30,-0.1243126797223519,0.04779148,0.1721041607404183,0.1721041607404183
r11_569_TrROS_Hall.pdb,K32Q,31,0.3940523477316693,0.47871494,0.0846625952004596,0.0846625952004596
r11_569_TrROS_Hall.pdb,K32E,31,0.9608768301342404,0.7746557,-0.18622113040432098,0.18622113040432098
r11_569_TrROS_Hall.pdb,K32N,31,0.9006468034688965,0.60655713,-0.29408967265529784,0.29408967265529784
r11_569_TrROS_Hall.pdb,K32H,31,0.2595636856993701,0.38624665,0.1266829657116864,0.1266829657116864
r11_569_TrROS_Hall.pdb,K32D,31,1.006844369269032,1.1075476,0.10070327153144398,0.10070327153144398
r11_569_TrROS_Hall.pdb,K32R,31,-0.2842089026184839,-0.040736645,0.24347225715835513,0.24347225715835513
r11_569_TrROS_Hall.pdb,K32T,31,0.7184616538262119,0.4536032,-0.2648584457611789,0.2648584457611789
r11_569_TrROS_Hall.pdb,K32S,31,0.3732262162432604,0.45763493,0.08440870959902474,0.08440870959902474
r11_569_TrROS_Hall.pdb,K32A,31,-0.0374046611213783,0.25771633,0.2951209890270332,0.2951209890270332
r11_569_TrROS_Hall.pdb,K32G,31,0.0818305733519251,0.6972535,0.6154229519051855,0.6154229519051855
r11_569_TrROS_Hall.pdb,K32M,31,0.2825871006205736,0.3469349,0.06434781396835465,0.06434781396835465
r11_569_TrROS_Hall.pdb,K32L,31,0.3013776644184933,0.29455736,-0.0068203016236171865,0.0068203016236171865
r11_569_TrROS_Hall.pdb,K32V,31,0.3616645732756181,0.3335727,-0.028091887557081696,0.028091887557081696
r11_569_TrROS_Hall.pdb,K32I,31,0.1980580120865629,0.25831717,0.06025916044075033,0.06025916044075033
r11_569_TrROS_Hall.pdb,K32W,31,-0.2842136269995645,0.20859082,0.4928044474312738,0.4928044474312738
r11_569_TrROS_Hall.pdb,K32Y,31,-0.0632605865188919,0.20760563,0.27086621667826993,0.27086621667826993
r11_569_TrROS_Hall.pdb,K32F,31,0.0252487816092867,0.27772877,0.25247998459363996,0.25247998459363996
r11_569_TrROS_Hall.pdb,K32P,31,0.242952912406019,0.89968556,0.6567326492509329,0.6567326492509329
r11_569_TrROS_Hall.pdb,K32C,31,-0.0253249036683362,0.23386931,0.25919421786206176,0.25919421786206176
r11_569_TrROS_Hall.pdb,E33Q,32,0.3108697687162436,0.20836207,-0.10250769601002108,0.10250769601002108
r11_569_TrROS_Hall.pdb,E33N,32,0.347321551640289,0.27325022,-0.07407132943417327,0.07407132943417327
r11_569_TrROS_Hall.pdb,E33H,32,0.2780910398766096,0.14594191,-0.13214912674871043,0.13214912674871043
r11_569_TrROS_Hall.pdb,E33D,32,0.2445633208529436,0.20764227,-0.03692104873818988,0.03692104873818988
r11_569_TrROS_Hall.pdb,E33R,32,0.4114014276935656,0.2944606,-0.11694083303948233,0.11694083303948233
r11_569_TrROS_Hall.pdb,E33K,32,0.3830230846148581,0.23453976,-0.14848332247553775,0.14848332247553775
r11_569_TrROS_Hall.pdb,E33T,32,0.5369821146863538,0.15653889,-0.3804432258742887,0.3804432258742887
r11_569_TrROS_Hall.pdb,E33S,32,0.207917904903506,0.056320846,-0.15159705882272598,0.15159705882272598
r11_569_TrROS_Hall.pdb,E33A,32,0.0008702422297617,0.05099745,0.05012720871799983,0.05012720871799983
r11_569_TrROS_Hall.pdb,E33G,32,0.1088148446334635,0.3005187,0.1917038469063009,0.1917038469063009
r11_569_TrROS_Hall.pdb,E33M,32,0.4511993587095841,0.11686624,-0.33433312029434287,0.33433312029434287
r11_569_TrROS_Hall.pdb,E33L,32,0.5485527700791544,0.1138095,-0.4347432664642519,0.4347432664642519
r11_569_TrROS_Hall.pdb,E33V,32,0.4167678136597608,0.19521293,-0.22155488321885808,0.22155488321885808
r11_569_TrROS_Hall.pdb,E33I,32,0.5812385561482523,0.22005838,-0.36118017459078766,0.36118017459078766
r11_569_TrROS_Hall.pdb,E33W,32,-0.1154546877740601,0.03540069,0.15085537642228397,0.15085537642228397
r11_569_TrROS_Hall.pdb,E33Y,32,0.3428788335323471,0.093424834,-0.24945399922133865,0.24945399922133865
r11_569_TrROS_Hall.pdb,E33F,32,0.277515911790738,0.15103316,-0.12648274872005927,0.12648274872005927
r11_569_TrROS_Hall.pdb,E33P,32,0.9502856739542996,0.53006524,-0.4202204354785001,0.4202204354785001
r11_569_TrROS_Hall.pdb,E33C,32,0.1512140592987712,-0.10993457,-0.26114862770392255,0.26114862770392255
r11_569_TrROS_Hall.pdb,N34Q,33,-0.5483522385989441,-0.27358994,0.27476229971993105,0.27476229971993105
r11_569_TrROS_Hall.pdb,N34E,33,-0.3709395632559884,0.09079901,0.4617385745460618,0.4617385745460618
r11_569_TrROS_Hall.pdb,N34H,33,-0.3359561124122283,-0.12552215,0.21043396082283466,0.21043396082283466
r11_569_TrROS_Hall.pdb,N34D,33,-0.3950027949961114,0.32081497,0.715817762151568,0.715817762151568
r11_569_TrROS_Hall.pdb,N34R,33,-0.5303718284916359,-0.2783609,0.25201092522854385,0.25201092522854385
r11_569_TrROS_Hall.pdb,N34K,33,-0.4261586301789921,-0.37043503,0.05572360091072731,0.05572360091072731
r11_569_TrROS_Hall.pdb,N34T,33,0.1845267113783155,0.16323519,-0.021291523847797922,0.021291523847797922
r11_569_TrROS_Hall.pdb,N34S,33,-0.1098699400649465,0.04646624,0.15633617886165746,0.15633617886165746
r11_569_TrROS_Hall.pdb,N34A,33,-0.4548896466272785,-0.22245282,0.2324368272798969,0.2324368272798969
r11_569_TrROS_Hall.pdb,N34G,33,-0.2585769690787982,0.28764275,0.5462197162425708,0.5462197162425708
r11_569_TrROS_Hall.pdb,N34M,33,-0.8932535530773751,-0.46403643,0.42921711818853536,0.42921711818853536
r11_569_TrROS_Hall.pdb,N34L,33,-0.7044999618294367,-0.23872855,0.46577140877271983,0.46577140877271983
r11_569_TrROS_Hall.pdb,N34V,33,-0.3851456948371536,0.054745853,0.4398915477843887,0.4398915477843887
r11_569_TrROS_Hall.pdb,N34I,33,-0.1940225180184507,-0.10836545,0.08565707168933387,0.08565707168933387
r11_569_TrROS_Hall.pdb,N34W,33,-0.7334917092814361,-0.18039602,0.5530956888689911,0.5530956888689911
r11_569_TrROS_Hall.pdb,N34Y,33,-0.4968515774108297,-0.18713918,0.3097123941279775,0.3097123941279775
r11_569_TrROS_Hall.pdb,N34F,33,-0.5262687225021816,-0.31796482,0.2083039004482723,0.2083039004482723
r11_569_TrROS_Hall.pdb,N34P,33,1.4928115974948546,1.1396474,-0.35316423287846055,0.35316423287846055
r11_569_TrROS_Hall.pdb,N34C,33,-0.8342440506060456,-0.52686894,0.3073751112063263,0.3073751112063263
r11_569_TrROS_Hall.pdb,L35Q,34,2.145787618066054,1.9698515,-0.17593612423060456,0.17593612423060456
r11_569_TrROS_Hall.pdb,L35E,34,1.9314407064130716,2.216688,0.28524721129627895,0.28524721129627895
r11_569_TrROS_Hall.pdb,L35N,34,2.191965064114984,2.3684168,0.1764517220788635,0.1764517220788635
r11_569_TrROS_Hall.pdb,L35H,34,1.5553117057820691,1.7484542,0.1931425073603259,0.1931425073603259
r11_569_TrROS_Hall.pdb,L35D,34,2.086709096703183,2.357196,0.27048699590240766,0.27048699590240766
r11_569_TrROS_Hall.pdb,L35R,34,1.3938351311047326,2.1803017,0.7864665351550331,0.7864665351550331
r11_569_TrROS_Hall.pdb,L35K,34,1.5811743586124354,1.9510896,0.3699152619777746,0.3699152619777746
r11_569_TrROS_Hall.pdb,L35T,34,1.8935705413957011,1.7989651,-0.09460544492200729,0.09460544492200729
r11_569_TrROS_Hall.pdb,L35S,34,1.74859921231939,2.1953762,0.44677694544123003,0.44677694544123003
r11_569_TrROS_Hall.pdb,L35A,34,1.45222421681787,1.562902,0.11067775690649517,0.11067775690649517
r11_569_TrROS_Hall.pdb,L35G,34,2.0912000980685725,2.0676877,-0.023512348205901645,0.023512348205901645
r11_569_TrROS_Hall.pdb,L35M,34,0.5047544826021884,0.82940125,0.3246467720517423,0.3246467720517423
r11_569_TrROS_Hall.pdb,L35V,34,0.5485148248867024,1.0177487,0.4692338886066447,0.4692338886066447
r11_569_TrROS_Hall.pdb,L35I,34,0.4053122427096949,0.7112645,0.3059522483715429,0.3059522483715429
r11_569_TrROS_Hall.pdb,L35W,34,0.356378427003226,0.9372511,0.580872664000192,0.580872664000192
r11_569_TrROS_Hall.pdb,L35Y,34,0.9113143159451385,0.8967586,-0.014555699974526881,0.014555699974526881
r11_569_TrROS_Hall.pdb,L35F,34,0.66575695200721,0.93724155,0.27148460225304394,0.27148460225304394
r11_569_TrROS_Hall.pdb,L35P,34,2.2174099591794807,2.1772814,-0.04012857947977366,0.04012857947977366
r11_569_TrROS_Hall.pdb,L35C,34,0.3691920654971465,0.9785199,0.6093278510372773,0.6093278510372773
r11_569_TrROS_Hall.pdb,E36Q,35,-0.3025835526273219,0.05411773,0.35670128437733334,0.35670128437733334
r11_569_TrROS_Hall.pdb,E36N,35,-0.0385169553160087,0.17375553,0.21227248185867226,0.21227248185867226
r11_569_TrROS_Hall.pdb,E36H,35,-0.2795776145754125,0.07250089,0.3520785065589216,0.3520785065589216
r11_569_TrROS_Hall.pdb,E36D,35,-0.0572270716104239,0.25812736,0.3153544331464499,0.3153544331464499
r11_569_TrROS_Hall.pdb,E36R,35,-0.219625795781214,0.080103524,0.2997293198104689,0.2997293198104689
r11_569_TrROS_Hall.pdb,E36K,35,-0.2385876213990596,-0.009357281,0.2292303403698352,0.2292303403698352
r11_569_TrROS_Hall.pdb,E36T,35,0.1032029336857047,0.16213325,0.058930312974527846,0.058930312974527846
r11_569_TrROS_Hall.pdb,E36S,35,0.0212974970187067,0.04817816,0.026880661681759455,0.026880661681759455
r11_569_TrROS_Hall.pdb,E36A,35,-0.5040854984205185,-0.1288549,0.37523059782199253,0.37523059782199253
r11_569_TrROS_Hall.pdb,E36G,35,-0.0089034569667318,0.120590046,0.12949350301489618,0.12949350301489618
r11_569_TrROS_Hall.pdb,E36M,35,-0.2236732442130433,-0.05224891,0.17142433414357766,0.17142433414357766
r11_569_TrROS_Hall.pdb,E36L,35,-0.2661669059222946,-0.10990238,0.15626452402532193,0.15626452402532193
r11_569_TrROS_Hall.pdb,E36V,35,0.0877497388014352,0.059588745,-0.028160993565038414,0.028160993565038414
r11_569_TrROS_Hall.pdb,E36I,35,-0.126660635216012,0.05897517,0.18563580651380063,0.18563580651380063
r11_569_TrROS_Hall.pdb,E36W,35,-0.807301437466303,-0.060319312,0.7469821255494749,0.7469821255494749
r11_569_TrROS_Hall.pdb,E36Y,35,-0.4829773940748856,0.019183695,0.5021610893912003,0.5021610893912003
r11_569_TrROS_Hall.pdb,E36F,35,-0.4438146068248567,0.049906973,0.49372157962058155,0.49372157962058155
r11_569_TrROS_Hall.pdb,E36P,35,-0.0285929065184562,-0.0023326688,0.026260237766978004,0.026260237766978004
r11_569_TrROS_Hall.pdb,E36C,35,-0.7815469660011551,-0.20619246,0.5753545023647568,0.5753545023647568
r11_569_TrROS_Hall.pdb,E37Q,36,-0.1089905610550547,0.037353322,0.14634388296495918,0.14634388296495918
r11_569_TrROS_Hall.pdb,E37N,36,0.3298024780346171,0.14926091,-0.18054156966936746,0.18054156966936746
r11_569_TrROS_Hall.pdb,E37H,36,0.1958012963037274,0.06361005,-0.1321912492017529,0.1321912492017529
r11_569_TrROS_Hall.pdb,E37D,36,0.0939073953256,0.1944691,0.10056169895082823,0.10056169895082823
r11_569_TrROS_Hall.pdb,E37R,36,0.1149861108589833,0.041178353,-0.07380775772816589,0.07380775772816589
r11_569_TrROS_Hall.pdb,E37K,36,0.1043921435093384,-0.015782617,-0.12017476054186632,0.12017476054186632
r11_569_TrROS_Hall.pdb,E37T,36,0.2484088954145082,0.06798267,-0.18042622176948866,0.18042622176948866
r11_569_TrROS_Hall.pdb,E37S,36,0.0071047592893904,0.022798207,0.01569344736778085,0.01569344736778085
r11_569_TrROS_Hall.pdb,E37A,36,-0.2007191398066528,-0.16094418,0.03977496110620571,0.03977496110620571
r11_569_TrROS_Hall.pdb,E37G,36,0.3555119395677941,0.208594,-0.1469179451887505,0.1469179451887505
r11_569_TrROS_Hall.pdb,E37M,36,-0.2118897729609159,-0.06644818,0.14544159109331642,0.14544159109331642
r11_569_TrROS_Hall.pdb,E37L,36,0.0051711872502364,-0.10847761,-0.11364879461965931,0.11364879461965931
r11_569_TrROS_Hall.pdb,E37V,36,0.1938526771081905,0.0408085,-0.153044178248785,0.153044178248785
r11_569_TrROS_Hall.pdb,E37I,36,0.0542423529743945,-0.04586307,-0.1001054225683009,0.1001054225683009
r11_569_TrROS_Hall.pdb,E37W,36,-0.4437595746141944,-0.06370908,0.3800504943949256,0.3800504943949256
r11_569_TrROS_Hall.pdb,E37Y,36,-0.2619240164793144,0.005614303,0.2675383195317398,0.2675383195317398
r11_569_TrROS_Hall.pdb,E37F,36,-0.3203706834055677,0.016316434,0.33668711777405885,0.33668711777405885
r11_569_TrROS_Hall.pdb,E37P,36,0.8580013435394376,0.64498186,-0.21301948242493562,0.21301948242493562
r11_569_TrROS_Hall.pdb,E37C,36,-0.3044534781325581,-0.20679258,0.09766090003139993,0.09766090003139993
r11_569_TrROS_Hall.pdb,I38Q,37,0.7106670897727154,1.1482654,0.43759827201317325,0.43759827201317325
r11_569_TrROS_Hall.pdb,I38E,37,-0.2227590851949159,1.377394,1.6001530461476747,1.6001530461476747
r11_569_TrROS_Hall.pdb,I38N,37,1.4324437858651649,1.4025372,-0.029906559188223936,0.029906559188223936
r11_569_TrROS_Hall.pdb,I38H,37,0.4901272675382513,0.6676239,0.17749660998707828,0.17749660998707828
r11_569_TrROS_Hall.pdb,I38D,37,2.101528986431944,1.5741916,-0.5273374161499618,0.5273374161499618
r11_569_TrROS_Hall.pdb,I38R,37,1.6010458819339002,1.055384,-0.545661842055055,0.545661842055055
r11_569_TrROS_Hall.pdb,I38K,37,1.8311379964747727,1.193191,-0.6379469449916184,0.6379469449916184
r11_569_TrROS_Hall.pdb,I38T,37,0.2148527921518339,0.81769073,0.6028379379430757,0.6028379379430757
r11_569_TrROS_Hall.pdb,I38S,37,1.1216850244284928,1.0810862,-0.04059886567605142,0.04059886567605142
r11_569_TrROS_Hall.pdb,I38A,37,0.2186624352170576,0.6935817,0.47491926510795457,0.47491926510795457
r11_569_TrROS_Hall.pdb,I38G,37,1.8948207661265477,1.5319331,-0.36288769689742173,0.36288769689742173
r11_569_TrROS_Hall.pdb,I38M,37,-0.0977647802436967,0.07382321,0.1715879938209672,0.1715879938209672
r11_569_TrROS_Hall.pdb,I38L,37,-0.3835838964809963,0.15354878,0.5371326735844204,0.5371326735844204
r11_569_TrROS_Hall.pdb,I38V,37,-0.0024399925552502,0.2979709,0.3004108835540905,0.3004108835540905
r11_569_TrROS_Hall.pdb,I38W,37,-1.7275645984411288,-0.47796863,1.2495959652662325,1.2495959652662325
r11_569_TrROS_Hall.pdb,I38Y,37,-1.33392756854326,-0.61063105,0.7232965198639081,0.7232965198639081
r11_569_TrROS_Hall.pdb,I38F,37,-1.212435165889798,-0.61859685,0.5938383140640839,0.5938383140640839
r11_569_TrROS_Hall.pdb,I38C,37,-0.1713743623905106,-0.045060217,0.12631414500998692,0.12631414500998692
r11_569_TrROS_Hall.pdb,L39Q,38,2.184319001732516,1.0213853,-1.1629336896521325,1.1629336896521325
r11_569_TrROS_Hall.pdb,L39N,38,2.193142119973642,1.4192102,-0.7739319244322602,0.7739319244322602
r11_569_TrROS_Hall.pdb,L39H,38,2.13247904613107,0.8965601,-1.2359189732322053,1.2359189732322053
r11_569_TrROS_Hall.pdb,L39D,38,2.4095222325787327,1.8403249,-0.5691973538861057,0.5691973538861057
r11_569_TrROS_Hall.pdb,L39R,38,1.4523553345659184,0.76181144,-0.6905438993432926,0.6905438993432926
r11_569_TrROS_Hall.pdb,L39K,38,1.5524047997245818,0.81329644,-0.739108362461093,0.739108362461093
r11_569_TrROS_Hall.pdb,L39T,38,1.8514801436853976,0.85296357,-0.9985165769053073,0.9985165769053073
r11_569_TrROS_Hall.pdb,L39A,38,1.893223690588969,0.76775646,-1.125467228491801,1.125467228491801
r11_569_TrROS_Hall.pdb,L39G,38,1.8848547489161007,1.5255626,-0.35929210491127894,0.35929210491127894
r11_569_TrROS_Hall.pdb,L39M,38,0.5047750411808059,0.23597533,-0.2687997160732314,0.2687997160732314
r11_569_TrROS_Hall.pdb,L39V,38,1.073029085106715,0.3087096,-0.764319493479594,0.764319493479594
r11_569_TrROS_Hall.pdb,L39I,38,0.4972265908856927,-0.023138285,-0.5203648755689203,0.5203648755689203
r11_569_TrROS_Hall.pdb,L39W,38,0.854938867320328,0.23591453,-0.6190243389504244,0.6190243389504244
r11_569_TrROS_Hall.pdb,L39Y,38,1.2611020602844554,0.2025786,-1.0585234560631114,1.0585234560631114
r11_569_TrROS_Hall.pdb,L39F,38,0.5478673229973312,0.2639029,-0.2839644203941818,0.2839644203941818
r11_569_TrROS_Hall.pdb,L39P,38,2.6478850163214007,1.9631004,-0.6847845829717913,0.6847845829717913
r11_569_TrROS_Hall.pdb,L39C,38,0.4775506113291441,0.2259906,-0.251560017895764,0.251560017895764
r11_569_TrROS_Hall.pdb,A40Q,39,0.2997190839080959,0.24708544,-0.05263364672948412,0.05263364672948412
r11_569_TrROS_Hall.pdb,A40E,39,0.4973646296126504,0.42623162,-0.07113300691672753,0.07113300691672753
r11_569_TrROS_Hall.pdb,A40N,39,0.3026299590546975,0.28087932,-0.021750640340555627,0.021750640340555627
r11_569_TrROS_Hall.pdb,A40H,39,0.4303360450188649,0.32914203,-0.10119401096506242,0.10119401096506242
r11_569_TrROS_Hall.pdb,A40D,39,0.9012196394052162,0.52983415,-0.37138548813721084,0.37138548813721084
r11_569_TrROS_Hall.pdb,A40R,39,-0.0720777727879489,0.115531415,0.18760918753518707,0.18760918753518707
r11_569_TrROS_Hall.pdb,A40K,39,-0.0510545386370884,0.0843374,0.13539193704693184,0.13539193704693184
r11_569_TrROS_Hall.pdb,A40S,39,-0.1504758296047379,0.23723814,0.3877139685188462,0.3877139685188462
r11_569_TrROS_Hall.pdb,A40G,39,0.3252765067549721,0.4846209,0.15934439220704877,0.15934439220704877
r11_569_TrROS_Hall.pdb,A40M,39,-0.1163782852340151,0.121994,0.23837228888754142,0.23837228888754142
r11_569_TrROS_Hall.pdb,A40L,39,-0.0414210590832047,0.16560487,0.2070259335748963,0.2070259335748963
r11_569_TrROS_Hall.pdb,A40V,39,0.8641495077120156,0.48474458,-0.3794049291120858,0.3794049291120858
r11_569_TrROS_Hall.pdb,A40I,39,0.8894147834355659,0.29859924,-0.5908155402715034,0.5908155402715034
r11_569_TrROS_Hall.pdb,A40W,39,0.3902874565991889,0.30993086,-0.08035659560294256,0.08035659560294256
r11_569_TrROS_Hall.pdb,A40Y,39,0.4939530246610251,0.38961127,-0.10434175065704254,0.10434175065704254
r11_569_TrROS_Hall.pdb,A40F,39,0.4869246237197653,0.39428258,-0.09264204429776823,0.09264204429776823
r11_569_TrROS_Hall.pdb,A40P,39,1.3810438309084936,1.3210113,-0.060032526053146906,0.060032526053146906
r11_569_TrROS_Hall.pdb,A40C,39,-0.2609845100564918,0.036640108,0.29762461768817516,0.29762461768817516
r11_569_TrROS_Hall.pdb,K41Q,40,-0.2578300955885928,0.16571032,0.4235404106968921,0.4235404106968921
r11_569_TrROS_Hall.pdb,K41E,40,0.4785211149362767,0.354783,-0.12373811637441756,0.12373811637441756
r11_569_TrROS_Hall.pdb,K41N,40,-0.0911415975807083,0.22253145,0.3136730503557098,0.3136730503557098
r11_569_TrROS_Hall.pdb,K41H,40,0.0802062460323349,0.20405647,0.12385022555389252,0.12385022555389252
r11_569_TrROS_Hall.pdb,K41D,40,0.4255053451104589,0.50471973,0.07921438908143563,0.07921438908143563
r11_569_TrROS_Hall.pdb,K41R,40,-0.2885441574655085,0.012526259,0.3010704162917643,0.3010704162917643
r11_569_TrROS_Hall.pdb,K41T,40,-0.0714989359289759,0.08560412,0.15710305224958593,0.15710305224958593
r11_569_TrROS_Hall.pdb,K41S,40,-0.0863776632628692,0.048524648,0.13490231121399532,0.13490231121399532
r11_569_TrROS_Hall.pdb,K41A,40,-0.0982214864270358,0.078655824,0.17687731049224426,0.17687731049224426
r11_569_TrROS_Hall.pdb,K41G,40,-0.0632457346366224,0.47533798,0.5385837168143568,0.5385837168143568
r11_569_TrROS_Hall.pdb,K41M,40,-0.3628740436264674,0.017003894,0.3798779374787013,0.3798779374787013
r11_569_TrROS_Hall.pdb,K41L,40,-0.2792061193494328,0.092289075,0.3714951946048268,0.3714951946048268
r11_569_TrROS_Hall.pdb,K41V,40,0.6296380617834085,0.35456818,-0.2750698783613199,0.2750698783613199
r11_569_TrROS_Hall.pdb,K41I,40,0.3072351296874249,0.22103526,-0.08619987270557522,0.08619987270557522
r11_569_TrROS_Hall.pdb,K41W,40,-0.2484104668698652,0.23748717,0.4858976339898451,0.4858976339898451
r11_569_TrROS_Hall.pdb,K41Y,40,0.1696301367268258,0.23699425,0.06736411488202276,0.06736411488202276
r11_569_TrROS_Hall.pdb,K41F,40,0.0457502867773784,0.2551233,0.2093730006619679,0.2093730006619679
r11_569_TrROS_Hall.pdb,K41P,40,1.89947564287038,1.4522561,-0.4472195593819157,0.4472195593819157
r11_569_TrROS_Hall.pdb,K41C,40,-0.5980495756853377,-0.1055191,0.49253047466166366,0.49253047466166366
r11_569_TrROS_Hall.pdb,L42Q,41,2.045778252965591,1.4029918,-0.642786481267593,0.642786481267593
r11_569_TrROS_Hall.pdb,L42E,41,2.2134431061415283,1.7614284,-0.452014749970874,0.452014749970874
r11_569_TrROS_Hall.pdb,L42N,41,2.122273781469166,1.666827,-0.4554468180444835,0.4554468180444835
r11_569_TrROS_Hall.pdb,L42H,41,1.848751329692204,1.3905354,-0.4582159750779462,0.4582159750779462
r11_569_TrROS_Hall.pdb,L42D,41,2.269453265736125,1.7715216,-0.4979316974377852,0.4979316974377852
r11_569_TrROS_Hall.pdb,L42R,41,1.522199500703926,1.6740347,0.15183521399486555,0.15183521399486555
r11_569_TrROS_Hall.pdb,L42K,41,1.868097833527536,1.5236135,-0.34448438061615905,0.34448438061615905
r11_569_TrROS_Hall.pdb,L42T,41,1.6348104525187572,1.219485,-0.4153254080393871,0.4153254080393871
r11_569_TrROS_Hall.pdb,L42S,41,2.382538416341024,1.3844345,-0.9981039547473962,0.9981039547473962
r11_569_TrROS_Hall.pdb,L42A,41,1.684313732780317,0.995094,-0.6892197314871347,0.6892197314871347
r11_569_TrROS_Hall.pdb,L42G,41,1.826400088381486,1.6137122,-0.21268789679975986,0.21268789679975986
r11_569_TrROS_Hall.pdb,L42M,41,0.4580855061842053,-0.13986576,-0.5979512622190564,0.5979512622190564
r11_569_TrROS_Hall.pdb,L42V,41,1.1225551081177962,0.9647607,-0.15779438738796836,0.15779438738796836
r11_569_TrROS_Hall.pdb,L42I,41,0.7732764010611621,0.42573154,-0.3475448613349048,0.3475448613349048
r11_569_TrROS_Hall.pdb,L42W,41,0.3785672321751749,0.079927206,-0.2986400261357462,0.2986400261357462
r11_569_TrROS_Hall.pdb,L42Y,41,0.4345469223342055,0.20322621,-0.23132071364737689,0.23132071364737689
r11_569_TrROS_Hall.pdb,L42F,41,-0.2139307242602179,-0.28389537,-0.0699646490842035,0.0699646490842035
r11_569_TrROS_Hall.pdb,L42P,41,2.3591997269324625,2.0266938,-0.33250590597909335,0.33250590597909335
r11_569_TrROS_Hall.pdb,L42C,41,0.2226934759208485,0.13901597,-0.08367750330656018,0.08367750330656018
r11_569_TrROS_Hall.pdb,P43Q,42,0.5812089267500737,0.7354632,0.15425427524959057,0.15425427524959057
r11_569_TrROS_Hall.pdb,P43E,42,0.7243700719797284,0.7345723,0.010202219394478185,0.010202219394478185
r11_569_TrROS_Hall.pdb,P43N,42,0.3296067223275325,0.49956277,0.1699560478007176,0.1699560478007176
r11_569_TrROS_Hall.pdb,P43H,42,0.2216486623931133,0.64109695,0.4194482871842182,0.4194482871842182
r11_569_TrROS_Hall.pdb,P43D,42,0.601727253965535,0.66871965,0.06699239534934542,0.06699239534934542
r11_569_TrROS_Hall.pdb,P43R,42,0.1974318658871916,0.74036396,0.5429320896105501,0.5429320896105501
r11_569_TrROS_Hall.pdb,P43K,42,0.5778970266151071,0.6436882,0.06579117528918976,0.06579117528918976
r11_569_TrROS_Hall.pdb,P43T,42,0.4101963443637184,0.78080744,0.37061109114882435,0.37061109114882435
r11_569_TrROS_Hall.pdb,P43S,42,0.1111558884362304,0.5215988,0.4104429274817384,0.4104429274817384
r11_569_TrROS_Hall.pdb,P43A,42,0.2737963307517501,0.5777674,0.3039710413795976,0.3039710413795976
r11_569_TrROS_Hall.pdb,P43G,42,-0.5521367727208117,0.7571784,1.3093151985096911,1.3093151985096911
r11_569_TrROS_Hall.pdb,P43M,42,0.1540673434846615,0.7390939,0.5850265562422061,0.5850265562422061
r11_569_TrROS_Hall.pdb,P43L,42,0.1127053932655492,0.6782,0.5654946132194362,0.5654946132194362
r11_569_TrROS_Hall.pdb,P43V,42,0.643345653558224,0.8046792,0.16133356139615218,0.16133356139615218
r11_569_TrROS_Hall.pdb,P43I,42,0.2967734061137164,0.8049284,0.5081550158604657,0.5081550158604657
r11_569_TrROS_Hall.pdb,P43W,42,-0.363647369302329,0.7189106,1.082557944215354,1.082557944215354
r11_569_TrROS_Hall.pdb,P43Y,42,-0.206950505740866,0.7491597,0.9561101994588226,0.9561101994588226
r11_569_TrROS_Hall.pdb,P43F,42,-0.6688729437260732,0.7789471,1.4478200586705312,1.4478200586705312
r11_569_TrROS_Hall.pdb,P43C,42,-0.4738760877226249,0.41021284,0.8840889323328391,0.8840889323328391
r11_569_TrROS_Hall.pdb,P44Q,43,0.1098598150653491,0.2188387,0.10897889154723787,0.10897889154723787
r11_569_TrROS_Hall.pdb,P44E,43,0.2882965481487176,0.19802125,-0.09027530016573876,0.09027530016573876
r11_569_TrROS_Hall.pdb,P44N,43,0.22249739736157,0.08564693,-0.13685047000485004,0.13685047000485004
r11_569_TrROS_Hall.pdb,P44H,43,-0.0913618704404775,0.16948718,0.2608490487661306,0.2608490487661306
r11_569_TrROS_Hall.pdb,P44D,43,0.2405980890132948,0.15322408,-0.08737400821228467,0.08737400821228467
r11_569_TrROS_Hall.pdb,P44R,43,0.21766614200618,0.23212573,0.014459587316253464,0.014459587316253464
r11_569_TrROS_Hall.pdb,P44K,43,0.0641226190288088,0.11428004,0.05015741855311183,0.05015741855311183
r11_569_TrROS_Hall.pdb,P44T,43,0.2149237457247541,0.18642601,-0.028497732016639465,0.028497732016639465
r11_569_TrROS_Hall.pdb,P44S,43,-0.015001621945073,0.034653023,0.04965464483039557,0.04965464483039557
r11_569_TrROS_Hall.pdb,P44A,43,0.0957086365856678,0.059521496,-0.03618714028973885,0.03618714028973885
r11_569_TrROS_Hall.pdb,P44G,43,0.1874314097192204,0.16971958,-0.017711832883588075,0.017711832883588075
r11_569_TrROS_Hall.pdb,P44M,43,0.0235508817690639,0.19564341,0.17209252831756788,0.17209252831756788
r11_569_TrROS_Hall.pdb,P44L,43,0.135884156741938,0.17667498,0.04079082020298541,0.04079082020298541
r11_569_TrROS_Hall.pdb,P44V,43,0.1508108577524471,0.26519215,0.11438129331719402,0.11438129331719402
r11_569_TrROS_Hall.pdb,P44I,43,0.1066993849716919,0.30333617,0.19663678832428283,0.19663678832428283
r11_569_TrROS_Hall.pdb,P44W,43,-0.4870242716599104,0.17123759,0.6582618595886824,0.6582618595886824
r11_569_TrROS_Hall.pdb,P44Y,43,-0.3687279833666905,0.24831633,0.6170443160645589,0.6170443160645589
r11_569_TrROS_Hall.pdb,P44F,43,-0.2179463178587961,0.3088498,0.5267961294127512,0.5267961294127512
r11_569_TrROS_Hall.pdb,P44C,43,-0.0327934870663695,-0.035889924,-0.00309643650617078,0.00309643650617078
r11_569_TrROS_Hall.pdb,N45Q,44,0.5300466662328884,0.69979703,0.1697503680307224,0.1697503680307224
r11_569_TrROS_Hall.pdb,N45E,44,0.3493474608191924,0.47792688,0.1285794193020387,0.1285794193020387
r11_569_TrROS_Hall.pdb,N45H,44,0.0077051584188192,0.46052453,0.4528193707998545,0.4528193707998545
r11_569_TrROS_Hall.pdb,N45D,44,0.0337223998722224,-0.020942956,-0.05466535608140514,0.05466535608140514
r11_569_TrROS_Hall.pdb,N45R,44,0.57463389753096,0.74745977,0.17282587171800246,0.17282587171800246
r11_569_TrROS_Hall.pdb,N45K,44,0.858631583675509,0.7023126,-0.15631899498379753,0.15631899498379753
r11_569_TrROS_Hall.pdb,N45T,44,0.2994224770323881,0.18508229,-0.1143401904360899,0.1143401904360899
r11_569_TrROS_Hall.pdb,N45S,44,0.3641316001874832,0.19755244,-0.16657915763682402,0.16657915763682402
r11_569_TrROS_Hall.pdb,N45A,44,0.6542474253116737,0.58639276,-0.06785466503487925,0.06785466503487925
r11_569_TrROS_Hall.pdb,N45G,44,-0.3492680671221198,0.52883476,0.8781028273111762,0.8781028273111762
r11_569_TrROS_Hall.pdb,N45M,44,0.2757209318380096,0.57282937,0.29710843389227604,0.29710843389227604
r11_569_TrROS_Hall.pdb,N45L,44,0.4566439334601964,0.58487904,0.12823510725788223,0.12823510725788223
r11_569_TrROS_Hall.pdb,N45V,44,0.7817948060685009,0.63381636,-0.1479784446411938,0.1479784446411938
r11_569_TrROS_Hall.pdb,N45I,44,0.5644525836567147,0.6353184,0.07086581481893228,0.07086581481893228
r11_569_TrROS_Hall.pdb,N45W,44,-0.3255280427500286,0.18617508,0.5117031209036389,0.5117031209036389
r11_569_TrROS_Hall.pdb,N45Y,44,-0.062894499641749,0.23797424,0.30086874101767214,0.30086874101767214
r11_569_TrROS_Hall.pdb,N45F,44,0.0971913634403314,0.15097615,0.05378478778761965,0.05378478778761965
r11_569_TrROS_Hall.pdb,N45P,44,0.5764997995457,1.1380327,0.5615328752437287,0.5615328752437287
r11_569_TrROS_Hall.pdb,N45C,44,-0.1133583598514844,-0.029227495,0.08413086465800296,0.08413086465800296
r11_569_TrROS_Hall.pdb,V46Q,45,0.9253085485807676,0.7706937,-0.15461482919371317,0.15461482919371317
r11_569_TrROS_Hall.pdb,V46E,45,1.3629848601669976,0.82338035,-0.5396045091004082,0.5396045091004082
r11_569_TrROS_Hall.pdb,V46N,45,1.4553736110937718,0.9176755,-0.5376981159460668,0.5376981159460668
r11_569_TrROS_Hall.pdb,V46H,45,0.5748579123254229,0.583483,0.008625068402726477,0.008625068402726477
r11_569_TrROS_Hall.pdb,V46D,45,1.7395759578666046,0.90790653,-0.8316694255790069,0.8316694255790069
r11_569_TrROS_Hall.pdb,V46R,45,0.8982572861233601,0.9660857,0.06782838625517995,0.06782838625517995
r11_569_TrROS_Hall.pdb,V46K,45,1.1662812102535278,0.9023589,-0.2639223206737549,0.2639223206737549
r11_569_TrROS_Hall.pdb,V46T,45,0.0073114535359932,-0.090168,-0.09747945280357133,0.09747945280357133
r11_569_TrROS_Hall.pdb,V46S,45,0.4872815098980227,0.1720485,-0.31523301567824275,0.31523301567824275
r11_569_TrROS_Hall.pdb,V46A,45,0.0128153175880092,0.099401176,0.08658585838779036,0.08658585838779036
r11_569_TrROS_Hall.pdb,V46G,45,1.1332292081783235,0.9195217,-0.21370751876334548,0.21370751876334548
r11_569_TrROS_Hall.pdb,V46M,45,0.5221165400318091,0.2982357,-0.22388082559623168,0.22388082559623168
r11_569_TrROS_Hall.pdb,V46L,45,0.6383353610032203,0.31428465,-0.32405070853167794,0.32405070853167794
r11_569_TrROS_Hall.pdb,V46I,45,0.144485996182591,0.08886388,-0.05562211674037604,0.05562211674037604
r11_569_TrROS_Hall.pdb,V46W,45,0.0591524100990905,-0.02633658,-0.08548899061399834,0.08548899061399834
r11_569_TrROS_Hall.pdb,V46Y,45,-0.0165800672824818,0.06470969,0.08128976047591746,0.08128976047591746
r11_569_TrROS_Hall.pdb,V46F,45,0.1388193075297255,0.11204001,-0.02677929445485061,0.02677929445485061
r11_569_TrROS_Hall.pdb,V46P,45,1.154809615338582,1.0071467,-0.14766289922072318,0.14766289922072318
r11_569_TrROS_Hall.pdb,V46C,45,-0.0058476225991974,-0.07088819,-0.06504056886236571,0.06504056886236571
r11_569_TrROS_Hall.pdb,E47Q,46,-0.2156268313145091,0.06708045,0.28270728435272474,0.28270728435272474
r11_569_TrROS_Hall.pdb,E47N,46,0.4535532874722281,0.33778325,-0.11577004023979098,0.11577004023979098
r11_569_TrROS_Hall.pdb,E47H,46,0.0445939101998715,0.121002965,0.07640905447555499,0.07640905447555499
r11_569_TrROS_Hall.pdb,E47D,46,0.3322768449232371,0.4166184,0.08434156184937641,0.08434156184937641
r11_569_TrROS_Hall.pdb,E47R,46,0.1740648898655468,0.24432094,0.07025605408605995,0.07025605408605995
r11_569_TrROS_Hall.pdb,E47K,46,0.1604737073539408,0.23822273,0.07774902578605097,0.07774902578605097
r11_569_TrROS_Hall.pdb,E47T,46,-0.1767919470732026,0.11265851,0.2894504551951699,0.2894504551951699
r11_569_TrROS_Hall.pdb,E47S,46,0.1296174847338496,0.246129,0.11651152141353505,0.11651152141353505
r11_569_TrROS_Hall.pdb,E47A,46,0.2579326189099462,0.20882201,-0.04911060696231434,0.04911060696231434
r11_569_TrROS_Hall.pdb,E47G,46,0.6322982902421423,0.6707052,0.03840690899949584,0.03840690899949584
r11_569_TrROS_Hall.pdb,E47M,46,-0.4279152365832659,0.01359649,0.44151172660878624,0.44151172660878624
r11_569_TrROS_Hall.pdb,E47L,46,-0.4532097606813057,0.024800166,0.4780099271689995,0.4780099271689995
r11_569_TrROS_Hall.pdb,E47V,46,-0.2106231653782702,-0.052936926,0.15768623889416222,0.15768623889416222
r11_569_TrROS_Hall.pdb,E47I,46,-0.424096348049698,-0.11481844,0.30927790916210185,0.30927790916210185
r11_569_TrROS_Hall.pdb,E47W,46,0.071135083606892,0.017350793,-0.05378429072206534,0.05378429072206534
r11_569_TrROS_Hall.pdb,E47Y,46,0.0725894591006457,0.032960862,-0.03962859717933527,0.03962859717933527
r11_569_TrROS_Hall.pdb,E47F,46,-0.0417644842297142,0.03883321,0.08059769261184387,0.08059769261184387
r11_569_TrROS_Hall.pdb,E47P,46,0.6456334550413452,1.2126359,0.5670024197068848,0.5670024197068848
r11_569_TrROS_Hall.pdb,E47C,46,-0.3491891853247066,-0.13492723,0.21426195723155933,0.21426195723155933
r11_569_TrROS_Hall.pdb,I48Q,47,1.2216865756094388,1.4535757,0.23188915471435267,0.23188915471435267
r11_569_TrROS_Hall.pdb,I48E,47,1.4825567639673582,1.7071929,0.2246361338292726,0.2246361338292726
r11_569_TrROS_Hall.pdb,I48N,47,1.3708047951733011,1.5806804,0.20987557515750943,0.20987557515750943
r11_569_TrROS_Hall.pdb,I48H,47,1.0403129266814573,1.1006914,0.06037851103979519,0.06037851103979519
r11_569_TrROS_Hall.pdb,I48D,47,1.6650515520174358,1.8641756,0.19912400607277414,0.19912400607277414
r11_569_TrROS_Hall.pdb,I48R,47,0.9252864235677324,1.3693147,0.44402824699501175,0.44402824699501175
r11_569_TrROS_Hall.pdb,I48K,47,1.1057697623146554,1.3980732,0.2923034340964774,0.2923034340964774
r11_569_TrROS_Hall.pdb,I48T,47,0.9560458422538548,1.0411935,0.08514764300615496,0.08514764300615496
r11_569_TrROS_Hall.pdb,I48S,47,1.2060067013263722,1.3679528,0.1619461223125438,0.1619461223125438
r11_569_TrROS_Hall.pdb,I48A,47,1.370010446335149,1.1334426,-0.23656780603058358,0.23656780603058358
r11_569_TrROS_Hall.pdb,I48G,47,1.2380819265621776,1.7062795,0.46819758965791514,0.46819758965791514
r11_569_TrROS_Hall.pdb,I48M,47,0.5550914528611939,0.7444804,0.18938891861402585,0.18938891861402585
r11_569_TrROS_Hall.pdb,I48L,47,0.2905616130289741,0.42869276,0.1381311450543694,0.1381311450543694
r11_569_TrROS_Hall.pdb,I48V,47,0.2860342281280235,0.35597253,0.06993830032961812,0.06993830032961812
r11_569_TrROS_Hall.pdb,I48W,47,-0.4208363235423693,0.4824947,0.9033310354182849,0.9033310354182849
r11_569_TrROS_Hall.pdb,I48Y,47,0.1289150427320653,0.46290547,0.33399042382448374,0.33399042382448374
r11_569_TrROS_Hall.pdb,I48F,47,0.0180773645021024,0.498627,0.4805496425054965,0.4805496425054965
r11_569_TrROS_Hall.pdb,I48P,47,1.1812883112187285,1.5523803,0.3710920121913057,0.3710920121913057
r11_569_TrROS_Hall.pdb,I48C,47,0.1513860733367251,0.60259306,0.4512069909714414,0.4512069909714414
r11_569_TrROS_Hall.pdb,I49Q,48,0.5171418052504861,0.39638874,-0.12075306590302826,0.12075306590302826
r11_569_TrROS_Hall.pdb,I49E,48,0.5188255340063437,0.50406176,-0.014763775488124686,0.014763775488124686
r11_569_TrROS_Hall.pdb,I49N,48,0.5745419194142913,0.6460278,0.07148588400672917,0.07148588400672917
r11_569_TrROS_Hall.pdb,I49H,48,0.2606306402717124,0.41421124,0.1535806031193246,0.1535806031193246
r11_569_TrROS_Hall.pdb,I49D,48,0.8328445509950813,0.8061098,-0.026734764961450885,0.026734764961450885
r11_569_TrROS_Hall.pdb,I49R,48,0.854717850738574,0.5085884,-0.3461294770775327,0.3461294770775327
r11_569_TrROS_Hall.pdb,I49K,48,0.6289982682816366,0.49982977,-0.12916849914711515,0.12916849914711515
r11_569_TrROS_Hall.pdb,I49T,48,0.2914705675308096,0.40680748,0.11533691471177465,0.11533691471177465
r11_569_TrROS_Hall.pdb,I49S,48,0.4670970558046992,0.5136837,0.04658662091496635,0.04658662091496635
r11_569_TrROS_Hall.pdb,I49A,48,0.7157973061244358,0.4852298,-0.23056751591371194,0.23056751591371194
r11_569_TrROS_Hall.pdb,I49G,48,0.955728971639538,0.81289566,-0.14283331600751892,0.14283331600751892
r11_569_TrROS_Hall.pdb,I49M,48,0.1247039334526936,0.21934032,0.09463639094916187,0.09463639094916187
r11_569_TrROS_Hall.pdb,I49L,48,0.0863265008616469,0.08639315,6.664684533858045e-05,6.664684533858045e-05
r11_569_TrROS_Hall.pdb,I49V,48,0.096257861365113,0.14478245,0.04852459241029289,0.04852459241029289
r11_569_TrROS_Hall.pdb,I49W,48,0.4095575730564977,0.2677581,-0.1417994718315984,0.1417994718315984
r11_569_TrROS_Hall.pdb,I49Y,48,0.2499527904724505,0.26162374,0.011670949723777524,0.011670949723777524
r11_569_TrROS_Hall.pdb,I49F,48,0.0401759250284796,0.3274898,0.28731386827214905,0.28731386827214905
r11_569_TrROS_Hall.pdb,I49P,48,1.1496409436888897,1.0686135,-0.08102741448356743,0.08102741448356743
r11_569_TrROS_Hall.pdb,I49C,48,0.0561837498959321,0.122804224,0.06662047459518729,0.06662047459518729
r15_550_TrROS_Hall.pdb,E1Q,0,-0.0804628870236721,0.044968203,0.12543108973382378,0.12543108973382378
r15_550_TrROS_Hall.pdb,E1N,0,0.0484853272640908,0.015767619,-0.032717708250304484,0.032717708250304484
r15_550_TrROS_Hall.pdb,E1H,0,-0.07378864699848,-0.096079186,-0.022290538606569127,0.022290538606569127
r15_550_TrROS_Hall.pdb,E1D,0,0.0837225266365297,0.14942653,0.06570400813538955,0.06570400813538955
r15_550_TrROS_Hall.pdb,E1R,0,0.1056154521538426,-0.011643723,-0.11725917480723158,0.11725917480723158
r15_550_TrROS_Hall.pdb,E1K,0,0.0717390188801845,-0.057927743,-0.12966676148062548,0.12966676148062548
r15_550_TrROS_Hall.pdb,E1T,0,-0.133338868452757,-0.07732868,0.05601018650695622,0.05601018650695622
r15_550_TrROS_Hall.pdb,E1S,0,-0.2273719891807752,-0.10251135,0.12486064284059575,0.12486064284059575
r15_550_TrROS_Hall.pdb,E1A,0,-0.151588382662533,-0.23777452,-0.08618613844990902,0.08618613844990902
r15_550_TrROS_Hall.pdb,E1G,0,-0.127464900398964,0.07044087,0.197905773902649,0.197905773902649
r15_550_TrROS_Hall.pdb,E1M,0,-0.2524108044574502,-0.22885017,0.023560633487487104,0.023560633487487104
r15_550_TrROS_Hall.pdb,E1L,0,-0.1987109590678262,-0.17227152,0.026439439168457923,0.026439439168457923
r15_550_TrROS_Hall.pdb,E1V,0,-0.2379256938209639,-0.2717048,-0.03377909915541549,0.03377909915541549
r15_550_TrROS_Hall.pdb,E1I,0,-0.0150250924770372,-0.23101838,-0.21599328685359787,0.21599328685359787
r15_550_TrROS_Hall.pdb,E1Y,0,-0.4698850788003526,-0.28733665,0.182548431289824,0.182548431289824
r15_550_TrROS_Hall.pdb,E1F,0,-0.1651586358912382,-0.27563846,-0.11047982522173788,0.11047982522173788
r15_550_TrROS_Hall.pdb,E1P,0,0.0660104132864578,-0.20934087,-0.2753512836668594,0.2753512836668594
r15_550_TrROS_Hall.pdb,E1C,0,-0.0399566211916901,-0.44345433,-0.4034977040074371,0.4034977040074371
r15_550_TrROS_Hall.pdb,V2Q,1,0.4090212005598115,0.5176432,0.10862201271228322,0.10862201271228322
r15_550_TrROS_Hall.pdb,V2E,1,0.5396867463466766,0.90812325,0.3684365084293244,0.3684365084293244
r15_550_TrROS_Hall.pdb,V2N,1,0.0719006191776117,0.67533153,0.603430913777558,0.603430913777558
r15_550_TrROS_Hall.pdb,V2H,1,-0.082132841303439,0.4357462,0.5178790342355679,0.5178790342355679
r15_550_TrROS_Hall.pdb,V2D,1,1.0838024938108526,1.2302127,0.14641019463519234,0.14641019463519234
r15_550_TrROS_Hall.pdb,V2R,1,-0.135299197658175,-0.017302543,0.11799665473329402,0.11799665473329402
r15_550_TrROS_Hall.pdb,V2K,1,-0.2373022187393214,0.09143177,0.32873398548774974,0.32873398548774974
r15_550_TrROS_Hall.pdb,V2T,1,0.0317386493836755,0.20477676,0.17303811453234014,0.17303811453234014
r15_550_TrROS_Hall.pdb,V2S,1,0.1782516925879118,0.51556164,0.33730994767469197,0.33730994767469197
r15_550_TrROS_Hall.pdb,V2A,1,0.0776647597855362,0.5297706,0.4521058529311386,0.4521058529311386
r15_550_TrROS_Hall.pdb,V2G,1,0.2790777730569012,0.93196154,0.6528837633505695,0.6528837633505695
r15_550_TrROS_Hall.pdb,V2M,1,-0.3448411931985511,0.25866142,0.6035026123517646,0.6035026123517646
r15_550_TrROS_Hall.pdb,V2L,1,-0.0704824033853181,0.19902067,0.26950307224956827,0.26950307224956827
r15_550_TrROS_Hall.pdb,V2I,1,0.0297519163494532,-0.19634691,-0.22609882515720772,0.22609882515720772
r15_550_TrROS_Hall.pdb,V2W,1,-0.1806958054790506,0.12076554,0.30146134250259493,0.30146134250259493
r15_550_TrROS_Hall.pdb,V2Y,1,-0.1077333539934279,0.13097745,0.23871080579472795,0.23871080579472795
r15_550_TrROS_Hall.pdb,V2F,1,-0.1182691630035766,0.10942492,0.22769408189357598,0.22769408189357598
r15_550_TrROS_Hall.pdb,V2P,1,0.4760164407081069,0.8147825,0.3387660595589219,0.3387660595589219
r15_550_TrROS_Hall.pdb,V2C,1,0.3811948396078106,0.1856398,-0.19555504096660575,0.19555504096660575
r15_550_TrROS_Hall.pdb,Y3Q,2,1.1791913995133227,1.7294877,0.5502962580336743,0.5502962580336743
r15_550_TrROS_Hall.pdb,Y3E,2,1.8241458791518637,2.3499231,0.525777254698234,0.525777254698234
r15_550_TrROS_Hall.pdb,Y3N,2,1.2209831144950165,1.8359073,0.6149242255547271,0.6149242255547271
r15_550_TrROS_Hall.pdb,Y3H,2,0.6722473709510655,1.0474011,0.37515369964372214,0.37515369964372214
r15_550_TrROS_Hall.pdb,Y3D,2,1.6764017755604552,2.5101128,0.8337109868907167,0.8337109868907167
r15_550_TrROS_Hall.pdb,Y3R,2,0.7191387137979675,1.1773823,0.4582436361699891,0.4582436361699891
r15_550_TrROS_Hall.pdb,Y3K,2,0.971874283798559,1.4529912,0.481116963378565,0.481116963378565
r15_550_TrROS_Hall.pdb,Y3T,2,0.7560628725177798,1.2307415,0.47467862833671237,0.47467862833671237
r15_550_TrROS_Hall.pdb,Y3S,2,0.7196244131426655,1.5181277,0.7985032666821636,0.7985032666821636
r15_550_TrROS_Hall.pdb,Y3A,2,0.7774429593389947,1.3227959,0.5453529085809272,0.5453529085809272
r15_550_TrROS_Hall.pdb,Y3G,2,1.41399347743072,2.396303,0.9823094610305838,0.9823094610305838
r15_550_TrROS_Hall.pdb,Y3M,2,0.6042309420812484,0.78768826,0.1834573132288102,0.1834573132288102
r15_550_TrROS_Hall.pdb,Y3L,2,0.3755429570085127,0.66771674,0.29217378455337695,0.29217378455337695
r15_550_TrROS_Hall.pdb,Y3V,2,0.5978338429934675,1.0808076,0.4829737236492937,0.4829737236492937
r15_550_TrROS_Hall.pdb,Y3I,2,0.4277728312129305,0.62459195,0.19681911538893715,0.19681911538893715
r15_550_TrROS_Hall.pdb,Y3W,2,-0.4440611479145406,0.22312427,0.667185413585317,0.667185413585317
r15_550_TrROS_Hall.pdb,Y3F,2,0.1454404138038629,0.26495528,0.1195148684074408,0.1195148684074408
r15_550_TrROS_Hall.pdb,Y3P,2,1.514591774215556,2.857497,1.342905202636861,1.342905202636861
r15_550_TrROS_Hall.pdb,Y3C,2,1.0788570778865965,0.7013494,-0.37750770025445535,0.37750770025445535
r15_550_TrROS_Hall.pdb,K4Q,3,0.2907873278323478,0.5496544,0.25886709635817345,0.25886709635817345
r15_550_TrROS_Hall.pdb,K4E,3,0.9277092891573764,1.1064055,0.17869620743991366,0.17869620743991366
r15_550_TrROS_Hall.pdb,K4N,3,0.3959665642314522,0.9912007,0.5952341212696464,0.5952341212696464
r15_550_TrROS_Hall.pdb,K4H,3,0.2866358273114473,0.76933885,0.4827030188952177,0.4827030188952177
r15_550_TrROS_Hall.pdb,K4D,3,1.8184215497198972,1.6693547,-0.14906687251957984,0.14906687251957984
r15_550_TrROS_Hall.pdb,K4R,3,-0.1295488539882257,-0.12878639,0.0007624689288689979,0.0007624689288689979
r15_550_TrROS_Hall.pdb,K4T,3,0.2024913209688694,0.37531185,0.17282053053259544,0.17282053053259544
r15_550_TrROS_Hall.pdb,K4S,3,0.3130292980563007,0.78379846,0.4707691581357159,0.4707691581357159
r15_550_TrROS_Hall.pdb,K4A,3,0.2724640123906638,0.69046247,0.41799845766396265,0.41799845766396265
r15_550_TrROS_Hall.pdb,K4G,3,0.9103393899008037,1.6215522,0.7112128390268087,0.7112128390268087
r15_550_TrROS_Hall.pdb,K4M,3,0.1695984088703763,0.19722006,0.02762164837869291,0.02762164837869291
r15_550_TrROS_Hall.pdb,K4L,3,0.3092246179589581,-0.021811426,-0.3310360436448407,0.3310360436448407
r15_550_TrROS_Hall.pdb,K4V,3,0.3293925950175733,0.06163317,-0.2677594253665418,0.2677594253665418
r15_550_TrROS_Hall.pdb,K4I,3,0.1924915076668263,-0.15268493,-0.34517643465352066,0.34517643465352066
r15_550_TrROS_Hall.pdb,K4W,3,0.1603812859111357,0.36592376,0.20554247641033646,0.20554247641033646
r15_550_TrROS_Hall.pdb,K4Y,3,0.3041844411353747,0.44617003,0.14198559088900886,0.14198559088900886
r15_550_TrROS_Hall.pdb,K4F,3,0.2740230004625665,0.452294,0.178270991579975,0.178270991579975
r15_550_TrROS_Hall.pdb,K4P,3,1.9026700982487013,1.967211,0.06454090982319816,0.06454090982319816
r15_550_TrROS_Hall.pdb,K4C,3,0.6308940412047095,0.2762509,-0.3546431423666663,0.3546431423666663
r15_550_TrROS_Hall.pdb,V5Q,4,2.370709133659937,2.0383306,-0.33237857869777887,0.33237857869777887
r15_550_TrROS_Hall.pdb,V5E,4,3.1768938202160744,2.2414238,-0.9354699749249367,0.9354699749249367
r15_550_TrROS_Hall.pdb,V5N,4,2.448182165613117,2.2517824,-0.1963997483157538,0.1963997483157538
r15_550_TrROS_Hall.pdb,V5H,4,1.9344330729956805,1.7471526,-0.18728050608589042,0.18728050608589042
r15_550_TrROS_Hall.pdb,V5D,4,3.6098481034634538,2.4408426,-1.1690054749844498,1.1690054749844498
r15_550_TrROS_Hall.pdb,V5R,4,2.7236682918370665,2.1012046,-0.6224636581242979,0.6224636581242979
r15_550_TrROS_Hall.pdb,V5K,4,2.743783493350368,2.0208287,-0.7229547694428975,0.7229547694428975
r15_550_TrROS_Hall.pdb,V5T,4,1.4694983932707055,1.5464697,0.07697129514482182,0.07697129514482182
r15_550_TrROS_Hall.pdb,V5S,4,1.763209283272964,2.0348718,0.27166253336216784,0.27166253336216784
r15_550_TrROS_Hall.pdb,V5A,4,0.0113568081564316,1.3608596,1.3495028243356337,1.3495028243356337
r15_550_TrROS_Hall.pdb,V5G,4,1.0248497191866903,2.222173,1.1973232563534708,1.1973232563534708
r15_550_TrROS_Hall.pdb,V5L,4,-0.492573842787003,0.5130727,1.0056465718977208,1.0056465718977208
r15_550_TrROS_Hall.pdb,V5I,4,0.0776465100047465,-0.15385056,-0.23149706542466836,0.23149706542466836
r15_550_TrROS_Hall.pdb,V5W,4,0.0834237829424564,1.0467985,0.963374684693652,0.963374684693652
r15_550_TrROS_Hall.pdb,V5Y,4,0.0407817236793324,1.0200948,0.9793130286323741,0.9793130286323741
r15_550_TrROS_Hall.pdb,V5F,4,-0.1187086164114532,0.8873371,1.0060457049963532,1.0060457049963532
r15_550_TrROS_Hall.pdb,V5P,4,2.763268807762238,2.3675735,-0.3956953080826726,0.3956953080826726
r15_550_TrROS_Hall.pdb,V5C,4,0.2194243060579701,0.7035888,0.48416447768302723,0.48416447768302723
r15_550_TrROS_Hall.pdb,K6Q,5,0.5355335789047357,0.40201715,-0.1335164325557825,0.1335164325557825
r15_550_TrROS_Hall.pdb,K6E,5,1.2456759463480953,0.9653849,-0.28029104577817954,0.28029104577817954
r15_550_TrROS_Hall.pdb,K6N,5,0.3125599449806024,0.49767125,0.18511130154802308,0.18511130154802308
r15_550_TrROS_Hall.pdb,K6H,5,0.2581798910914603,0.35805914,0.09987924696815581,0.09987924696815581
r15_550_TrROS_Hall.pdb,K6D,5,1.3725906618698978,1.2534769,-0.11911380373085967,0.11911380373085967
r15_550_TrROS_Hall.pdb,K6R,5,-0.1576939755910453,-0.110073894,0.04762008132873147,0.04762008132873147
r15_550_TrROS_Hall.pdb,K6T,5,0.2721224544645366,-0.25091296,-0.5230354188085613,0.5230354188085613
r15_550_TrROS_Hall.pdb,K6S,5,0.1692608761419727,0.34334415,0.17408327583175168,0.17408327583175168
r15_550_TrROS_Hall.pdb,K6A,5,0.5269395110914816,0.6727792,0.14583969136976105,0.14583969136976105
r15_550_TrROS_Hall.pdb,K6G,5,1.1736357846091936,1.1254237,-0.04821211479413012,0.04821211479413012
r15_550_TrROS_Hall.pdb,K6M,5,0.1565781624320514,0.2694659,0.1128877310749524,0.1128877310749524
r15_550_TrROS_Hall.pdb,K6L,5,-0.0798552781287522,0.23484483,0.3147001117411942,0.3147001117411942
r15_550_TrROS_Hall.pdb,K6V,5,0.3043669786048184,-0.009411842,-0.31377882023575404,0.31377882023575404
r15_550_TrROS_Hall.pdb,K6I,5,-0.0755778539150178,-0.2534272,-0.17784935355492237,0.17784935355492237
r15_550_TrROS_Hall.pdb,K6W,5,-0.2061494895051243,0.37870267,0.584852159840894,0.584852159840894
r15_550_TrROS_Hall.pdb,K6Y,5,-0.0428080550008029,0.2593549,0.30216294439365565,0.30216294439365565
r15_550_TrROS_Hall.pdb,K6F,5,-0.0689084671458264,0.19100863,0.25991709456052975,0.25991709456052975
r15_550_TrROS_Hall.pdb,K6P,5,3.33265038216676,1.623061,-1.7095894404705931,1.7095894404705931
r15_550_TrROS_Hall.pdb,K6C,5,0.4914105607353027,0.13133162,-0.3600789381347473,0.3600789381347473
r15_550_TrROS_Hall.pdb,I7Q,6,3.2431594432961512,2.2208316,-1.0223278106820155,1.0223278106820155
r15_550_TrROS_Hall.pdb,I7E,6,4.0066508250037245,2.497612,-1.5090388254920057,1.5090388254920057
r15_550_TrROS_Hall.pdb,I7N,6,3.551274046403328,2.5744255,-0.9768485874952471,0.9768485874952471
r15_550_TrROS_Hall.pdb,I7H,6,2.902001913077381,2.00318,-0.8988218860693244,0.8988218860693244
r15_550_TrROS_Hall.pdb,I7D,6,4.114216582316338,2.591823,-1.522393481272637,1.522393481272637
r15_550_TrROS_Hall.pdb,I7R,6,3.3168596309256837,2.380754,-0.9361056369376466,0.9361056369376466
r15_550_TrROS_Hall.pdb,I7K,6,3.480038321622487,2.3349175,-1.1451207763038833,1.1451207763038833
r15_550_TrROS_Hall.pdb,I7T,6,1.6796282433404208,1.8839145,0.2042862273321866,0.2042862273321866
r15_550_TrROS_Hall.pdb,I7S,6,2.718312862627461,2.3853579,-0.3329550058769728,0.3329550058769728
r15_550_TrROS_Hall.pdb,I7A,6,1.2473737709759938,1.7192665,0.47189276287562976,0.47189276287562976
r15_550_TrROS_Hall.pdb,I7G,6,2.801432626671455,2.6034749,-0.19795777124848124,0.19795777124848124
r15_550_TrROS_Hall.pdb,I7M,6,-0.0961247972891925,0.9794853,1.0756100706503986,1.0756100706503986
r15_550_TrROS_Hall.pdb,I7L,6,0.0589806060333115,0.6041384,0.5451577682953018,0.5451577682953018
r15_550_TrROS_Hall.pdb,I7V,6,0.1270302027994354,0.54156256,0.4145323544210236,0.4145323544210236
r15_550_TrROS_Hall.pdb,I7W,6,0.662158540870744,1.0474907,0.3853321751097858,0.3853321751097858
r15_550_TrROS_Hall.pdb,I7Y,6,0.2862115003803085,1.1263311,0.8401195905468155,0.8401195905468155
r15_550_TrROS_Hall.pdb,I7F,6,-0.2668397409542251,0.9264414,1.1932811123951126,1.1932811123951126
r15_550_TrROS_Hall.pdb,I7P,6,4.460463788617873,2.6444576,-1.8160062099588155,1.8160062099588155
r15_550_TrROS_Hall.pdb,I7C,6,0.7436974843160744,1.0911754,0.34747795265749737,0.34747795265749737
r15_550_TrROS_Hall.pdb,K8Q,7,0.450848244414348,0.37843168,-0.07241656659604967,0.07241656659604967
r15_550_TrROS_Hall.pdb,K8E,7,1.3477214395602073,0.75236,-0.5953614532549705,0.5953614532549705
r15_550_TrROS_Hall.pdb,K8N,7,0.6460745612049719,0.52400446,-0.12207010182386835,0.12207010182386835
r15_550_TrROS_Hall.pdb,K8H,7,0.0571938702925152,0.29404026,0.23684639240661198,0.23684639240661198
r15_550_TrROS_Hall.pdb,K8D,7,1.5196866998647227,1.0431371,-0.476549626347877,0.476549626347877
r15_550_TrROS_Hall.pdb,K8R,7,0.0297705214735399,-0.02134104,-0.051111562204016275,0.051111562204016275
r15_550_TrROS_Hall.pdb,K8T,7,-0.26006175991491,-0.062131897,0.1979298632998816,0.1979298632998816
r15_550_TrROS_Hall.pdb,K8S,7,0.11142678064156,0.42350513,0.3120783467884022,0.3120783467884022
r15_550_TrROS_Hall.pdb,K8A,7,0.4181951108091137,0.42713028,0.008935171116087715,0.008935171116087715
r15_550_TrROS_Hall.pdb,K8G,7,0.8301866007285374,1.0369446,0.20675802703330337,0.20675802703330337
r15_550_TrROS_Hall.pdb,K8M,7,0.3442292569527971,0.12228832,-0.2219409404645311,0.2219409404645311
r15_550_TrROS_Hall.pdb,K8L,7,0.0310108432856388,-0.17827941,-0.20929025805862617,0.20929025805862617
r15_550_TrROS_Hall.pdb,K8V,7,0.0157826797844427,-0.07043801,-0.08622069226517848,0.08622069226517848
r15_550_TrROS_Hall.pdb,K8I,7,-0.0611447192058092,-0.33404225,-0.2728975319042677,0.2728975319042677
r15_550_TrROS_Hall.pdb,K8W,7,-0.4630546926421175,0.0034412295,0.4664959221047411,0.4664959221047411
r15_550_TrROS_Hall.pdb,K8Y,7,-0.2984164318489881,0.039223522,0.3376399537968488,0.3376399537968488
r15_550_TrROS_Hall.pdb,K8F,7,-0.1880749892307491,0.05207859,0.24015357902776907,0.24015357902776907
r15_550_TrROS_Hall.pdb,K8P,7,2.915675412166867,1.3229756,-1.5926997766383026,1.5926997766383026
r15_550_TrROS_Hall.pdb,K8C,7,0.381477808852277,0.008283958,-0.37319385101326485,0.37319385101326485
r15_550_TrROS_Hall.pdb,I9Q,8,1.1021308206619471,1.7547269,0.6525960660873205,0.6525960660873205
r15_550_TrROS_Hall.pdb,I9E,8,2.9119900522529534,2.5048733,-0.40711677649611744,0.40711677649611744
r15_550_TrROS_Hall.pdb,I9N,8,2.0433500027787166,2.3646784,0.32132838009481857,0.32132838009481857
r15_550_TrROS_Hall.pdb,I9H,8,1.7614053936810992,1.6368282,-0.12457720955329155,0.12457720955329155
r15_550_TrROS_Hall.pdb,I9D,8,2.979222697515532,2.810398,-0.1688245957088914,0.1688245957088914
r15_550_TrROS_Hall.pdb,I9R,8,0.5806632987392462,1.520098,0.9394346722232783,0.9394346722232783
r15_550_TrROS_Hall.pdb,I9K,8,1.1532655898122832,1.6220603,0.4687947091073945,0.4687947091073945
r15_550_TrROS_Hall.pdb,I9T,8,0.483270437004843,1.1842144,0.7009439165565583,0.7009439165565583
r15_550_TrROS_Hall.pdb,I9S,8,1.2097776861589915,1.8723762,0.6625985173779958,0.6625985173779958
r15_550_TrROS_Hall.pdb,I9A,8,1.03039723103766,1.433912,0.4035148077654407,0.4035148077654407
r15_550_TrROS_Hall.pdb,I9G,8,1.9519344369455545,2.4642434,0.5123089750722678,0.5123089750722678
r15_550_TrROS_Hall.pdb,I9M,8,0.0689113231718812,0.57225937,0.5033480433404174,0.5033480433404174
r15_550_TrROS_Hall.pdb,I9L,8,0.0746182301291131,0.505327,0.4307087561837531,0.4307087561837531
r15_550_TrROS_Hall.pdb,I9V,8,0.0194528147759331,0.39709598,0.3776431634841072,0.3776431634841072
r15_550_TrROS_Hall.pdb,I9W,8,-0.1031064167382389,0.7531157,0.8562221303345829,0.8562221303345829
r15_550_TrROS_Hall.pdb,I9Y,8,-0.0633905227449673,0.7120905,0.7754810149935024,0.7754810149935024
r15_550_TrROS_Hall.pdb,I9F,8,0.0806255443335484,0.59626484,0.5156392948388149,0.5156392948388149
r15_550_TrROS_Hall.pdb,I9P,8,3.834541017045461,3.065012,-0.7695290388960467,0.7695290388960467
r15_550_TrROS_Hall.pdb,I9C,8,0.8675073082680655,0.6087169,-0.25879040315103063,0.25879040315103063
r15_550_TrROS_Hall.pdb,E10Q,9,0.1677192458692573,0.4618785,0.2941592624601342,0.2941592624601342
r15_550_TrROS_Hall.pdb,E10N,9,0.7346929537079241,1.014542,0.27984902989650706,0.27984902989650706
r15_550_TrROS_Hall.pdb,E10H,9,0.5258029987167334,0.67312056,0.14731755954513792,0.14731755954513792
r15_550_TrROS_Hall.pdb,E10D,9,0.2633596965259883,0.7651693,0.5018096259647038,0.5018096259647038
r15_550_TrROS_Hall.pdb,E10R,9,0.670948969321504,0.91772556,0.24677659372781235,0.24677659372781235
r15_550_TrROS_Hall.pdb,E10K,9,1.0123249226887174,0.91329443,-0.09903048814129312,0.09903048814129312
r15_550_TrROS_Hall.pdb,E10T,9,0.3369360633013087,0.289695,-0.04724106861327465,0.04724106861327465
r15_550_TrROS_Hall.pdb,E10S,9,0.2933817513613892,0.64633346,0.3529517046780395,0.3529517046780395
r15_550_TrROS_Hall.pdb,E10A,9,0.6348805442353607,0.50828314,-0.12659740596021418,0.12659740596021418
r15_550_TrROS_Hall.pdb,E10G,9,1.0433501088517536,1.4218361,0.37848602891985283,0.37848602891985283
r15_550_TrROS_Hall.pdb,E10M,9,0.0253212791419699,0.18452275,0.15920146885149933,0.15920146885149933
r15_550_TrROS_Hall.pdb,E10L,9,0.1318193109026673,0.0039823055,-0.1278370053759339,0.1278370053759339
r15_550_TrROS_Hall.pdb,E10V,9,0.0475944248626083,-0.13152963,-0.17912405409310755,0.17912405409310755
r15_550_TrROS_Hall.pdb,E10I,9,-0.0282718069731133,-0.26981294,-0.2415411345780952,0.2415411345780952
r15_550_TrROS_Hall.pdb,E10W,9,-0.2444726884206698,-0.031970024,0.21250266431178308,0.21250266431178308
r15_550_TrROS_Hall.pdb,E10Y,9,-0.1075634801729314,0.21285073,0.32041421476441545,0.32041421476441545
r15_550_TrROS_Hall.pdb,E10F,9,-0.0726143346731005,0.15780836,0.23042269811075308,0.23042269811075308
r15_550_TrROS_Hall.pdb,E10P,9,2.427455594911886,2.039791,-0.38766448773415174,0.38766448773415174
r15_550_TrROS_Hall.pdb,E10C,9,0.1906885173179411,0.10855687,-0.0821316506721281,0.0821316506721281
r15_550_TrROS_Hall.pdb,R11Q,10,1.0955946529510516,0.9744507,-0.12114394551544372,0.12114394551544372
r15_550_TrROS_Hall.pdb,R11E,10,2.037408158663721,1.5750878,-0.46232037294289574,0.46232037294289574
r15_550_TrROS_Hall.pdb,R11N,10,1.536133305420365,1.2414107,-0.29472257315107786,0.29472257315107786
r15_550_TrROS_Hall.pdb,R11H,10,0.8078612970192336,0.81180274,0.0039414478461838875,0.0039414478461838875
r15_550_TrROS_Hall.pdb,R11D,10,2.3870014277844778,2.1109314,-0.27607003130010277,0.27607003130010277
r15_550_TrROS_Hall.pdb,R11K,10,0.1664350999640458,0.3852889,0.21885379421243736,0.21885379421243736
r15_550_TrROS_Hall.pdb,R11T,10,0.8442511641302959,0.5951227,-0.24912846916111864,0.24912846916111864
r15_550_TrROS_Hall.pdb,R11S,10,0.9669892964809677,0.9864856,0.01949630399052893,0.01949630399052893
r15_550_TrROS_Hall.pdb,R11A,10,1.182030730289537,1.0349363,-0.14709442142875817,0.14709442142875817
r15_550_TrROS_Hall.pdb,R11G,10,1.6933472699989922,1.7706126,0.07726532746652293,0.07726532746652293
r15_550_TrROS_Hall.pdb,R11M,10,0.6308773129055236,0.55744755,-0.07342976022455439,0.07342976022455439
r15_550_TrROS_Hall.pdb,R11L,10,0.6271159028859241,0.6108719,-0.016243991837034955,0.016243991837034955
r15_550_TrROS_Hall.pdb,R11V,10,0.6529374211553254,0.49002942,-0.16290799672638556,0.16290799672638556
r15_550_TrROS_Hall.pdb,R11I,10,0.4697217320191962,0.19145572,-0.27826601016403263,0.27826601016403263
r15_550_TrROS_Hall.pdb,R11W,10,-0.0861426667293665,0.36115307,0.44729573288766117,0.44729573288766117
r15_550_TrROS_Hall.pdb,R11Y,10,0.1764552604319664,0.31655258,0.14009731897095717,0.14009731897095717
r15_550_TrROS_Hall.pdb,R11F,10,0.2458980752435238,0.36108148,0.11518340573639563,0.11518340573639563
r15_550_TrROS_Hall.pdb,R11P,10,2.795449988447923,2.3317451,-0.463704840742845,0.463704840742845
r15_550_TrROS_Hall.pdb,R11C,10,0.5981276393088955,0.5391084,-0.0590192437324184,0.0590192437324184
r15_550_TrROS_Hall.pdb,V12Q,11,-0.1016152658053606,0.20889932,0.31051458497726614,0.31051458497726614
r15_550_TrROS_Hall.pdb,V12E,11,-0.0390106163039156,0.16355747,0.20256808614873373,0.20256808614873373
r15_550_TrROS_Hall.pdb,V12N,11,0.0723430946005336,0.72267413,0.650331036792899,0.650331036792899
r15_550_TrROS_Hall.pdb,V12H,11,0.0782017554526675,0.39047408,0.3122723255867612,0.3122723255867612
r15_550_TrROS_Hall.pdb,V12D,11,0.1205464750190117,0.63048035,0.5099338740448616,0.5099338740448616
r15_550_TrROS_Hall.pdb,V12R,11,0.1361012699883304,0.5764978,0.44039652320930145,0.44039652320930145
r15_550_TrROS_Hall.pdb,V12K,11,0.0130845493286324,0.47368145,0.4605969005615043,0.4605969005615043
r15_550_TrROS_Hall.pdb,V12T,11,-0.3618554813852208,0.18293902,0.5447945041646856,0.5447945041646856
r15_550_TrROS_Hall.pdb,V12S,11,-0.3572675176802757,0.5328699,0.8901373931113366,0.8901373931113366
r15_550_TrROS_Hall.pdb,V12A,11,-0.0883859620059537,0.42856905,0.5169550106490659,0.5169550106490659
r15_550_TrROS_Hall.pdb,V12G,11,0.5851635746434778,0.9814594,0.3962958045526892,0.3962958045526892
r15_550_TrROS_Hall.pdb,V12M,11,0.2669806428946026,0.1357222,-0.13125843785176355,0.13125843785176355
r15_550_TrROS_Hall.pdb,V12L,11,0.0220194916086935,0.03336051,0.011341019455835918,0.011341019455835918
r15_550_TrROS_Hall.pdb,V12I,11,0.0972127572196885,-0.054035276,-0.1512480333942338,0.1512480333942338
r15_550_TrROS_Hall.pdb,V12W,11,0.0570923715633284,0.051253527,-0.005838844160450593,0.005838844160450593
r15_550_TrROS_Hall.pdb,V12Y,11,0.0810162996532222,0.13239017,0.05137387163622177,0.05137387163622177
r15_550_TrROS_Hall.pdb,V12F,11,0.045839296755636,0.16132139,0.11548208993927214,0.11548208993927214
r15_550_TrROS_Hall.pdb,V12P,11,0.7880257158935966,1.4150847,0.6270590037643013,0.6270590037643013
r15_550_TrROS_Hall.pdb,V12C,11,0.3100404605832372,0.0127441585,-0.29729630207684377,0.29729630207684377
r15_550_TrROS_Hall.pdb,L13Q,12,0.2671533016258411,0.77909523,0.5119419308608837,0.5119419308608837
r15_550_TrROS_Hall.pdb,L13E,12,0.6698234269312175,0.9516308,0.2818073442289082,0.2818073442289082
r15_550_TrROS_Hall.pdb,L13N,12,0.3203790471515688,0.92720747,0.6068284227886167,0.6068284227886167
r15_550_TrROS_Hall.pdb,L13H,12,0.2895433233197053,0.9143275,0.624784178930966,0.624784178930966
r15_550_TrROS_Hall.pdb,L13D,12,0.4505091131735046,1.0745695,0.6240603505563538,0.6240603505563538
r15_550_TrROS_Hall.pdb,L13R,12,-0.0120984060781115,1.269004,1.2811023933904284,1.2811023933904284
r15_550_TrROS_Hall.pdb,L13K,12,0.0600979919607782,1.0582094,0.99811142728971,0.99811142728971
r15_550_TrROS_Hall.pdb,L13T,12,0.0991243734441038,1.0378258,0.9387014493860963,0.9387014493860963
r15_550_TrROS_Hall.pdb,L13S,12,0.1267886985566466,1.1175387,0.99074999201037,0.99074999201037
r15_550_TrROS_Hall.pdb,L13A,12,0.2141631379651638,0.939497,0.7253338560533908,0.7253338560533908
r15_550_TrROS_Hall.pdb,L13G,12,0.169128831178817,1.2343606,1.0652317444971473,1.0652317444971473
r15_550_TrROS_Hall.pdb,L13M,12,0.0647175622437785,0.14465779,0.07994022841707965,0.07994022841707965
r15_550_TrROS_Hall.pdb,L13V,12,0.6340643561285444,0.98235583,0.3482914769250445,0.3482914769250445
r15_550_TrROS_Hall.pdb,L13I,12,0.5157888998388414,0.7074197,0.19163079363115987,0.19163079363115987
r15_550_TrROS_Hall.pdb,L13W,12,0.2691136191151635,0.6856481,0.4165344645716651,0.4165344645716651
r15_550_TrROS_Hall.pdb,L13Y,12,-0.0373562462203445,0.7485781,0.7859343178145828,0.7859343178145828
r15_550_TrROS_Hall.pdb,L13F,12,-0.1020944023949095,0.5523944,0.6544887925011107,0.6544887925011107
r15_550_TrROS_Hall.pdb,L13P,12,1.2981094276913527,1.9046334,0.6065239751330491,0.6065239751330491
r15_550_TrROS_Hall.pdb,L13C,12,0.3063525640162172,0.11598766,-0.1903649055155458,0.1903649055155458
r15_550_TrROS_Hall.pdb,P14Q,13,0.2618758983421969,0.36305916,0.10118326475137002,0.10118326475137002
r15_550_TrROS_Hall.pdb,P14E,13,-0.0445306238096918,0.32394862,0.36847924555956973,0.36847924555956973
r15_550_TrROS_Hall.pdb,P14N,13,0.0228269961369829,0.33707726,0.3142502638804121,0.3142502638804121
r15_550_TrROS_Hall.pdb,P14H,13,-0.1001437542487471,0.38346267,0.48360642171395707,0.48360642171395707
r15_550_TrROS_Hall.pdb,P14D,13,-0.0319861793600857,0.37804225,0.410028430231744,0.410028430231744
r15_550_TrROS_Hall.pdb,P14R,13,0.3015532321281089,0.42601824,0.12446500593951804,0.12446500593951804
r15_550_TrROS_Hall.pdb,P14K,13,0.1197654354613728,0.32076678,0.20100134133878284,0.20100134133878284
r15_550_TrROS_Hall.pdb,P14T,13,0.0851892805348528,0.4354209,0.3502316200484144,0.3502316200484144
r15_550_TrROS_Hall.pdb,P14S,13,0.0634096022527703,0.2684107,0.20500111022777473,0.20500111022777473
r15_550_TrROS_Hall.pdb,P14A,13,-0.111144958414278,0.26886314,0.38000809995099066,0.38000809995099066
r15_550_TrROS_Hall.pdb,P14G,13,0.0551963124120202,0.41867822,0.36348191167474125,0.36348191167474125
r15_550_TrROS_Hall.pdb,P14M,13,-0.1395128161451229,0.352355,0.4918678195020565,0.4918678195020565
r15_550_TrROS_Hall.pdb,P14L,13,-0.205982398401427,0.36613566,0.5721180552350758,0.5721180552350758
r15_550_TrROS_Hall.pdb,P14V,13,0.1604190029525893,0.4351623,0.2747433028793199,0.2747433028793199
r15_550_TrROS_Hall.pdb,P14I,13,0.1963704725379322,0.4736768,0.2773063281899121,0.2773063281899121
r15_550_TrROS_Hall.pdb,P14W,13,-0.3470907196160375,0.35935944,0.7064501628037512,0.7064501628037512
r15_550_TrROS_Hall.pdb,P14Y,13,0.0437830430001451,0.43249226,0.38870921316440565,0.38870921316440565
r15_550_TrROS_Hall.pdb,P14F,13,0.0033882389396122,0.47425342,0.47086517712178916,0.47086517712178916
r15_550_TrROS_Hall.pdb,P14C,13,0.0713373017729406,0.14439079,0.07305348988164619,0.07305348988164619
r15_550_TrROS_Hall.pdb,N15Q,14,0.6305505265659663,0.8524216,0.22187105517918138,0.22187105517918138
r15_550_TrROS_Hall.pdb,N15E,14,0.3712539737017826,0.6549169,0.283662908813171,0.283662908813171
r15_550_TrROS_Hall.pdb,N15H,14,0.3634052060085659,0.5815851,0.2181799032252903,0.2181799032252903
r15_550_TrROS_Hall.pdb,N15D,14,0.0749137479498172,0.23159155,0.15667780454613922,0.15667780454613922
r15_550_TrROS_Hall.pdb,N15R,14,0.6558410679672844,0.9034324,0.24759136086953815,0.24759136086953815
r15_550_TrROS_Hall.pdb,N15K,14,0.8138992110711336,0.8745673,0.060668059207797054,0.060668059207797054
r15_550_TrROS_Hall.pdb,N15T,14,-0.0569532429299091,0.43566796,0.4926212047657703,0.4926212047657703
r15_550_TrROS_Hall.pdb,N15S,14,-0.0640698111668278,0.30152267,0.3655924833431889,0.3655924833431889
r15_550_TrROS_Hall.pdb,N15A,14,0.5669336324320438,0.7827522,0.21581858343023042,0.21581858343023042
r15_550_TrROS_Hall.pdb,N15G,14,0.0408163213195749,0.6103471,0.5695307708320669,0.5695307708320669
r15_550_TrROS_Hall.pdb,N15M,14,0.4962151766792217,0.85613245,0.35991727104035226,0.35991727104035226
r15_550_TrROS_Hall.pdb,N15L,14,0.6185447340892596,0.84198153,0.22343679610025458,0.22343679610025458
r15_550_TrROS_Hall.pdb,N15V,14,1.1837510667247573,0.94544125,-0.23830982069204243,0.23830982069204243
r15_550_TrROS_Hall.pdb,N15I,14,1.180139573851207,1.0201766,-0.15996292475757912,0.15996292475757912
r15_550_TrROS_Hall.pdb,N15W,14,-0.1120826987889458,0.5273706,0.6394532708790948,0.6394532708790948
r15_550_TrROS_Hall.pdb,N15Y,14,0.424520890819462,0.61912006,0.1945991705780905,0.1945991705780905
r15_550_TrROS_Hall.pdb,N15F,14,0.3984923578891699,0.52754694,0.12905458434486938,0.12905458434486938
r15_550_TrROS_Hall.pdb,N15P,14,1.4191743621227069,1.0913336,-0.3278407344219012,0.3278407344219012
r15_550_TrROS_Hall.pdb,N15C,14,0.3587716295663101,0.19170907,-0.16706255816852872,0.16706255816852872
r15_550_TrROS_Hall.pdb,G16Q,15,0.6426515332083396,1.2724224,0.6297708996911355,0.6297708996911355
r15_550_TrROS_Hall.pdb,G16E,15,0.7982887172787327,1.4915309,0.6932421779544216,0.6932421779544216
r15_550_TrROS_Hall.pdb,G16N,15,0.4074600658943597,0.9795263,0.5720662154624518,0.5720662154624518
r15_550_TrROS_Hall.pdb,G16H,15,0.5592922410334769,1.254601,0.6953087607060251,0.6953087607060251
r15_550_TrROS_Hall.pdb,G16R,15,0.8115939759833175,1.4956391,0.6840451097863358,0.6840451097863358
r15_550_TrROS_Hall.pdb,G16K,15,0.7192397787229816,1.3829323,0.6636925266130169,0.6636925266130169
r15_550_TrROS_Hall.pdb,G16T,15,1.053508574027803,1.6997633,0.646254724006865,0.646254724006865
r15_550_TrROS_Hall.pdb,G16S,15,0.7646007846481844,1.322431,0.5578301836364226,0.5578301836364226
r15_550_TrROS_Hall.pdb,G16A,15,0.8039139805078728,1.4972286,0.6933146419286507,0.6933146419286507
r15_550_TrROS_Hall.pdb,G16M,15,0.4038583816453647,1.2531968,0.8493384538725186,0.8493384538725186
r15_550_TrROS_Hall.pdb,G16L,15,0.4381469711331434,1.2931256,0.8549786582919054,0.8549786582919054
r15_550_TrROS_Hall.pdb,G16V,15,1.7471159858383052,1.9767864,0.22967038920747118,0.22967038920747118
r15_550_TrROS_Hall.pdb,G16I,15,1.4756829163980938,1.948288,0.4726050474690937,0.4726050474690937
r15_550_TrROS_Hall.pdb,G16W,15,0.7483333559960794,1.3813343,0.6330009488134909,0.6330009488134909
r15_550_TrROS_Hall.pdb,G16Y,15,0.7695130518943856,1.3430578,0.573544699761193,0.573544699761193
r15_550_TrROS_Hall.pdb,G16F,15,0.5730250182254357,1.0918443,0.5188193020718055,0.5188193020718055
r15_550_TrROS_Hall.pdb,G16P,15,2.2289549224765075,1.9327189,-0.2962360494525207,0.2962360494525207
r15_550_TrROS_Hall.pdb,G16C,15,0.3643652360875444,0.74512744,0.38076220341135697,0.38076220341135697
r15_550_TrROS_Hall.pdb,E17Q,16,-0.1378960031733562,0.011316627,0.14921263043737903,0.14921263043737903
r15_550_TrROS_Hall.pdb,E17N,16,-0.0342474607137628,0.19427207,0.22851953183688598,0.22851953183688598
r15_550_TrROS_Hall.pdb,E17H,16,-0.1844305593557651,0.10525699,0.28968754895403936,0.28968754895403936
r15_550_TrROS_Hall.pdb,E17D,16,0.0249425361940724,0.24396026,0.21901772515083728,0.21901772515083728
r15_550_TrROS_Hall.pdb,E17R,16,-0.0546615103342924,0.09040606,0.14506757055310343,0.14506757055310343
r15_550_TrROS_Hall.pdb,E17K,16,-0.0590613169094478,0.042447746,0.10150906270946611,0.10150906270946611
r15_550_TrROS_Hall.pdb,E17T,16,-0.2321407399869794,0.14368795,0.37582868857153595,0.37582868857153595
r15_550_TrROS_Hall.pdb,E17S,16,-0.0461158703752513,0.17223412,0.21834998836002303,0.21834998836002303
r15_550_TrROS_Hall.pdb,E17A,16,0.0066632340545078,0.07922893,0.07256569612079661,0.07256569612079661
r15_550_TrROS_Hall.pdb,E17G,16,0.1404064896288286,0.37565595,0.23524945948692458,0.23524945948692458
r15_550_TrROS_Hall.pdb,E17M,16,-0.1100289921937474,-0.01667203,0.0933569621024617,0.0933569621024617
r15_550_TrROS_Hall.pdb,E17L,16,0.0084537372557313,0.050525293,0.04207155549844198,0.04207155549844198
r15_550_TrROS_Hall.pdb,E17V,16,-0.0381786061123978,0.089267224,0.12744583018580785,0.12744583018580785
r15_550_TrROS_Hall.pdb,E17I,16,-0.1594165935283298,0.013639532,0.17305612555795855,0.17305612555795855
r15_550_TrROS_Hall.pdb,E17W,16,-0.0751333650739489,0.07437287,0.14950623778417688,0.14950623778417688
r15_550_TrROS_Hall.pdb,E17Y,16,-0.135452151768435,0.07786743,0.21331958519719935,0.21331958519719935
r15_550_TrROS_Hall.pdb,E17F,16,-0.0495641429200421,0.07535365,0.12491779515888793,0.12491779515888793
r15_550_TrROS_Hall.pdb,E17P,16,0.9243827990647268,1.0103213,0.08593846043386943,0.08593846043386943
r15_550_TrROS_Hall.pdb,E17C,16,-0.1204121618661187,-0.15985215,-0.03943998523623726,0.03943998523623726
r15_550_TrROS_Hall.pdb,K18Q,17,0.2983298993070526,0.18948498,-0.10884491562442017,0.10884491562442017
r15_550_TrROS_Hall.pdb,K18E,17,0.1914031465641734,0.4714976,0.2800944487460378,0.2800944487460378
r15_550_TrROS_Hall.pdb,K18N,17,0.0805971357952319,0.32983226,0.24923512004506962,0.24923512004506962
r15_550_TrROS_Hall.pdb,K18H,17,-0.1829520036345178,0.13199265,0.3149446566467935,0.3149446566467935
r15_550_TrROS_Hall.pdb,K18D,17,0.6958953700415176,0.804,0.10810464998564306,0.10810464998564306
r15_550_TrROS_Hall.pdb,K18R,17,-0.0905571513118719,-0.052874215,0.03768293636464824,0.03768293636464824
r15_550_TrROS_Hall.pdb,K18T,17,-0.073321779469639,-0.093196444,-0.019874664743751352,0.019874664743751352
r15_550_TrROS_Hall.pdb,K18S,17,-0.0347369576091276,0.26308683,0.29782378321833475,0.29782378321833475
r15_550_TrROS_Hall.pdb,K18A,17,0.063106832695988,0.31010732,0.2470004878511159,0.2470004878511159
r15_550_TrROS_Hall.pdb,K18G,17,0.2651238935482372,0.7385745,0.47345061130405774,0.47345061130405774
r15_550_TrROS_Hall.pdb,K18M,17,-0.2579598309294022,0.023052737,0.2810125680462159,0.2810125680462159
r15_550_TrROS_Hall.pdb,K18L,17,-0.0309500051314435,-0.12761143,-0.0966614233677783,0.0966614233677783
r15_550_TrROS_Hall.pdb,K18V,17,0.0611044291650939,-0.3602726,-0.4213770155107665,0.4213770155107665
r15_550_TrROS_Hall.pdb,K18I,17,-0.376639514355352,-0.5145795,-0.1379399605706429,0.1379399605706429
r15_550_TrROS_Hall.pdb,K18W,17,-0.1579417004038132,-0.07485593,0.08308576930058367,0.08308576930058367
r15_550_TrROS_Hall.pdb,K18Y,17,-0.1419361884033536,-0.07189236,0.07004383004067888,0.07004383004067888
r15_550_TrROS_Hall.pdb,K18F,17,0.0095601926529376,-0.07861819,-0.08817838383555097,0.08817838383555097
r15_550_TrROS_Hall.pdb,K18P,17,0.2375181398550534,0.724505,0.48698686741194486,0.48698686741194486
r15_550_TrROS_Hall.pdb,K18C,17,0.0025334250233717,-0.15048748,-0.1530209075711317,0.1530209075711317
r15_550_TrROS_Hall.pdb,V19Q,18,0.0047578422160814,0.4403537,0.43559584936183,0.43559584936183
r15_550_TrROS_Hall.pdb,V19E,18,0.2922723669690086,0.66234475,0.3700723867732094,0.3700723867732094
r15_550_TrROS_Hall.pdb,V19N,18,0.3250997292636626,0.7571415,0.43204174164545606,0.43204174164545606
r15_550_TrROS_Hall.pdb,V19H,18,0.0522784145488195,0.4752969,0.42301850002866465,0.42301850002866465
r15_550_TrROS_Hall.pdb,V19D,18,0.6217682107875695,1.0686951,0.4469268575718055,0.4469268575718055
r15_550_TrROS_Hall.pdb,V19R,18,0.0035317667040803,0.46897405,0.4654422871556304,0.4654422871556304
r15_550_TrROS_Hall.pdb,V19K,18,0.0480121695901045,0.49672937,0.44871720434178025,0.44871720434178025
r15_550_TrROS_Hall.pdb,V19T,18,0.1120735523917098,0.46724117,0.35516761563044597,0.35516761563044597
r15_550_TrROS_Hall.pdb,V19S,18,0.2843364804421302,0.72972643,0.44538995331183706,0.44538995331183706
r15_550_TrROS_Hall.pdb,V19A,18,0.2259381598634862,0.5966959,0.3707577400998927,0.3707577400998927
r15_550_TrROS_Hall.pdb,V19G,18,0.5933179642196458,1.1664588,0.573140880918904,0.573140880918904
r15_550_TrROS_Hall.pdb,V19M,18,0.1060050440215389,0.17032483,0.06431978817946513,0.06431978817946513
r15_550_TrROS_Hall.pdb,V19L,18,0.1503909317645142,0.09162292,-0.058768012920291185,0.058768012920291185
r15_550_TrROS_Hall.pdb,V19I,18,-0.1205557122367793,-0.14275822,-0.022202508197409543,0.022202508197409543
r15_550_TrROS_Hall.pdb,V19W,18,0.1436907712420208,0.20732543,0.06363465748226815,0.06363465748226815
r15_550_TrROS_Hall.pdb,V19Y,18,0.1708886321810574,0.21854274,0.04765410756789737,0.04765410756789737
r15_550_TrROS_Hall.pdb,V19F,18,0.2887873531625651,0.25587642,-0.032910931234159335,0.032910931234159335
r15_550_TrROS_Hall.pdb,V19P,18,1.3850413401087258,1.5029091,0.1178677241841819,0.1178677241841819
r15_550_TrROS_Hall.pdb,V19C,18,0.1764749766634041,0.040558517,-0.13591645968418656,0.13591645968418656
r15_550_TrROS_Hall.pdb,E20Q,19,-0.1571049187048876,0.1789768,0.33608172272290826,0.33608172272290826
r15_550_TrROS_Hall.pdb,E20N,19,0.1035845599277625,0.55941147,0.4558269061939111,0.4558269061939111
r15_550_TrROS_Hall.pdb,E20H,19,0.0519680758774931,0.15699764,0.10502956008308581,0.10502956008308581
r15_550_TrROS_Hall.pdb,E20D,19,-0.1067464876432771,0.5294303,0.6361768174429292,0.6361768174429292
r15_550_TrROS_Hall.pdb,E20R,19,0.3944136018206503,0.42006075,0.025647152001676388,0.025647152001676388
r15_550_TrROS_Hall.pdb,E20K,19,0.4624604364077598,0.35025257,-0.11220786768598856,0.11220786768598856
r15_550_TrROS_Hall.pdb,E20T,19,0.1100533164989032,-0.08823086,-0.19828417971244233,0.19828417971244233
r15_550_TrROS_Hall.pdb,E20S,19,0.219937728878099,0.2764374,0.0564996728934464,0.0564996728934464
r15_550_TrROS_Hall.pdb,E20A,19,0.4996645365101977,0.1869769,-0.31268764177390773,0.31268764177390773
r15_550_TrROS_Hall.pdb,E20G,19,0.4925588105645504,0.7254123,0.23285349860521887,0.23285349860521887
r15_550_TrROS_Hall.pdb,E20M,19,0.1566998584510059,-0.104095966,-0.26079582407486146,0.26079582407486146
r15_550_TrROS_Hall.pdb,E20L,19,0.1285814066017234,-0.2804293,-0.40901071024781105,0.40901071024781105
r15_550_TrROS_Hall.pdb,E20V,19,0.1120497832768112,-0.38724917,-0.4992989550106674,0.4992989550106674
r15_550_TrROS_Hall.pdb,E20I,19,-0.0014051914529948,-0.47361165,-0.47220646139810996,0.47220646139810996
r15_550_TrROS_Hall.pdb,E20W,19,0.2465287819595172,-0.3363226,-0.582851387569411,0.582851387569411
r15_550_TrROS_Hall.pdb,E20Y,19,-0.2462751771308085,-0.24566527,0.0006099100209375763,0.0006099100209375763
r15_550_TrROS_Hall.pdb,E20F,19,0.2714121596941261,-0.28398204,-0.5553941981920509,0.5553941981920509
r15_550_TrROS_Hall.pdb,E20P,19,0.3762715208195573,0.9138407,0.5375691902972335,0.5375691902972335
r15_550_TrROS_Hall.pdb,E20C,19,0.1875480378505258,-0.2886017,-0.4761497343417672,0.4761497343417672
r15_550_TrROS_Hall.pdb,E21Q,20,-0.1439081255681591,0.09003124,0.2339393619783001,0.2339393619783001
r15_550_TrROS_Hall.pdb,E21N,20,0.2034804199449986,0.46392965,0.260449233222726,0.260449233222726
r15_550_TrROS_Hall.pdb,E21H,20,0.1505858002415045,0.039238088,-0.1113477124085768,0.1113477124085768
r15_550_TrROS_Hall.pdb,E21D,20,-0.0003176565881854,0.61451554,0.6148331995721942,0.6148331995721942
r15_550_TrROS_Hall.pdb,E21R,20,0.1260571588066206,0.22512506,0.09906790067881488,0.09906790067881488
r15_550_TrROS_Hall.pdb,E21K,20,0.4500429493819258,0.2887326,-0.16131036109075758,0.16131036109075758
r15_550_TrROS_Hall.pdb,E21T,20,0.2080520307503484,0.008246623,-0.19980540777070743,0.19980540777070743
r15_550_TrROS_Hall.pdb,E21S,20,0.0187674300732041,0.25681698,0.23804955314975731,0.23804955314975731
r15_550_TrROS_Hall.pdb,E21A,20,0.0938100303599371,0.3067047,0.21289466963319645,0.21289466963319645
r15_550_TrROS_Hall.pdb,E21G,20,0.1543685376421821,0.84728855,0.6929200113041984,0.6929200113041984
r15_550_TrROS_Hall.pdb,E21M,20,-0.0344299142555808,-0.18106775,-0.14663783560232174,0.14663783560232174
r15_550_TrROS_Hall.pdb,E21L,20,-0.0713415876382068,-0.10596745,-0.034625859523467695,0.034625859523467695
r15_550_TrROS_Hall.pdb,E21V,20,0.2037812764213438,-0.22496258,-0.4287438536451216,0.4287438536451216
r15_550_TrROS_Hall.pdb,E21I,20,0.0138272950754014,-0.3212964,-0.3351236889467088,0.3351236889467088
r15_550_TrROS_Hall.pdb,E21W,20,-0.2940983344102648,-0.33599317,-0.04189483632795543,0.04189483632795543
r15_550_TrROS_Hall.pdb,E21Y,20,-0.2189301278967743,-0.3589384,-0.14000826808024597,0.14000826808024597
r15_550_TrROS_Hall.pdb,E21F,20,0.0747002713181661,-0.32493198,-0.3996322504975484,0.3996322504975484
r15_550_TrROS_Hall.pdb,E21P,20,1.325349803183821,1.4959447,0.17059493520424063,0.17059493520424063
r15_550_TrROS_Hall.pdb,E21C,20,0.0132557655337173,-0.3561669,-0.3694226647379715,0.3694226647379715
r15_550_TrROS_Hall.pdb,E22Q,21,-0.0799749546200327,0.26421747,0.3441924207359842,0.3441924207359842
r15_550_TrROS_Hall.pdb,E22N,21,0.0945824459493867,0.6250076,0.5304251834451446,0.5304251834451446
r15_550_TrROS_Hall.pdb,E22H,21,0.0372784260100731,0.2916643,0.2543858763390175,0.2543858763390175
r15_550_TrROS_Hall.pdb,E22R,21,0.2712310961293331,0.57716274,0.305931646485413,0.305931646485413
r15_550_TrROS_Hall.pdb,E22K,21,0.3111855639892411,0.53506577,0.22388020615998988,0.22388020615998988
r15_550_TrROS_Hall.pdb,E22T,21,-0.1031020117288266,-0.0776518,0.02545021300369843,0.02545021300369843
r15_550_TrROS_Hall.pdb,E22S,21,0.0922432972087792,0.3999975,0.3077542053566047,0.3077542053566047
r15_550_TrROS_Hall.pdb,E22A,21,0.1622961406175092,0.33484453,0.17254838901124447,0.17254838901124447
r15_550_TrROS_Hall.pdb,E22G,21,0.6494973155638886,0.9875144,0.33801706107643126,0.33801706107643126
r15_550_TrROS_Hall.pdb,E22M,21,0.0420853657983331,-0.007044837,-0.04913020267710965,0.04913020267710965
r15_550_TrROS_Hall.pdb,E22L,21,0.0983810380710457,-0.23762861,-0.33600964701307756,0.33600964701307756
r15_550_TrROS_Hall.pdb,E22V,21,0.004223983945117,-0.39060375,-0.3948277348892546,0.3948277348892546
r15_550_TrROS_Hall.pdb,E22I,21,-0.1046292597323441,-0.45757213,-0.3529428726166702,0.3529428726166702
r15_550_TrROS_Hall.pdb,E22W,21,0.0763228070398955,-0.36934194,-0.44566474672762435,0.44566474672762435
r15_550_TrROS_Hall.pdb,E22Y,21,-0.0091715516709527,-0.12683067,-0.11765911558635626,0.11765911558635626
r15_550_TrROS_Hall.pdb,E22F,21,0.1427547261894943,-0.1745852,-0.31733991958510893,0.31733991958510893
r15_550_TrROS_Hall.pdb,E22P,21,1.2933748728068035,1.1481999,-0.14517495692087823,0.14517495692087823
r15_550_TrROS_Hall.pdb,E22C,21,-0.0220960167580965,-0.22679111,-0.2046950968569395,0.2046950968569395
r15_550_TrROS_Hall.pdb,I23Q,22,0.7524270881167663,1.0609602,0.3085330854901063,0.3085330854901063
r15_550_TrROS_Hall.pdb,I23E,22,1.2591430490028317,1.5752395,0.31609649014359165,0.31609649014359165
r15_550_TrROS_Hall.pdb,I23N,22,1.0775141026982578,1.3163328,0.23881871437937896,0.23881871437937896
r15_550_TrROS_Hall.pdb,I23H,22,0.2629575492339295,0.89275765,0.6298001049561339,0.6298001049561339
r15_550_TrROS_Hall.pdb,I23D,22,1.7820830346585654,1.8374928,0.05540978894220361,0.05540978894220361
r15_550_TrROS_Hall.pdb,I23R,22,0.4338665311698317,0.6310684,0.1972018773193956,0.1972018773193956
r15_550_TrROS_Hall.pdb,I23K,22,0.4723674190580542,0.76330435,0.29093693370226076,0.29093693370226076
r15_550_TrROS_Hall.pdb,I23T,22,0.8131638591257455,0.91273576,0.09957190108619907,0.09957190108619907
r15_550_TrROS_Hall.pdb,I23S,22,0.9328132983420598,1.213142,0.28032873904960276,0.28032873904960276
r15_550_TrROS_Hall.pdb,I23A,22,0.9947932888096808,1.0574621,0.06266880740461367,0.06266880740461367
r15_550_TrROS_Hall.pdb,I23G,22,1.81074012808232,1.6179061,-0.192834034484908,0.192834034484908
r15_550_TrROS_Hall.pdb,I23M,22,-0.2317769799447377,0.546824,0.7786009583688099,0.7786009583688099
r15_550_TrROS_Hall.pdb,I23L,22,0.1594292071824252,0.34955627,0.19012706007907992,0.19012706007907992
r15_550_TrROS_Hall.pdb,I23V,22,0.0746029393613314,0.38622466,0.311621717935803,0.311621717935803
r15_550_TrROS_Hall.pdb,I23W,22,-0.0257377151180842,0.36982322,0.395560932510052,0.395560932510052
r15_550_TrROS_Hall.pdb,I23Y,22,-0.0482148026174069,0.3818565,0.4300713037198544,0.4300713037198544
r15_550_TrROS_Hall.pdb,I23F,22,0.0567885321086123,0.42191344,0.36512491288726784,0.36512491288726784
r15_550_TrROS_Hall.pdb,I23P,22,2.4456483365135373,1.6419995,-0.8036488534050168,0.8036488534050168
r15_550_TrROS_Hall.pdb,I23C,22,0.2323873606174507,0.5067836,0.2743962440044365,0.2743962440044365
r15_550_TrROS_Hall.pdb,T24Q,23,0.2255399068777945,0.5736588,0.3481189170891855,0.3481189170891855
r15_550_TrROS_Hall.pdb,T24E,23,0.0546093779080276,0.54312867,0.48851929135390476,0.48851929135390476
r15_550_TrROS_Hall.pdb,T24N,23,0.2287241248177256,0.90063703,0.6719129057837758,0.6719129057837758
r15_550_TrROS_Hall.pdb,T24H,23,0.0217686365290044,0.61592436,0.5941557218389155,0.5941557218389155
r15_550_TrROS_Hall.pdb,T24D,23,0.1759544767628122,1.0217531,0.8457985959758353,0.8457985959758353
r15_550_TrROS_Hall.pdb,T24R,23,0.4412186549505525,0.8465524,0.40533371702820725,0.40533371702820725
r15_550_TrROS_Hall.pdb,T24K,23,0.1196792263849957,0.90491974,0.7852405171529071,0.7852405171529071
r15_550_TrROS_Hall.pdb,T24S,23,0.2371529878205027,0.515642,0.2784889995032583,0.2784889995032583
r15_550_TrROS_Hall.pdb,T24A,23,0.0101289719107198,0.5899334,0.5798044234750224,0.5798044234750224
r15_550_TrROS_Hall.pdb,T24G,23,0.5812525557323536,1.2415818,0.6603292418674389,0.6603292418674389
r15_550_TrROS_Hall.pdb,T24M,23,0.007557720324133,0.30392638,0.29636865816440766,0.29636865816440766
r15_550_TrROS_Hall.pdb,T24L,23,-0.0733745186427041,0.26508194,0.33845646072415553,0.33845646072415553
r15_550_TrROS_Hall.pdb,T24V,23,-0.2058147036393336,-0.15675387,0.04906083577472484,0.04906083577472484
r15_550_TrROS_Hall.pdb,T24I,23,-0.0014180753476358,-0.15101871,-0.14960063359668488,0.14960063359668488
r15_550_TrROS_Hall.pdb,T24W,23,0.2603794922501583,0.031546026,-0.2288334657818813,0.2288334657818813
r15_550_TrROS_Hall.pdb,T24Y,23,0.0276557221431907,0.20202553,0.17436981057928244,0.17436981057928244
r15_550_TrROS_Hall.pdb,T24F,23,-0.057339248560142,0.15833262,0.21567186465091653,0.21567186465091653
r15_550_TrROS_Hall.pdb,T24P,23,1.5389835741409952,1.4957879,-0.043195715177982485,0.043195715177982485
r15_550_TrROS_Hall.pdb,T24C,23,0.2170134600567239,0.037733614,-0.17927984561199123,0.17927984561199123
r15_550_TrROS_Hall.pdb,I25Q,24,0.7832064434686377,1.2943395,0.5111330941519068,0.5111330941519068
r15_550_TrROS_Hall.pdb,I25E,24,1.272726673782067,1.8417599,0.5690332463381722,0.5690332463381722
r15_550_TrROS_Hall.pdb,I25N,24,1.1298406738743174,1.6037431,0.4739024024501455,0.4739024024501455
r15_550_TrROS_Hall.pdb,I25H,24,0.5856680236862615,0.99285185,0.40718382968440503,0.40718382968440503
r15_550_TrROS_Hall.pdb,I25D,24,1.6258574864616375,2.1750612,0.5492037394294758,0.5492037394294758
r15_550_TrROS_Hall.pdb,I25R,24,0.2024280546210306,0.9565388,0.7541107418038351,0.7541107418038351
r15_550_TrROS_Hall.pdb,I25K,24,0.407747445348857,1.0725721,0.6648246667345781,0.6648246667345781
r15_550_TrROS_Hall.pdb,I25T,24,0.5893944609312056,0.98814297,0.39874850629291547,0.39874850629291547
r15_550_TrROS_Hall.pdb,I25S,24,0.6749240515761961,1.4334295,0.758505428022803,0.758505428022803
r15_550_TrROS_Hall.pdb,I25A,24,0.6487903298313284,1.1594579,0.5106675921504831,0.5106675921504831
r15_550_TrROS_Hall.pdb,I25G,24,0.9143348420184484,1.8843508,0.9700159346539149,0.9700159346539149
r15_550_TrROS_Hall.pdb,I25M,24,-0.3399617731684756,0.36311018,0.7030719578379703,0.7030719578379703
r15_550_TrROS_Hall.pdb,I25L,24,0.1498023464221427,0.23281658,0.08301423053555992,0.08301423053555992
r15_550_TrROS_Hall.pdb,I25V,24,0.1471735912574967,0.3263948,0.17922120511396325,0.17922120511396325
r15_550_TrROS_Hall.pdb,I25W,24,-0.1468647003239365,0.30789894,0.4547636389797898,0.4547636389797898
r15_550_TrROS_Hall.pdb,I25Y,24,0.2794580719287047,0.22099489,-0.05846318219252916,0.05846318219252916
r15_550_TrROS_Hall.pdb,I25F,24,-0.134207686286194,0.30713153,0.4413392151405641,0.4413392151405641
r15_550_TrROS_Hall.pdb,I25P,24,1.6888291575841272,2.2193441,0.5305149815149939,0.5305149815149939
r15_550_TrROS_Hall.pdb,I25C,24,0.3118978984589873,0.29818404,-0.01371386125043017,0.01371386125043017
r15_550_TrROS_Hall.pdb,E26Q,25,-0.0840639519732873,0.13054107,0.21460502326902553,0.21460502326902553
r15_550_TrROS_Hall.pdb,E26N,25,0.1879350568344096,0.46431723,0.276382175535967,0.276382175535967
r15_550_TrROS_Hall.pdb,E26H,25,0.1602086650206002,-0.045368865,-0.20557753015293204,0.20557753015293204
r15_550_TrROS_Hall.pdb,E26D,25,0.2344830656645706,0.78974587,0.5552628015877792,0.5552628015877792
r15_550_TrROS_Hall.pdb,E26R,25,0.0175916829843778,0.21835156,0.2007598748664599,0.2007598748664599
r15_550_TrROS_Hall.pdb,E26K,25,-0.0371187719221843,0.28897598,0.32609475578029284,0.32609475578029284
r15_550_TrROS_Hall.pdb,E26T,25,0.0985538649192561,-0.04521224,-0.14376610394627942,0.14376610394627942
r15_550_TrROS_Hall.pdb,E26S,25,-0.2687344135963414,0.27376646,0.5425008716308568,0.5425008716308568
r15_550_TrROS_Hall.pdb,E26A,25,0.1381747880044583,0.24969296,0.11151817356914248,0.11151817356914248
r15_550_TrROS_Hall.pdb,E26G,25,0.271864816734241,0.8756137,0.6037488726883664,0.6037488726883664
r15_550_TrROS_Hall.pdb,E26M,25,-0.0090968164166707,-0.25669047,-0.24759365594775495,0.24759365594775495
r15_550_TrROS_Hall.pdb,E26L,25,-0.0123302945716323,-0.28416017,-0.27182987240720374,0.27182987240720374
r15_550_TrROS_Hall.pdb,E26V,25,0.0025646402153949,-0.46839383,-0.47095847266053953,0.47095847266053953
r15_550_TrROS_Hall.pdb,E26I,25,-0.0258577095282275,-0.5506234,-0.5247657073724072,0.5247657073724072
r15_550_TrROS_Hall.pdb,E26W,25,-0.0659435695684553,-0.47905025,-0.41310667929285755,0.41310667929285755
r15_550_TrROS_Hall.pdb,E26Y,25,0.0810081008014602,-0.5131189,-0.594127023511879,0.594127023511879
r15_550_TrROS_Hall.pdb,E26F,25,-0.0474163120663435,-0.4752924,-0.4278761023604601,0.4278761023604601
r15_550_TrROS_Hall.pdb,E26P,25,0.8775795998955047,1.316194,0.4386144575690949,0.4386144575690949
r15_550_TrROS_Hall.pdb,E26C,25,0.2390318846119807,-0.47903743,-0.7180693184746668,0.7180693184746668
r15_550_TrROS_Hall.pdb,V27Q,26,0.2633332710758687,1.0872742,0.8239409226878642,0.8239409226878642
r15_550_TrROS_Hall.pdb,V27E,26,0.5909597487943197,1.4424341,0.8514743237001872,0.8514743237001872
r15_550_TrROS_Hall.pdb,V27N,26,0.4543751314956488,1.3455293,0.8911541863601862,0.8911541863601862
r15_550_TrROS_Hall.pdb,V27H,26,0.2799420814470856,0.67949253,0.3995504517598541,0.3995504517598541
r15_550_TrROS_Hall.pdb,V27D,26,0.8452992782156521,1.7787697,0.9334704533059544,0.9334704533059544
r15_550_TrROS_Hall.pdb,V27R,26,0.2750202235724881,1.0306464,0.7556262197945163,0.7556262197945163
r15_550_TrROS_Hall.pdb,V27K,26,0.1914082039931433,1.074019,0.8826107512375696,0.8826107512375696
r15_550_TrROS_Hall.pdb,V27T,26,0.0134544226542274,0.83222044,0.8187660124882897,0.8187660124882897
r15_550_TrROS_Hall.pdb,V27S,26,0.2198214069893831,1.1861361,0.9663147195288664,0.9663147195288664
r15_550_TrROS_Hall.pdb,V27A,26,0.0612178261420801,0.8530878,0.7918699567177221,0.7918699567177221
r15_550_TrROS_Hall.pdb,V27G,26,0.1654938712625027,1.531077,1.3655831560583591,1.3655831560583591
r15_550_TrROS_Hall.pdb,V27M,26,-0.1007052820996667,0.21830654,0.31901182354253776,0.31901182354253776
r15_550_TrROS_Hall.pdb,V27L,26,-0.0183686854851181,0.15762666,0.17599534416317292,0.17599534416317292
r15_550_TrROS_Hall.pdb,V27I,26,-0.0970152035244833,-0.15122014,-0.05420493931685581,0.05420493931685581
r15_550_TrROS_Hall.pdb,V27W,26,0.0384925142300076,0.06313717,0.024644659422641324,0.024644659422641324
r15_550_TrROS_Hall.pdb,V27Y,26,0.0647941339184461,-0.051261365,-0.11605549933211187,0.11605549933211187
r15_550_TrROS_Hall.pdb,V27F,26,0.0223676330071036,0.050528824,0.02816119132227262,0.02816119132227262
r15_550_TrROS_Hall.pdb,V27P,26,1.122905142509108,1.7610438,0.6381386444934556,0.6381386444934556
r15_550_TrROS_Hall.pdb,V27C,26,0.2310856080046051,-0.021414816,-0.2525004243841522,0.2525004243841522
r15_550_TrROS_Hall.pdb,E28Q,27,0.138208039437397,0.080493934,-0.05771410498486329,0.05771410498486329
r15_550_TrROS_Hall.pdb,E28N,27,0.0120448732689695,0.29339194,0.28134706970893575,0.28134706970893575
r15_550_TrROS_Hall.pdb,E28H,27,0.2333303148691046,0.09548414,-0.1378461773340094,0.1378461773340094
r15_550_TrROS_Hall.pdb,E28D,27,0.0861950214311537,0.43274215,0.3465471272066179,0.3465471272066179
r15_550_TrROS_Hall.pdb,E28R,27,0.8530539056776885,0.09686374,-0.7561901664852027,0.7561901664852027
r15_550_TrROS_Hall.pdb,E28K,27,0.2154107331818888,0.10321702,-0.11219371255105232,0.11219371255105232
r15_550_TrROS_Hall.pdb,E28T,27,-0.1757529419878452,0.09891266,0.27466559829506565,0.27466559829506565
r15_550_TrROS_Hall.pdb,E28S,27,0.1662634141390029,0.1278137,-0.0384497172777358,0.0384497172777358
r15_550_TrROS_Hall.pdb,E28A,27,0.0028438063153046,0.03945642,0.03661261333143536,0.03661261333143536
r15_550_TrROS_Hall.pdb,E28G,27,-0.0483911723671202,0.44372913,0.49212030478098434,0.49212030478098434
r15_550_TrROS_Hall.pdb,E28M,27,-0.0840369789019188,0.051662162,0.1356991408482155,0.1356991408482155
r15_550_TrROS_Hall.pdb,E28L,27,-0.2270474294361708,0.12445126,0.35149868672462675,0.35149868672462675
r15_550_TrROS_Hall.pdb,E28V,27,0.1327494411169851,-0.070622735,-0.20337217584246042,0.20337217584246042
r15_550_TrROS_Hall.pdb,E28I,27,-0.0525869674757419,-0.022198468,0.030388499029010335,0.030388499029010335
r15_550_TrROS_Hall.pdb,E28W,27,-0.2618455353054738,-0.01977098,0.24207455542418715,0.24207455542418715
r15_550_TrROS_Hall.pdb,E28Y,27,-0.2390444458734677,0.0022772849,0.24132173073407867,0.24132173073407867
r15_550_TrROS_Hall.pdb,E28F,27,-0.0411498901598683,0.0088428855,0.04999277565410048,0.04999277565410048
r15_550_TrROS_Hall.pdb,E28P,27,0.0552204484069447,0.6638779,0.6086574560081859,0.6086574560081859
r15_550_TrROS_Hall.pdb,E28C,27,0.2475207206772403,-0.16037723,-0.40789795489774505,0.40789795489774505
r15_550_TrROS_Hall.pdb,G29Q,28,0.4302676468496251,0.57049453,0.14022688573551895,0.14022688573551895
r15_550_TrROS_Hall.pdb,G29E,28,0.2083346771212157,0.5864314,0.3780967069653932,0.3780967069653932
r15_550_TrROS_Hall.pdb,G29N,28,-0.0883368446812156,0.17258185,0.26091869616360697,0.26091869616360697
r15_550_TrROS_Hall.pdb,G29H,28,0.0355348990677164,0.544905,0.5093701078178121,0.5093701078178121
r15_550_TrROS_Hall.pdb,G29D,28,0.0811177440730164,0.35089198,0.2697742334755828,0.2697742334755828
r15_550_TrROS_Hall.pdb,G29R,28,0.2110196571259806,0.6692579,0.45823822213122156,0.45823822213122156
r15_550_TrROS_Hall.pdb,G29K,28,-0.0017967405388343,0.595475,0.5972717585632789,0.5972717585632789
r15_550_TrROS_Hall.pdb,G29T,28,0.1558926356981249,0.91844285,0.7625502096464185,0.7625502096464185
r15_550_TrROS_Hall.pdb,G29S,28,-0.0878649246617024,0.5973236,0.6851885211392109,0.6851885211392109
r15_550_TrROS_Hall.pdb,G29A,28,-0.0018696633523056,0.6759597,0.6778293696587632,0.6778293696587632
r15_550_TrROS_Hall.pdb,G29M,28,0.187536276200591,0.6787136,0.4911773435084239,0.4911773435084239
r15_550_TrROS_Hall.pdb,G29L,28,0.4332339498922843,0.6898303,0.25659635329985436,0.25659635329985436
r15_550_TrROS_Hall.pdb,G29V,28,0.4854027120410826,1.0279825,0.5425797613323304,0.5425797613323304
r15_550_TrROS_Hall.pdb,G29I,28,0.3344053675394693,1.0171008,0.6826954434651693,0.6826954434651693
r15_550_TrROS_Hall.pdb,G29W,28,0.090317150717988,0.6817249,0.5914077552497244,0.5914077552497244
r15_550_TrROS_Hall.pdb,G29Y,28,0.0851889090535493,0.67238986,0.5872009558680206,0.5872009558680206
r15_550_TrROS_Hall.pdb,G29F,28,0.2032358636057925,0.599609,0.39637315376633886,0.39637315376633886
r15_550_TrROS_Hall.pdb,G29P,28,0.1673911897338396,1.1769967,1.0096055181824202,1.0096055181824202
r15_550_TrROS_Hall.pdb,G29C,28,0.3312289579822733,0.16927278,-0.1619561775638773,0.1619561775638773
r15_550_TrROS_Hall.pdb,M30Q,29,0.0446888507171783,0.75605893,0.7113700806335297,0.7113700806335297
r15_550_TrROS_Hall.pdb,M30E,29,0.1086877717824741,1.2101612,1.1014734373239712,1.1014734373239712
r15_550_TrROS_Hall.pdb,M30N,29,-0.045871284908717,0.95426553,1.0001368197864942,1.0001368197864942
r15_550_TrROS_Hall.pdb,M30H,29,0.0707938174667166,0.7072039,0.6364101071891977,0.6364101071891977
r15_550_TrROS_Hall.pdb,M30D,29,0.3395606033093319,1.4361229,1.0965622909777775,1.0965622909777775
r15_550_TrROS_Hall.pdb,M30R,29,0.3107134844173504,0.49917272,0.18845923291548955,0.18845923291548955
r15_550_TrROS_Hall.pdb,M30K,29,0.0769908815011763,0.4882899,0.41129901117231615,0.41129901117231615
r15_550_TrROS_Hall.pdb,M30T,29,0.3989266184595932,0.81378084,0.41485422575198516,0.41485422575198516
r15_550_TrROS_Hall.pdb,M30S,29,0.2304897136600967,0.9163146,0.6858248882380966,0.6858248882380966
r15_550_TrROS_Hall.pdb,M30A,29,0.2078484774246396,0.5973933,0.38954479688261134,0.38954479688261134
r15_550_TrROS_Hall.pdb,M30G,29,-0.0420749762394834,0.98925203,1.0313270070889402,1.0313270070889402
r15_550_TrROS_Hall.pdb,M30L,29,0.1429711662106214,0.07311952,-0.06985164506956915,0.06985164506956915
r15_550_TrROS_Hall.pdb,M30V,29,0.1483632476256478,0.5007777,0.3524144737793815,0.3524144737793815
r15_550_TrROS_Hall.pdb,M30I,29,-0.0371390900564065,0.2073203,0.24445939278124476,0.24445939278124476
r15_550_TrROS_Hall.pdb,M30W,29,-0.1665866654613648,0.35315496,0.5197416227558289,0.5197416227558289
r15_550_TrROS_Hall.pdb,M30Y,29,-0.1649320152790272,0.2997885,0.4647205201179707,0.4647205201179707
r15_550_TrROS_Hall.pdb,M30F,29,0.0116150990207355,0.1772728,0.1656576976101239,0.1656576976101239
r15_550_TrROS_Hall.pdb,M30P,29,0.3469588742077443,1.2003185,0.8533595814883617,0.8533595814883617
r15_550_TrROS_Hall.pdb,M30C,29,0.2218388042209556,0.1102373,-0.11160150382499001,0.11160150382499001
r15_550_TrROS_Hall.pdb,S31Q,30,0.0285803856669559,0.5272156,0.498635214346777,0.498635214346777
r15_550_TrROS_Hall.pdb,S31E,30,0.1840044609311366,0.5384731,0.35446866834132434,0.35446866834132434
r15_550_TrROS_Hall.pdb,S31N,30,0.1750815441338513,0.18712899,0.012047446754744284,0.012047446754744284
r15_550_TrROS_Hall.pdb,S31H,30,0.2351343185750201,0.4571544,0.22202007462108586,0.22202007462108586
r15_550_TrROS_Hall.pdb,S31D,30,0.1052149742995718,0.3131417,0.20792672930608005,0.20792672930608005
r15_550_TrROS_Hall.pdb,S31R,30,0.0927895604680442,0.46886206,0.3760724962641335,0.3760724962641335
r15_550_TrROS_Hall.pdb,S31K,30,0.0202086965800525,0.38303047,0.3628217776058911,0.3628217776058911
r15_550_TrROS_Hall.pdb,S31T,30,0.1998011078714148,0.00398916,-0.19581194781053224,0.19581194781053224
r15_550_TrROS_Hall.pdb,S31A,30,0.2541390111522812,0.38355762,0.12941860651205594,0.12941860651205594
r15_550_TrROS_Hall.pdb,S31G,30,-0.1189087564524262,0.4754056,0.5943143600996582,0.5943143600996582
r15_550_TrROS_Hall.pdb,S31M,30,0.1214942247795107,0.58176684,0.46027261901626565,0.46027261901626565
r15_550_TrROS_Hall.pdb,S31L,30,0.1803513201334272,0.5010015,0.3206501571080889,0.3206501571080889
r15_550_TrROS_Hall.pdb,S31V,30,0.0522267163897218,0.5477489,0.49552220691197496,0.49552220691197496
r15_550_TrROS_Hall.pdb,S31I,30,0.1319072600449251,0.58848727,0.45658000744927657,0.45658000744927657
r15_550_TrROS_Hall.pdb,S31W,30,0.0414735521363986,0.52954066,0.48806710586073276,0.48806710586073276
r15_550_TrROS_Hall.pdb,S31Y,30,-0.0394901681809702,0.5300723,0.5695624400048532,0.5695624400048532
r15_550_TrROS_Hall.pdb,S31F,30,0.2396974811578891,0.5936314,0.35393390559900784,0.35393390559900784
r15_550_TrROS_Hall.pdb,S31P,30,-0.0341724142664503,0.467304,0.5014764055841994,0.5014764055841994
r15_550_TrROS_Hall.pdb,S31C,30,0.2939199947863269,0.21166718,-0.08225281472498658,0.08225281472498658
r15_550_TrROS_Hall.pdb,E32Q,31,-0.0436515160360508,0.11606467,0.159716183737772,0.159716183737772
r15_550_TrROS_Hall.pdb,E32N,31,-0.2631971973028024,0.30417988,0.5673770743455728,0.5673770743455728
r15_550_TrROS_Hall.pdb,E32H,31,-0.0798683625488028,-0.012557536,0.06731082618520111,0.06731082618520111
r15_550_TrROS_Hall.pdb,E32D,31,0.0409837784483713,0.52854174,0.48755796530696927,0.48755796530696927
r15_550_TrROS_Hall.pdb,E32R,31,0.1491584429260211,0.052546218,-0.09661222488841581,0.09661222488841581
r15_550_TrROS_Hall.pdb,E32K,31,0.0625316388262451,0.101470366,0.03893872729409334,0.03893872729409334
r15_550_TrROS_Hall.pdb,E32T,31,-0.2123087178529488,0.06698057,0.2792892884076821,0.2792892884076821
r15_550_TrROS_Hall.pdb,E32S,31,-0.0429995784980707,0.3092913,0.3522908816558771,0.3522908816558771
r15_550_TrROS_Hall.pdb,E32A,31,0.039214766578457,0.031881936,-0.007332830683967714,0.007332830683967714
r15_550_TrROS_Hall.pdb,E32G,31,0.2166170544439953,0.5617384,0.3451213174050648,0.3451213174050648
r15_550_TrROS_Hall.pdb,E32M,31,-0.1478021032467635,-0.17368808,-0.02588598064033673,0.02588598064033673
r15_550_TrROS_Hall.pdb,E32L,31,-0.0213348756531148,-0.3692884,-0.34795353906360577,0.34795353906360577
r15_550_TrROS_Hall.pdb,E32V,31,-0.2164034807303991,-0.45344064,-0.23703715566600897,0.23703715566600897
r15_550_TrROS_Hall.pdb,E32I,31,-0.1655717272671895,-0.5232347,-0.3576629977312846,0.3576629977312846
r15_550_TrROS_Hall.pdb,E32W,31,0.0524332666832698,-0.4991299,-0.5515631580788386,0.5515631580788386
r15_550_TrROS_Hall.pdb,E32Y,31,0.0565970904812989,-0.46358013,-0.5201772220120606,0.5201772220120606
r15_550_TrROS_Hall.pdb,E32F,31,0.0339616433998202,-0.3809651,-0.41492675703965176,0.41492675703965176
r15_550_TrROS_Hall.pdb,E32P,31,-0.2348457119679725,0.2842002,0.5190459034657753,0.5190459034657753
r15_550_TrROS_Hall.pdb,E32C,31,0.2512654842397932,-0.39739063,-0.6486561180612807,0.6486561180612807
r15_550_TrROS_Hall.pdb,E33Q,32,-0.2995431160024946,0.16448344,0.4640265589050596,0.4640265589050596
r15_550_TrROS_Hall.pdb,E33N,32,-0.1766388236660656,0.2829816,0.45962042800375785,0.45962042800375785
r15_550_TrROS_Hall.pdb,E33H,32,-0.3351950686122578,0.26086482,0.5960598926688832,0.5960598926688832
r15_550_TrROS_Hall.pdb,E33D,32,-0.0981823278947349,0.19792898,0.2961113078876014,0.2961113078876014
r15_550_TrROS_Hall.pdb,E33R,32,-0.2693578555626557,0.26850277,0.5378606274170563,0.5378606274170563
r15_550_TrROS_Hall.pdb,E33K,32,0.0907149543825429,0.19006117,0.09934621249997205,0.09934621249997205
r15_550_TrROS_Hall.pdb,E33T,32,-0.2644875324025868,0.30430788,0.5687954104200124,0.5687954104200124
r15_550_TrROS_Hall.pdb,E33S,32,-0.357737265758133,0.17424011,0.5319773780628205,0.5319773780628205
r15_550_TrROS_Hall.pdb,E33A,32,-0.2465122382214719,0.031291544,0.27780378265888034,0.27780378265888034
r15_550_TrROS_Hall.pdb,E33G,32,0.0179991259235565,0.31110966,0.2931105361324127,0.2931105361324127
r15_550_TrROS_Hall.pdb,E33M,32,-0.2769146498636265,0.21965423,0.4965688821271916,0.4965688821271916
r15_550_TrROS_Hall.pdb,E33L,32,-0.3774400016408279,0.20844808,0.5858880838494613,0.5858880838494613
r15_550_TrROS_Hall.pdb,E33V,32,-0.3983474023972642,0.30592233,0.704269731823076,0.704269731823076
r15_550_TrROS_Hall.pdb,E33I,32,-0.0404684708791673,0.32906502,0.36953349573191996,0.36953349573191996
r15_550_TrROS_Hall.pdb,E33Y,32,-0.2401654196288554,0.3057632,0.5459286344554393,0.5459286344554393
r15_550_TrROS_Hall.pdb,E33F,32,-0.4741528458877617,0.3502651,0.8244179315849358,0.8244179315849358
r15_550_TrROS_Hall.pdb,E33P,32,-0.0052726224693309,0.5060406,0.5113131955894481,0.5113131955894481
r15_550_TrROS_Hall.pdb,E33C,32,-0.0587196496990634,0.025253415,0.08397306480679045,0.08397306480679045
r15_550_TrROS_Hall.pdb,E34Q,33,-0.3958897202953588,-0.06235066,0.33353905973284353,0.33353905973284353
r15_550_TrROS_Hall.pdb,E34N,33,-0.0699529897278914,0.57109135,0.6410443436211715,0.6410443436211715
r15_550_TrROS_Hall.pdb,E34H,33,0.0914676968188654,0.37621704,0.2847493406204809,0.2847493406204809
r15_550_TrROS_Hall.pdb,E34D,33,0.1608665855191962,0.45825666,0.29739007637274106,0.29739007637274106
r15_550_TrROS_Hall.pdb,E34R,33,-0.2001701495186276,0.29324585,0.4934160015121884,0.4934160015121884
r15_550_TrROS_Hall.pdb,E34K,33,-0.2477466178745846,0.19668075,0.4444273722977261,0.4444273722977261
r15_550_TrROS_Hall.pdb,E34T,33,-0.2599306397339278,0.41155672,0.6714873604675704,0.6714873604675704
r15_550_TrROS_Hall.pdb,E34S,33,-0.0696167428570486,0.40200576,0.47162250471884976,0.47162250471884976
r15_550_TrROS_Hall.pdb,E34A,33,-0.3340484409261526,0.12740389,0.4614523260522665,0.4614523260522665
r15_550_TrROS_Hall.pdb,E34G,33,-0.1275188283082666,0.79614913,0.923667962944192,0.923667962944192
r15_550_TrROS_Hall.pdb,E34M,33,-0.2175198635724378,0.07826871,0.29578857037099127,0.29578857037099127
r15_550_TrROS_Hall.pdb,E34L,33,-0.1879400295224353,0.32626873,0.5142087620701953,0.5142087620701953
r15_550_TrROS_Hall.pdb,E34V,33,-0.273989212219595,0.37122846,0.6452176687167874,0.6452176687167874
r15_550_TrROS_Hall.pdb,E34I,33,-0.4074761855890498,0.2793701,0.6868462848951564,0.6868462848951564
r15_550_TrROS_Hall.pdb,E34Y,33,-0.4128034638303992,0.38488612,0.7976895796198127,0.7976895796198127
r15_550_TrROS_Hall.pdb,E34F,33,-0.3981365808951409,0.32843745,0.7265740284430535,0.7265740284430535
r15_550_TrROS_Hall.pdb,E34P,33,0.6163453087327935,1.6292322,1.0128868594648384,1.0128868594648384
r15_550_TrROS_Hall.pdb,E34C,33,0.0750182810518484,0.045203537,-0.0298147443029623,0.0298147443029623
r15_550_TrROS_Hall.pdb,L35Q,34,0.7829971809674636,1.8040657,1.0210685233782395,1.0210685233782395
r15_550_TrROS_Hall.pdb,L35E,34,1.7895896803412974,2.5163841,0.726794444414562,0.726794444414562
r15_550_TrROS_Hall.pdb,L35N,34,1.4040801353771115,2.0537794,0.6496992282550906,0.6496992282550906
r15_550_TrROS_Hall.pdb,L35H,34,0.6677894064363317,1.5468452,0.8790557912412806,0.8790557912412806
r15_550_TrROS_Hall.pdb,L35D,34,2.0604312635686526,2.4884014,0.4279701493952146,0.4279701493952146
r15_550_TrROS_Hall.pdb,L35R,34,0.7837844631630415,1.6511835,0.8673990228217607,0.8673990228217607
r15_550_TrROS_Hall.pdb,L35K,34,1.237258488641931,1.7856154,0.5483569555414185,0.5483569555414185
r15_550_TrROS_Hall.pdb,L35T,34,-0.0763165810914623,1.5685178,1.6448343852372753,1.6448343852372753
r15_550_TrROS_Hall.pdb,L35S,34,0.1042881029559055,1.9169717,1.8126835805462918,1.8126835805462918
r15_550_TrROS_Hall.pdb,L35A,34,0.0176101430305397,1.4493096,1.431699444448098,1.431699444448098
r15_550_TrROS_Hall.pdb,L35G,34,-0.012290528038771,2.0249476,2.0372381713188004,2.0372381713188004
r15_550_TrROS_Hall.pdb,L35M,34,-0.1533068774808423,0.5391424,0.6924492477048413,0.6924492477048413
r15_550_TrROS_Hall.pdb,L35V,34,-0.021208152147718,0.74340767,0.764615818830915,0.764615818830915
r15_550_TrROS_Hall.pdb,L35I,34,-0.0902402949490888,0.22214031,0.312380607143913,0.312380607143913
r15_550_TrROS_Hall.pdb,L35W,34,0.1128989136961209,1.1551595,1.0422605597230685,1.0422605597230685
r15_550_TrROS_Hall.pdb,L35Y,34,0.2992609234543595,0.9929908,0.6937298683432784,0.6937298683432784
r15_550_TrROS_Hall.pdb,L35F,34,0.1686663604965392,0.9481906,0.77952426898573,0.77952426898573
r15_550_TrROS_Hall.pdb,L35P,34,0.6417669684777136,2.5839634,1.9421964256873254,1.9421964256873254
r15_550_TrROS_Hall.pdb,L35C,34,0.1887408491904896,0.74451834,0.555777490443452,0.555777490443452
r15_550_TrROS_Hall.pdb,L36Q,35,0.2163126339629517,0.83380455,0.6174919138237609,0.6174919138237609
r15_550_TrROS_Hall.pdb,L36E,35,0.3332964386013088,1.1593106,0.8260141406986179,0.8260141406986179
r15_550_TrROS_Hall.pdb,L36N,35,0.2856015381340757,1.1099161,0.8243145528311953,0.8243145528311953
r15_550_TrROS_Hall.pdb,L36H,35,0.3388219064565607,0.73519886,0.39637694894352477,0.39637694894352477
r15_550_TrROS_Hall.pdb,L36D,35,0.3962970058013404,1.6088474,1.2125503738831078,1.2125503738831078
r15_550_TrROS_Hall.pdb,L36R,35,0.0276340453252696,0.47162956,0.4439955146684743,0.4439955146684743
r15_550_TrROS_Hall.pdb,L36K,35,0.2177175556187531,0.7147829,0.4970653380389312,0.4970653380389312
r15_550_TrROS_Hall.pdb,L36T,35,0.2752442481019947,0.67070574,0.39546148758144645,0.39546148758144645
r15_550_TrROS_Hall.pdb,L36S,35,0.3258598508147772,0.9749925,0.649132662841839,0.649132662841839
r15_550_TrROS_Hall.pdb,L36A,35,0.203150834945883,0.7642462,0.5610953904111726,0.5610953904111726
r15_550_TrROS_Hall.pdb,L36G,35,0.3952908725527972,1.548407,1.1531160860272198,1.1531160860272198
r15_550_TrROS_Hall.pdb,L36M,35,-0.0263621229703918,0.2498357,0.27619782276706845,0.27619782276706845
r15_550_TrROS_Hall.pdb,L36V,35,0.0611004701976538,0.33343366,0.272333187686944,0.272333187686944
r15_550_TrROS_Hall.pdb,L36I,35,0.1071389468406218,-0.01996535,-0.12710429746852098,0.12710429746852098
r15_550_TrROS_Hall.pdb,L36W,35,-0.4142480919292985,0.16147536,0.5757234523228227,0.5757234523228227
r15_550_TrROS_Hall.pdb,L36Y,35,-0.4944052173296418,0.19319475,0.6875999643007722,0.6875999643007722
r15_550_TrROS_Hall.pdb,L36F,35,-0.1018351616716124,0.32852447,0.43035963200089705,0.43035963200089705
r15_550_TrROS_Hall.pdb,L36P,35,0.7265604029424777,2.239911,1.5133506764642606,1.5133506764642606
r15_550_TrROS_Hall.pdb,L36C,35,0.1962332753510436,0.22798797,0.03175469953108226,0.03175469953108226
r15_550_TrROS_Hall.pdb,A37Q,36,0.0025109801428637,0.082439035,0.07992805503436713,0.07992805503436713
r15_550_TrROS_Hall.pdb,A37E,36,0.3748798772235933,0.28013623,-0.09474364961586623,0.09474364961586623
r15_550_TrROS_Hall.pdb,A37N,36,-0.0026296331133597,0.2843877,0.2870173408236258,0.2870173408236258
r15_550_TrROS_Hall.pdb,A37H,36,-0.0577513808484067,0.25375545,0.31150683109712496,0.31150683109712496
r15_550_TrROS_Hall.pdb,A37D,36,0.1941102302994188,0.492214,0.2981037639651839,0.2981037639651839
r15_550_TrROS_Hall.pdb,A37R,36,-0.2514587905251852,-0.08689904,0.16455974839566861,0.16455974839566861
r15_550_TrROS_Hall.pdb,A37K,36,-0.1859252616109374,-0.05615729,0.12976797067542103,0.12976797067542103
r15_550_TrROS_Hall.pdb,A37T,36,-0.1404368420764683,0.31899923,0.45943607293813216,0.45943607293813216
r15_550_TrROS_Hall.pdb,A37S,36,0.0910742518823104,0.25505075,0.16397649670434428,0.16397649670434428
r15_550_TrROS_Hall.pdb,A37G,36,-0.0794061562187034,0.5148243,0.5942304274207908,0.5942304274207908
r15_550_TrROS_Hall.pdb,A37M,36,-0.0260215319170535,-0.0250462,0.0009753323568880944,0.0009753323568880944
r15_550_TrROS_Hall.pdb,A37L,36,-0.0382976938394392,0.039586455,0.07788414846933728,0.07788414846933728
r15_550_TrROS_Hall.pdb,A37V,36,-0.1865956636743053,0.28904915,0.4756448122338756,0.4756448122338756
r15_550_TrROS_Hall.pdb,A37I,36,-0.0589393222285163,0.070869416,0.12980873822697517,0.12980873822697517
r15_550_TrROS_Hall.pdb,A37W,36,-0.1145064075592934,0.20772626,0.32223266261853567,0.32223266261853567
r15_550_TrROS_Hall.pdb,A37Y,36,-0.1905678940459214,0.2138502,0.4044180942221604,0.4044180942221604
r15_550_TrROS_Hall.pdb,A37F,36,-0.4839852356451075,0.219083,0.7030682318943065,0.7030682318943065
r15_550_TrROS_Hall.pdb,A37P,36,0.7484496950237798,1.4292982,0.6808484674365474,0.6808484674365474
r15_550_TrROS_Hall.pdb,A37C,36,0.0115334337454076,-0.010753572,-0.0222870057325597,0.0222870057325597
r15_550_TrROS_Hall.pdb,L38Q,37,0.6656421767097487,1.0452619,0.37961968318405015,0.37961968318405015
r15_550_TrROS_Hall.pdb,L38E,37,1.0004216424216206,1.4929528,0.49253118121729544,0.49253118121729544
r15_550_TrROS_Hall.pdb,L38N,37,0.7338297872392006,1.2668159,0.5329861135634117,0.5329861135634117
r15_550_TrROS_Hall.pdb,L38H,37,0.3422667324306729,0.70311934,0.36085260512807343,0.36085260512807343
r15_550_TrROS_Hall.pdb,L38D,37,1.8375537308424212,1.7774081,-0.06014560782606382,0.06014560782606382
r15_550_TrROS_Hall.pdb,L38R,37,-0.0859350308339266,0.7009517,0.7868867262761263,0.7868867262761263
r15_550_TrROS_Hall.pdb,L38K,37,0.2006106712143252,0.83290327,0.6322925947387388,0.6322925947387388
r15_550_TrROS_Hall.pdb,L38T,37,0.4111324087649617,0.87798464,0.4668522342175212,0.4668522342175212
r15_550_TrROS_Hall.pdb,L38S,37,0.6142232398740157,1.1238238,0.5096005220659867,0.5096005220659867
r15_550_TrROS_Hall.pdb,L38A,37,0.4211148603704542,0.75459856,0.33348369757861196,0.33348369757861196
r15_550_TrROS_Hall.pdb,L38G,37,0.8214730300409547,1.311316,0.4898429832952269,0.4898429832952269
r15_550_TrROS_Hall.pdb,L38M,37,-0.1019171152230864,0.054457903,0.15637501813141158,0.15637501813141158
r15_550_TrROS_Hall.pdb,L38V,37,0.2587739368335384,0.4350862,0.17631225386699262,0.17631225386699262
r15_550_TrROS_Hall.pdb,L38I,37,-0.0869042887892188,0.16626644,0.25317073013443364,0.25317073013443364
r15_550_TrROS_Hall.pdb,L38W,37,-0.3296168450018735,0.024662435,0.35427928005665255,0.35427928005665255
r15_550_TrROS_Hall.pdb,L38Y,37,-0.3150460447180379,-0.108882606,0.20616343868852738,0.20616343868852738
r15_550_TrROS_Hall.pdb,L38F,37,-0.2835056967005753,0.008323908,0.29182960455274815,0.29182960455274815
r15_550_TrROS_Hall.pdb,L38P,37,1.2564859490237126,1.883737,0.6272510190167537,0.6272510190167537
r15_550_TrROS_Hall.pdb,L38C,37,0.3002492521767124,0.06597322,-0.2342760299210056,0.2342760299210056
r15_550_TrROS_Hall.pdb,A39Q,38,0.4524096405029212,1.3396595,0.8872498119354333,0.8872498119354333
r15_550_TrROS_Hall.pdb,A39E,38,0.748336477227252,1.6757762,0.9274397659825868,0.9274397659825868
r15_550_TrROS_Hall.pdb,A39N,38,1.0927960391606693,1.6484318,0.5556357387934323,0.5556357387934323
r15_550_TrROS_Hall.pdb,A39H,38,0.6352165789829289,1.2001568,0.5649402289165462,0.5649402289165462
r15_550_TrROS_Hall.pdb,A39D,38,1.835719719843864,1.8935306,0.05781088737964679,0.05781088737964679
r15_550_TrROS_Hall.pdb,A39R,38,0.2682943407819902,1.3912396,1.1229453023149336,1.1229453023149336
r15_550_TrROS_Hall.pdb,A39K,38,0.2930865776071094,1.4805186,1.1874320018759228,1.1874320018759228
r15_550_TrROS_Hall.pdb,A39T,38,0.1822471858341785,0.9394785,0.7572313307444958,0.7572313307444958
r15_550_TrROS_Hall.pdb,A39S,38,0.2023851680675097,0.7987465,0.5963613581737928,0.5963613581737928
r15_550_TrROS_Hall.pdb,A39G,38,0.4491880082893953,1.3177589,0.8685709095191374,0.8685709095191374
r15_550_TrROS_Hall.pdb,A39M,38,-0.2334827077945371,0.39733708,0.6308197868426938,0.6308197868426938
r15_550_TrROS_Hall.pdb,A39L,38,0.0163755536757053,0.30144197,0.2850664138116299,0.2850664138116299
r15_550_TrROS_Hall.pdb,A39V,38,-0.2713482457568821,0.5424359,0.8137841302325901,0.8137841302325901
r15_550_TrROS_Hall.pdb,A39I,38,0.1359100078186497,0.23176175,0.09585174574046285,0.09585174574046285
r15_550_TrROS_Hall.pdb,A39W,38,-0.1537192329037218,0.35852933,0.5122485622036486,0.5122485622036486
r15_550_TrROS_Hall.pdb,A39Y,38,-0.2287912513715451,0.46149892,0.6902901675206845,0.6902901675206845
r15_550_TrROS_Hall.pdb,A39F,38,-0.0761440853859944,0.4062569,0.4824009995247883,0.4824009995247883
r15_550_TrROS_Hall.pdb,A39P,38,0.9979787726625586,1.988363,0.9903842549100732,0.9903842549100732
r15_550_TrROS_Hall.pdb,A39C,38,0.1354436967653782,0.22133994,0.08589624425940207,0.08589624425940207
r15_550_TrROS_Hall.pdb,R40Q,39,0.3127406088113673,0.48994732,0.17720671021939444,0.17720671021939444
r15_550_TrROS_Hall.pdb,R40E,39,0.5614206760276277,0.6661713,0.10475063630452564,0.10475063630452564
r15_550_TrROS_Hall.pdb,R40N,39,0.4492171329545948,0.5322089,0.08299178657055167,0.08299178657055167
r15_550_TrROS_Hall.pdb,R40H,39,0.4446878001237744,0.23040837,-0.21427942962893187,0.21427942962893187
r15_550_TrROS_Hall.pdb,R40D,39,0.6563665988277245,1.0423522,0.38598560072671884,0.38598560072671884
r15_550_TrROS_Hall.pdb,R40K,39,0.3456354638848999,0.26522124,-0.0804142257486084,0.0804142257486084
r15_550_TrROS_Hall.pdb,R40T,39,0.2062177516004482,0.42787182,0.22165407171040385,0.22165407171040385
r15_550_TrROS_Hall.pdb,R40S,39,0.3029761559074853,0.4758619,0.17288575109782478,0.17288575109782478
r15_550_TrROS_Hall.pdb,R40A,39,0.3957654811530702,0.34336293,-0.052402553716241584,0.052402553716241584
r15_550_TrROS_Hall.pdb,R40G,39,0.398231654806942,0.86574376,0.4675121014873085,0.4675121014873085
r15_550_TrROS_Hall.pdb,R40M,39,-0.1717692742405541,0.10781631,0.27958558297735525,0.27958558297735525
r15_550_TrROS_Hall.pdb,R40L,39,0.0815183173288129,0.089049,0.007530679238913235,0.007530679238913235
r15_550_TrROS_Hall.pdb,R40V,39,0.2142220015059095,0.20128578,-0.012936222029743732,0.012936222029743732
r15_550_TrROS_Hall.pdb,R40I,39,0.1963710733306971,0.034103036,-0.16226803740387824,0.16226803740387824
r15_550_TrROS_Hall.pdb,R40W,39,-0.2215533519280592,-0.090248555,0.13130479698306713,0.13130479698306713
r15_550_TrROS_Hall.pdb,R40Y,39,-0.2352475050428646,-0.1091747,0.1260728064516323,0.1260728064516323
r15_550_TrROS_Hall.pdb,R40F,39,0.2145750042931808,-0.0043500364,-0.21892504067585597,0.21892504067585597
r15_550_TrROS_Hall.pdb,R40P,39,1.3478579829892283,1.7198439,0.37198588145168965,0.37198588145168965
r15_550_TrROS_Hall.pdb,R40C,39,0.696115995643829,-0.019551039,-0.7156670343858944,0.7156670343858944
r15_550_TrROS_Hall.pdb,E41Q,40,-0.2436274733348824,-0.04573255,0.19789492301187292,0.19789492301187292
r15_550_TrROS_Hall.pdb,E41N,40,-0.2596256741963039,0.17274001,0.43236568660360675,0.43236568660360675
r15_550_TrROS_Hall.pdb,E41H,40,-0.1607744712112886,-0.0043709874,0.15640348379597488,0.15640348379597488
r15_550_TrROS_Hall.pdb,E41D,40,-0.1368172055711269,0.3384059,0.4752231127252101,0.4752231127252101
r15_550_TrROS_Hall.pdb,E41K,40,-0.3097259138981458,-0.11155792,0.19816799064079488,0.19816799064079488
r15_550_TrROS_Hall.pdb,E41S,40,-0.2688477075530127,0.04049201,0.30933971692453177,0.30933971692453177
r15_550_TrROS_Hall.pdb,E41A,40,-0.4447801057450586,-0.15818626,0.28659384885953004,0.28659384885953004
r15_550_TrROS_Hall.pdb,E41G,40,-0.0941003716894348,0.3534282,0.4475285864778717,0.4475285864778717
r15_550_TrROS_Hall.pdb,E41M,40,-0.1653604948807832,-0.24221724,-0.07685674783695973,0.07685674783695973
r15_550_TrROS_Hall.pdb,E41V,40,-0.373013028897958,0.017805576,0.3908186052224209,0.3908186052224209
r15_550_TrROS_Hall.pdb,E41I,40,-0.2624418036775306,-0.13317218,0.12926961944863352,0.12926961944863352
r15_550_TrROS_Hall.pdb,E41W,40,-0.1705578362188946,-0.18645194,-0.01589410550969733,0.01589410550969733
r15_550_TrROS_Hall.pdb,E41Y,40,-0.2235183202722437,-0.17921263,0.04430569047716923,0.04430569047716923
r15_550_TrROS_Hall.pdb,E41P,40,0.8341729629602255,1.3302221,0.49604916686155187,0.49604916686155187
r15_550_TrROS_Hall.pdb,E41C,40,-0.2254044571435267,-0.32415676,-0.0987523040259069,0.0987523040259069
r15_550_TrROS_Hall.pdb,L42Q,41,0.4022999592240079,0.86517906,0.46287910266564053,0.46287910266564053
r15_550_TrROS_Hall.pdb,L42E,41,1.1412534850035598,1.330178,0.18892453738108372,0.18892453738108372
r15_550_TrROS_Hall.pdb,L42N,41,0.9039456090865272,1.2357714,0.33182580853127064,0.33182580853127064
r15_550_TrROS_Hall.pdb,L42H,41,-0.0046555139207775,0.7180859,0.72274139896869,0.72274139896869
r15_550_TrROS_Hall.pdb,L42D,41,1.8225092205546491,1.66624,-0.15626924367171457,0.15626924367171457
r15_550_TrROS_Hall.pdb,L42R,41,-0.0324252655845196,0.57640374,0.6088290026526959,0.6088290026526959
r15_550_TrROS_Hall.pdb,L42K,41,0.4013925128197888,0.69994575,0.2985532350325366,0.2985532350325366
r15_550_TrROS_Hall.pdb,L42T,41,0.1727172064042834,0.63620365,0.4634864402555677,0.4634864402555677
r15_550_TrROS_Hall.pdb,L42S,41,0.4583894288132342,0.9794488,0.5210593665053693,0.5210593665053693
r15_550_TrROS_Hall.pdb,L42A,41,0.2944186446247885,0.76891994,0.4745013001383951,0.4745013001383951
r15_550_TrROS_Hall.pdb,L42G,41,1.058802860654927,1.2887697,0.22996686132993638,0.22996686132993638
r15_550_TrROS_Hall.pdb,L42M,41,-0.1285256112520549,0.11988598,0.24841159233497115,0.24841159233497115
r15_550_TrROS_Hall.pdb,L42V,41,0.2562442483766514,0.23224166,-0.024002588020129778,0.024002588020129778
r15_550_TrROS_Hall.pdb,L42I,41,0.1787270649570551,-0.13872266,-0.3174497231144037,0.3174497231144037
r15_550_TrROS_Hall.pdb,L42W,41,-0.2945425592658752,0.21843171,0.5129742704627747,0.5129742704627747
r15_550_TrROS_Hall.pdb,L42Y,41,-0.4924157024284801,0.096203625,0.588619327630659,0.588619327630659
r15_550_TrROS_Hall.pdb,L42F,41,0.0806862743801142,0.14728719,0.06660091558036553,0.06660091558036553
r15_550_TrROS_Hall.pdb,L42P,41,1.3502502998744317,1.6815372,0.33128685146223824,0.33128685146223824
r15_550_TrROS_Hall.pdb,L42C,41,0.2743171879277835,0.15773466,-0.11658252563339566,0.11658252563339566
r15_550_TrROS_Hall.pdb,A43Q,42,0.2282533625709843,1.0692014,0.8409479876411129,0.8409479876411129
r15_550_TrROS_Hall.pdb,A43E,42,0.2163193676669896,1.2835395,1.0672201659481226,1.0672201659481226
r15_550_TrROS_Hall.pdb,A43N,42,0.1514292062159441,1.1535242,1.0020949541691877,1.0020949541691877
r15_550_TrROS_Hall.pdb,A43H,42,0.2290088755531654,0.9030602,0.6740513222770348,0.6740513222770348
r15_550_TrROS_Hall.pdb,A43D,42,0.2364502049978094,1.2987045,1.0622542999689264,1.0622542999689264
r15_550_TrROS_Hall.pdb,A43R,42,0.3520720784684545,1.065081,0.7130089218596094,0.7130089218596094
r15_550_TrROS_Hall.pdb,A43K,42,0.4128077686272124,1.0484672,0.6356593906440278,0.6356593906440278
r15_550_TrROS_Hall.pdb,A43T,42,-0.1665416407510971,0.35296556,0.5195072042867874,0.5195072042867874
r15_550_TrROS_Hall.pdb,A43S,42,-0.1533299885998245,0.28111666,0.43444665300946195,0.43444665300946195
r15_550_TrROS_Hall.pdb,A43G,42,0.0403809512904969,0.6331881,0.5928071771808776,0.5928071771808776
r15_550_TrROS_Hall.pdb,A43M,42,-0.1693214364554203,0.35891092,0.5282323546911991,0.5282323546911991
r15_550_TrROS_Hall.pdb,A43L,42,0.1699849365047976,0.4196397,0.2496547701068357,0.2496547701068357
r15_550_TrROS_Hall.pdb,A43V,42,-0.4968204496632413,0.44477832,0.9415987728367643,0.9415987728367643
r15_550_TrROS_Hall.pdb,A43I,42,-0.1920474162348018,0.3427297,0.5347771039255367,0.5347771039255367
r15_550_TrROS_Hall.pdb,A43W,42,0.0906751916391161,0.40824607,0.3175708785074446,0.3175708785074446
r15_550_TrROS_Hall.pdb,A43Y,42,-0.0272552746702823,0.43615937,0.46341464699999424,0.46341464699999424
r15_550_TrROS_Hall.pdb,A43F,42,0.0117658735233696,0.3660827,0.35431682458339614,0.35431682458339614
r15_550_TrROS_Hall.pdb,A43P,42,0.8792672309359304,1.1530676,0.27380035787022194,0.27380035787022194
r15_550_TrROS_Hall.pdb,A43C,42,0.180428392692753,0.13603681,-0.04439157943362823,0.04439157943362823
r15_550_TrROS_Hall.pdb,A44Q,43,0.2173721221152789,0.3245995,0.1072273823555463,0.1072273823555463
r15_550_TrROS_Hall.pdb,A44E,43,0.4009018590910074,0.37456736,-0.026334499405109568,0.026334499405109568
r15_550_TrROS_Hall.pdb,A44N,43,-0.0298213572184895,0.14357072,0.17339207836793408,0.17339207836793408
r15_550_TrROS_Hall.pdb,A44H,43,0.0807037930803815,0.2997018,0.21899801680273617,0.21899801680273617
r15_550_TrROS_Hall.pdb,A44D,43,0.2937519911442976,0.23109357,-0.0626584205542784,0.0626584205542784
r15_550_TrROS_Hall.pdb,A44R,43,-0.240939661997702,0.29745656,0.5383962245167755,0.5383962245167755
r15_550_TrROS_Hall.pdb,A44K,43,-0.2237786619853832,0.2364272,0.4602058648061611,0.4602058648061611
r15_550_TrROS_Hall.pdb,A44T,43,0.0485194980905738,0.09151703,0.04299753310220574,0.04299753310220574
r15_550_TrROS_Hall.pdb,A44S,43,-0.0997537732485049,-0.14975187,-0.049998098575759625,0.049998098575759625
r15_550_TrROS_Hall.pdb,A44G,43,-0.1032747513417779,0.23904091,0.34231566253944024,0.34231566253944024
r15_550_TrROS_Hall.pdb,A44M,43,-0.0621731754228189,0.19114323,0.2533164050265863,0.2533164050265863
r15_550_TrROS_Hall.pdb,A44L,43,-0.1559547789058406,0.23819941,0.39415419172856403,0.39415419172856403
r15_550_TrROS_Hall.pdb,A44V,43,-0.0231614777260844,0.41919,0.4423514672928874,0.4423514672928874
r15_550_TrROS_Hall.pdb,A44I,43,0.0075026199012455,0.3358429,0.32834028752749594,0.32834028752749594
r15_550_TrROS_Hall.pdb,A44W,43,-0.1530214599571806,0.2475641,0.40058556713682236,0.40058556713682236
r15_550_TrROS_Hall.pdb,A44Y,43,0.0231635596715502,0.29088372,0.26772016024956186,0.26772016024956186
r15_550_TrROS_Hall.pdb,A44F,43,-0.0823709340958949,0.34560668,0.42797761878064833,0.42797761878064833
r15_550_TrROS_Hall.pdb,A44P,43,0.4233939890470175,0.5850344,0.16164038137534575,0.16164038137534575
r15_550_TrROS_Hall.pdb,A44C,43,0.2984287215256582,-0.028639764,-0.3270684851193319,0.3270684851193319
r15_550_TrROS_Hall.pdb,E45Q,44,-0.1180842570581228,-0.017576635,0.10050762217424218,0.10050762217424218
r15_550_TrROS_Hall.pdb,E45N,44,0.1073826662262344,0.32582974,0.21844707811275488,0.21844707811275488
r15_550_TrROS_Hall.pdb,E45H,44,-0.0923247943095137,0.20005113,0.292375923173802,0.292375923173802
r15_550_TrROS_Hall.pdb,E45D,44,0.0412438687795821,0.30208915,0.2608452859407243,0.2608452859407243
r15_550_TrROS_Hall.pdb,E45R,44,-0.4492918435742794,0.1689406,0.6182324473073422,0.6182324473073422
r15_550_TrROS_Hall.pdb,E45K,44,-0.2869765808862565,0.060161754,0.3471383353752015,0.3471383353752015
r15_550_TrROS_Hall.pdb,E45T,44,-0.3192055301226855,0.20517787,0.5243834034957171,0.5243834034957171
r15_550_TrROS_Hall.pdb,E45S,44,-0.4334079853795378,0.18047917,0.6138871542714446,0.6138871542714446
r15_550_TrROS_Hall.pdb,E45A,44,-0.0631401460741987,0.08408299,0.1472231369589796,0.1472231369589796
r15_550_TrROS_Hall.pdb,E45G,44,-0.0930591222497119,0.3121897,0.40524882046901123,0.40524882046901123
r15_550_TrROS_Hall.pdb,E45M,44,-0.3052182041394431,0.12549166,0.4307098679530341,0.4307098679530341
r15_550_TrROS_Hall.pdb,E45L,44,-0.2740430045776367,0.11188719,0.38593019134330747,0.38593019134330747
r15_550_TrROS_Hall.pdb,E45V,44,0.0372090936805351,0.25442952,0.21722042549594806,0.21722042549594806
r15_550_TrROS_Hall.pdb,E45I,44,-0.1183809130676643,0.21128494,0.32966584854206005,0.32966584854206005
r15_550_TrROS_Hall.pdb,E45W,44,-0.2185972770738535,0.28417307,0.5027703484582835,0.5027703484582835
r15_550_TrROS_Hall.pdb,E45Y,44,-0.0904616063035623,0.29716608,0.38762768558632293,0.38762768558632293
r15_550_TrROS_Hall.pdb,E45F,44,-0.1950474150777612,0.33645743,0.531504846394137,0.531504846394137
r15_550_TrROS_Hall.pdb,E45P,44,0.2660963318568843,0.78940976,0.5233134248035771,0.5233134248035771
r15_550_TrROS_Hall.pdb,E45C,44,-0.1460128466806161,-0.0077623427,0.13825050398919458,0.13825050398919458
r15_550_TrROS_Hall.pdb,P46Q,45,-0.0141128836181954,0.37076485,0.3848777351883248,0.3848777351883248
r15_550_TrROS_Hall.pdb,P46E,45,0.3090385661964925,0.3025691,-0.006469474876454662,0.006469474876454662
r15_550_TrROS_Hall.pdb,P46N,45,-0.0200114585410631,0.32144552,0.3414569832335985,0.3414569832335985
r15_550_TrROS_Hall.pdb,P46H,45,-0.3512094770998963,0.3488242,0.7000336801142701,0.7000336801142701
r15_550_TrROS_Hall.pdb,P46D,45,0.312105356168626,0.37203035,0.0599249914170521,0.0599249914170521
r15_550_TrROS_Hall.pdb,P46R,45,-0.4020742162938058,0.38666928,0.7887434944386422,0.7887434944386422
r15_550_TrROS_Hall.pdb,P46K,45,0.0092866624428857,0.31264195,0.3033552860186469,0.3033552860186469
r15_550_TrROS_Hall.pdb,P46T,45,0.0212632625917876,0.41156864,0.39030537907081003,0.39030537907081003
r15_550_TrROS_Hall.pdb,P46S,45,-0.0504066783139176,0.30613342,0.3565400975892014,0.3565400975892014
r15_550_TrROS_Hall.pdb,P46A,45,-0.0493822129397294,0.2880732,0.33745542484806984,0.33745542484806984
r15_550_TrROS_Hall.pdb,P46G,45,0.1649497267271344,0.46295488,0.2980051520799335,0.2980051520799335
r15_550_TrROS_Hall.pdb,P46M,45,0.0812886476517027,0.3353454,0.2540567398070986,0.2540567398070986
r15_550_TrROS_Hall.pdb,P46L,45,-0.1042660427097903,0.34232095,0.4465869915489779,0.4465869915489779
r15_550_TrROS_Hall.pdb,P46V,45,-0.0476012687048488,0.32649025,0.37409152191491657,0.37409152191491657
r15_550_TrROS_Hall.pdb,P46I,45,0.056498864289372,0.37686548,0.3203666120804858,0.3203666120804858
r15_550_TrROS_Hall.pdb,P46W,45,-0.456341179372691,0.28519058,0.7415317616480817,0.7415317616480817
r15_550_TrROS_Hall.pdb,P46Y,45,-0.3732995627126101,0.34919304,0.722492599268854,0.722492599268854
r15_550_TrROS_Hall.pdb,P46F,45,-0.4207603317176733,0.37838805,0.7991483789359961,0.7991483789359961
r15_550_TrROS_Hall.pdb,P46C,45,0.098409046217899,0.101097494,0.0026884481458857856,0.0026884481458857856
r15_550_TrROS_Hall.pdb,G47Q,46,0.4304723568776918,0.7087917,0.27831931630574935,0.27831931630574935
r15_550_TrROS_Hall.pdb,G47E,46,0.1887244061886068,0.6683556,0.4796311779559855,0.4796311779559855
r15_550_TrROS_Hall.pdb,G47N,46,0.029396790048688,0.19586295,0.16646615884581273,0.16646615884581273
r15_550_TrROS_Hall.pdb,G47H,46,0.1233345320065435,0.6359112,0.5125766942660395,0.5125766942660395
r15_550_TrROS_Hall.pdb,G47D,46,0.0896246470510533,0.2748724,0.18524774536494706,0.18524774536494706
r15_550_TrROS_Hall.pdb,G47R,46,0.5836194076029377,0.9184987,0.33487928729376026,0.33487928729376026
r15_550_TrROS_Hall.pdb,G47K,46,0.6499537656236436,0.81681824,0.1668644716810439,0.1668644716810439
r15_550_TrROS_Hall.pdb,G47T,46,0.096612333335079,0.8730379,0.7764255413635599,0.7764255413635599
r15_550_TrROS_Hall.pdb,G47S,46,0.1601542121480426,0.61911833,0.4589641207148114,0.4589641207148114
r15_550_TrROS_Hall.pdb,G47A,46,0.2778460213848337,0.8340906,0.556244569092156,0.556244569092156
r15_550_TrROS_Hall.pdb,G47M,46,0.5327505430537927,0.7116983,0.17894775063212043,0.17894775063212043
r15_550_TrROS_Hall.pdb,G47L,46,0.5550180999162522,0.7652887,0.21027061067792507,0.21027061067792507
r15_550_TrROS_Hall.pdb,G47V,46,0.8259434727380977,1.1226493,0.2967058392812505,0.2967058392812505
r15_550_TrROS_Hall.pdb,G47I,46,0.9250883042076326,1.0856688,0.16058049805372,0.16058049805372
r15_550_TrROS_Hall.pdb,G47W,46,0.4109935115172405,0.6894965,0.278503005664156,0.278503005664156
r15_550_TrROS_Hall.pdb,G47Y,46,0.3482947038389463,0.6529025,0.3046077801011782,0.3046077801011782
r15_550_TrROS_Hall.pdb,G47F,46,0.3324062610503988,0.49490857,0.16250231019288736,0.16250231019288736
r15_550_TrROS_Hall.pdb,G47P,46,1.2652968213066007,1.3345729,0.0692760899559115,0.0692760899559115
r15_550_TrROS_Hall.pdb,G47C,46,0.0614011127675429,0.15357059,0.09216947963586897,0.09216947963586897
r15_550_TrROS_Hall.pdb,V48Q,47,0.4570800449504135,0.5551195,0.09803946951491854,0.09803946951491854
r15_550_TrROS_Hall.pdb,V48E,47,0.9020655874596796,0.717461,-0.18460459750759217,0.18460459750759217
r15_550_TrROS_Hall.pdb,V48N,47,0.5436309800119448,0.5996158,0.05598483228969098,0.05598483228969098
r15_550_TrROS_Hall.pdb,V48H,47,0.7715094542178167,0.23714425,-0.5343652075203909,0.5343652075203909
r15_550_TrROS_Hall.pdb,V48D,47,0.6335258120425129,0.92291355,0.2893877392880535,0.2893877392880535
r15_550_TrROS_Hall.pdb,V48R,47,0.7212146724428887,0.4447359,-0.27647875797412347,0.27647875797412347
r15_550_TrROS_Hall.pdb,V48K,47,0.8761635143974806,0.4275813,-0.44858220412526384,0.44858220412526384
r15_550_TrROS_Hall.pdb,V48T,47,0.088470661521697,0.32323968,0.23476902258322244,0.23476902258322244
r15_550_TrROS_Hall.pdb,V48S,47,0.2993624741117564,0.49991015,0.20054767188624467,0.20054767188624467
r15_550_TrROS_Hall.pdb,V48A,47,0.3602132629012811,0.3072804,-0.05293287144658443,0.05293287144658443
r15_550_TrROS_Hall.pdb,V48G,47,0.5748489479937406,0.8945168,0.3196678776822237,0.3196678776822237
r15_550_TrROS_Hall.pdb,V48M,47,0.1681250621237726,0.18513517,0.017010108693602588,0.017010108693602588
r15_550_TrROS_Hall.pdb,V48L,47,-0.0947823616057697,0.045439035,0.14022139630616337,0.14022139630616337
r15_550_TrROS_Hall.pdb,V48I,47,0.0434092354133959,-0.06824681,-0.11165604704173757,0.11165604704173757
r15_550_TrROS_Hall.pdb,V48W,47,0.1941346305863502,-0.28089064,-0.47502527418299934,0.47502527418299934
r15_550_TrROS_Hall.pdb,V48Y,47,0.1926653581570168,-0.19786745,-0.3905328112553139,0.3905328112553139
r15_550_TrROS_Hall.pdb,V48F,47,0.2758210418179923,-0.071061194,-0.34688223576101596,0.34688223576101596
r15_550_TrROS_Hall.pdb,V48P,47,1.8593575143216412,1.0365331,-0.8228243970273297,0.8228243970273297
r15_550_TrROS_Hall.pdb,V48C,47,0.5224199036038248,-0.11311883,-0.6355387309468119,0.6355387309468119
r15_550_TrROS_Hall.pdb,R49Q,48,0.0823137999929137,-0.009984478,-0.09229827834736774,0.09229827834736774
r15_550_TrROS_Hall.pdb,R49E,48,-0.0159473521117128,0.028025173,0.04397252476252686,0.04397252476252686
r15_550_TrROS_Hall.pdb,R49N,48,-0.0354043226297298,0.021099046,0.05650336850241809,0.05650336850241809
r15_550_TrROS_Hall.pdb,R49H,48,-0.131860460271703,-0.1399802,-0.008119736681116818,0.008119736681116818
r15_550_TrROS_Hall.pdb,R49D,48,0.1058414954981437,0.28840882,0.1825673203626046,0.1825673203626046
r15_550_TrROS_Hall.pdb,R49K,48,-0.0379605909601226,0.0007184744,0.03867906534824516,0.03867906534824516
r15_550_TrROS_Hall.pdb,R49T,48,0.1794568313737663,-0.1723004,-0.3517572297235283,0.3517572297235283
r15_550_TrROS_Hall.pdb,R49S,48,0.3174247672207704,0.010624841,-0.30679992636517195,0.30679992636517195
r15_550_TrROS_Hall.pdb,R49A,48,0.071489529812923,0.12689452,0.055404988920101594,0.055404988920101594
r15_550_TrROS_Hall.pdb,R49G,48,0.4527261963585225,0.38281357,-0.06991262347491656,0.06991262347491656
r15_550_TrROS_Hall.pdb,R49M,48,0.0932940793436314,-0.12965685,-0.2229509306352879,0.2229509306352879
r15_550_TrROS_Hall.pdb,R49L,48,-0.0406114325975641,-0.16918615,-0.12857471246965085,0.12857471246965085
r15_550_TrROS_Hall.pdb,R49V,48,0.0514758754859476,-0.2768383,-0.3283141780982523,0.3283141780982523
r15_550_TrROS_Hall.pdb,R49I,48,-0.0198801785370763,-0.33736384,-0.3174836606123988,0.3174836606123988
r15_550_TrROS_Hall.pdb,R49W,48,-0.1168002778462709,-0.22301982,-0.1062195455856978,0.1062195455856978
r15_550_TrROS_Hall.pdb,R49Y,48,-0.1726413269148921,-0.2661936,-0.09355227159394275,0.09355227159394275
r15_550_TrROS_Hall.pdb,R49F,48,0.0563377029510281,-0.23996499,-0.2963026947589657,0.2963026947589657
r15_550_TrROS_Hall.pdb,R49P,48,1.4325243840430737,0.8979752,-0.5345491776679516,0.5345491776679516
r15_550_TrROS_Hall.pdb,R49C,48,0.1708399246891119,-0.3569739,-0.5278138111789801,0.5278138111789801
r15_550_TrROS_Hall.pdb,I50Q,49,1.9314159348243725,1.6292734,-0.30214252021255605,0.30214252021255605
r15_550_TrROS_Hall.pdb,I50E,49,2.0373559537505104,1.760859,-0.2764969411467506,0.2764969411467506
r15_550_TrROS_Hall.pdb,I50N,49,2.228088646943525,1.9941318,-0.2339568434309518,0.2339568434309518
r15_550_TrROS_Hall.pdb,I50H,49,1.8499773784504727,1.5835961,-0.2663812681065396,0.2663812681065396
r15_550_TrROS_Hall.pdb,I50D,49,2.261089134342163,1.8552136,-0.4058754922218015,0.4058754922218015
r15_550_TrROS_Hall.pdb,I50R,49,2.125090600436531,1.9139386,-0.21115195888837412,0.21115195888837412
r15_550_TrROS_Hall.pdb,I50K,49,2.04619040903364,1.8537979,-0.19239249643598377,0.19239249643598377
r15_550_TrROS_Hall.pdb,I50T,49,1.3672509508118835,1.3694723,0.002221314431646748,0.002221314431646748
r15_550_TrROS_Hall.pdb,I50S,49,1.9274695488627032,1.7567525,-0.1707170578653887,0.1707170578653887
r15_550_TrROS_Hall.pdb,I50A,49,1.5414344207627928,1.3058143,-0.23562015455795882,0.23562015455795882
r15_550_TrROS_Hall.pdb,I50G,49,2.061375946384735,1.9990752,-0.06230077205306994,0.06230077205306994
r15_550_TrROS_Hall.pdb,I50M,49,0.7684372269254496,0.8151765,0.04673926004354456,0.04673926004354456
r15_550_TrROS_Hall.pdb,I50L,49,0.1110926861297452,0.5089122,0.39781951956636075,0.39781951956636075
r15_550_TrROS_Hall.pdb,I50V,49,0.1793141527104822,0.49458665,0.315272493846372,0.315272493846372
r15_550_TrROS_Hall.pdb,I50W,49,0.7725347398904945,0.7274588,-0.04507596484700693,0.04507596484700693
r15_550_TrROS_Hall.pdb,I50Y,49,1.1234220942810125,0.8904302,-0.23299188226013845,0.23299188226013845
r15_550_TrROS_Hall.pdb,I50F,49,0.6172744522524121,0.67043096,0.05315650601861455,0.05315650601861455
r15_550_TrROS_Hall.pdb,I50P,49,1.8402027524198,1.7939564,-0.04624635345587169,0.04624635345587169
r15_550_TrROS_Hall.pdb,I50C,49,0.8460266695799055,0.8470077,0.0009810222802935087,0.0009810222802935087
r15_550_TrROS_Hall.pdb,K51Q,50,0.2618305241181629,0.27951026,0.01767973551013302,0.01767973551013302
r15_550_TrROS_Hall.pdb,K51E,50,0.5080093282049494,0.71312827,0.2051189405137701,0.2051189405137701
r15_550_TrROS_Hall.pdb,K51N,50,0.275940502456419,0.637725,0.36178449315667915,0.36178449315667915
r15_550_TrROS_Hall.pdb,K51H,50,0.4033379523567753,0.46109682,0.057758870858709344,0.057758870858709344
r15_550_TrROS_Hall.pdb,K51D,50,0.8265468613562552,1.1797409,0.35319404440546354,0.35319404440546354
r15_550_TrROS_Hall.pdb,K51R,50,-0.0698583985323662,0.0023040175,0.07216241607615892,0.07216241607615892
r15_550_TrROS_Hall.pdb,K51T,50,-0.0541314102022587,0.16842937,0.22256078489708292,0.22256078489708292
r15_550_TrROS_Hall.pdb,K51S,50,0.2250591032935567,0.49952728,0.27446817226872966,0.27446817226872966
r15_550_TrROS_Hall.pdb,K51A,50,0.2559047390189217,0.48292834,0.2270235966477348,0.2270235966477348
r15_550_TrROS_Hall.pdb,K51G,50,0.8282698010130471,1.0371587,0.20888892663282688,0.20888892663282688
r15_550_TrROS_Hall.pdb,K51M,50,-0.2322921344616553,0.05166027,0.2839524039604804,0.2839524039604804
r15_550_TrROS_Hall.pdb,K51L,50,-0.2099748318037004,-0.214795,-0.004820161596873318,0.004820161596873318
r15_550_TrROS_Hall.pdb,K51V,50,-0.2710603922966621,-0.122968644,0.14809174839292982,0.14809174839292982
r15_550_TrROS_Hall.pdb,K51I,50,-0.0870906874933545,-0.30310845,-0.21601776625725586,0.21601776625725586
r15_550_TrROS_Hall.pdb,K51W,50,-0.293257246369528,0.42952377,0.72278101241033,0.72278101241033
r15_550_TrROS_Hall.pdb,K51Y,50,-0.0551953504882369,0.4132362,0.46843155129771563,0.46843155129771563
r15_550_TrROS_Hall.pdb,K51F,50,-0.100039954186279,0.40175295,0.5017929029472653,0.5017929029472653
r15_550_TrROS_Hall.pdb,K51P,50,1.7920016784155637,1.2757816,-0.5162200469458371,0.5162200469458371
r15_550_TrROS_Hall.pdb,K51C,50,0.2925995268265389,0.06658468,-0.22601485032240376,0.22601485032240376
r15_550_TrROS_Hall.pdb,E52Q,51,-0.0439397332093536,0.15313098,0.19707071155522457,0.19707071155522457
r15_550_TrROS_Hall.pdb,E52N,51,-0.0423800198633621,0.025477402,0.06785742177557447,0.06785742177557447
r15_550_TrROS_Hall.pdb,E52H,51,-0.1637361644215733,0.021766849,0.18550301328374447,0.18550301328374447
r15_550_TrROS_Hall.pdb,E52D,51,-0.2071702353878972,0.14198303,0.3491532676144597,0.3491532676144597
r15_550_TrROS_Hall.pdb,E52R,51,-0.1268691773220958,0.1707219,0.2975910807654323,0.2975910807654323
r15_550_TrROS_Hall.pdb,E52K,51,0.0916788933024381,0.2191916,0.12751270260954156,0.12751270260954156
r15_550_TrROS_Hall.pdb,E52T,51,-0.2121128683631834,-0.104816526,0.10729634218863812,0.10729634218863812
r15_550_TrROS_Hall.pdb,E52S,51,0.0537354012238457,-0.16599375,-0.21972915131921314,0.21972915131921314
r15_550_TrROS_Hall.pdb,E52A,51,-0.0483107383952781,0.075590886,0.12390162457091058,0.12390162457091058
r15_550_TrROS_Hall.pdb,E52G,51,0.0570744942990817,0.4572725,0.4001980055006467,0.4001980055006467
r15_550_TrROS_Hall.pdb,E52M,51,-0.0072842024541177,0.1134779,0.12076210307839291,0.12076210307839291
r15_550_TrROS_Hall.pdb,E52L,51,0.0087832690986875,0.19414328,0.18536001128823723,0.18536001128823723
r15_550_TrROS_Hall.pdb,E52V,51,-0.0517968798417012,0.17899719,0.230794068648235,0.230794068648235
r15_550_TrROS_Hall.pdb,E52I,51,-0.0076271498690108,0.19158085,0.19920799677471912,0.19920799677471912
r15_550_TrROS_Hall.pdb,E52Y,51,-0.1152202424192108,-0.031724826,0.08349541691776885,0.08349541691776885
r15_550_TrROS_Hall.pdb,E52F,51,-0.2410980532528412,0.025419503,0.26651755670323485,0.26651755670323485
r15_550_TrROS_Hall.pdb,E52P,51,2.0861890066826696,1.1202984,-0.9658906210625524,0.9658906210625524
r15_550_TrROS_Hall.pdb,E52C,51,0.1551465381295518,-0.24543533,-0.40058186542104046,0.40058186542104046
r15_550_TrROS_Hall.pdb,I53Q,52,1.6588954402353746,1.998858,0.3399625347707289,0.3399625347707289
r15_550_TrROS_Hall.pdb,I53E,52,2.111648457896032,2.2134027,0.1017542902118782,0.1017542902118782
r15_550_TrROS_Hall.pdb,I53N,52,2.155307327897397,2.204907,0.049599612562808204,0.049599612562808204
r15_550_TrROS_Hall.pdb,I53H,52,1.7962606163223445,1.886968,0.09070740030210622,0.09070740030210622
r15_550_TrROS_Hall.pdb,I53D,52,2.4009391987913453,2.2830582,-0.11788103228743907,0.11788103228743907
r15_550_TrROS_Hall.pdb,I53R,52,2.014291921888266,2.105668,0.09137614604386313,0.09137614604386313
r15_550_TrROS_Hall.pdb,I53K,52,2.109471647461288,2.1681142,0.05864253787196416,0.05864253787196416
r15_550_TrROS_Hall.pdb,I53T,52,1.149432539202409,1.639329,0.48989641740159495,0.48989641740159495
r15_550_TrROS_Hall.pdb,I53S,52,1.781016249862609,2.0834625,0.3024462268677377,0.3024462268677377
r15_550_TrROS_Hall.pdb,I53A,52,1.4995552769279148,1.5918359,0.09228057950976831,0.09228057950976831
r15_550_TrROS_Hall.pdb,I53G,52,2.1339005073450656,2.3617225,0.22782196198476834,0.22782196198476834
r15_550_TrROS_Hall.pdb,I53M,52,0.211709650015937,1.0803734,0.8686637563942803,0.8686637563942803
r15_550_TrROS_Hall.pdb,I53L,52,0.4179877209993616,0.84249043,0.42450271364724484,0.42450271364724484
r15_550_TrROS_Hall.pdb,I53V,52,0.1367272153239422,0.54436135,0.40763413759659006,0.40763413759659006
r15_550_TrROS_Hall.pdb,I53W,52,0.0915355597123035,1.1502533,1.058717736186134,1.058717736186134
r15_550_TrROS_Hall.pdb,I53Y,52,0.5043392085241116,1.193682,0.6893427468134128,0.6893427468134128
r15_550_TrROS_Hall.pdb,I53F,52,0.1506640029075647,0.89342767,0.7427636670944189,0.7427636670944189
r15_550_TrROS_Hall.pdb,I53P,52,2.338807781337331,2.3924909,0.05368308246271791,0.05368308246271791
r15_550_TrROS_Hall.pdb,I53C,52,0.7015071868632408,1.074333,0.3728257656361489,0.3728257656361489
r15_550_TrROS_Hall.pdb,E54Q,53,0.1189803753605422,-0.14265043,-0.2616308007946547,0.2616308007946547
r15_550_TrROS_Hall.pdb,E54N,53,-0.3855809431871275,-0.15902942,0.22655151899660625,0.22655151899660625
r15_550_TrROS_Hall.pdb,E54H,53,-0.1712415161290081,-0.17303222,-0.0017907080493061167,0.0017907080493061167
r15_550_TrROS_Hall.pdb,E54D,53,0.140540100598046,0.21817657,0.07763647291689235,0.07763647291689235
r15_550_TrROS_Hall.pdb,E54R,53,-0.2614471099518303,-0.22120549,0.040241622104502106,0.040241622104502106
r15_550_TrROS_Hall.pdb,E54K,53,0.0475221231551721,-0.18651871,-0.23404083698707365,0.23404083698707365
r15_550_TrROS_Hall.pdb,E54T,53,-0.2583365608230856,-0.33665815,-0.07832158913457127,0.07832158913457127
r15_550_TrROS_Hall.pdb,E54S,53,-0.2001268512935041,-0.097730294,0.10239655742353188,0.10239655742353188
r15_550_TrROS_Hall.pdb,E54A,53,0.0172541394410252,0.08956793,0.07231379006527668,0.07231379006527668
r15_550_TrROS_Hall.pdb,E54G,53,0.0758393103482992,0.40111634,0.32527703100416355,0.32527703100416355
r15_550_TrROS_Hall.pdb,E54M,53,-0.4159928659393088,-0.17734122,0.23865164317624726,0.23865164317624726
r15_550_TrROS_Hall.pdb,E54L,53,-0.4372956608950904,-0.19994786,0.23734779707787546,0.23734779707787546
r15_550_TrROS_Hall.pdb,E54V,53,-0.2930286863003672,-0.3237228,-0.03069412325277915,0.03069412325277915
r15_550_TrROS_Hall.pdb,E54W,53,-0.188005760505451,-0.15875617,0.029249593808902546,0.029249593808902546
r15_550_TrROS_Hall.pdb,E54Y,53,-0.288240222807401,-0.17788546,0.1103547649340566,0.1103547649340566
r15_550_TrROS_Hall.pdb,E54F,53,-0.1181894736224986,-0.1949512,-0.07676173282319537,0.07676173282319537
r15_550_TrROS_Hall.pdb,E54P,53,1.7137199878477052,0.8900205,-0.8236994981550172,0.8236994981550172
r15_550_TrROS_Hall.pdb,E54C,53,0.0973300709751896,-0.36572286,-0.4630529358414463,0.4630529358414463
r15_550_TrROS_Hall.pdb,I55Q,54,1.2291777106131925,1.6817129,0.4525351552162753,0.4525351552162753
r15_550_TrROS_Hall.pdb,I55E,54,1.7425379543134412,2.1127617,0.37022378160269653,0.37022378160269653
r15_550_TrROS_Hall.pdb,I55N,54,1.5004679254116997,1.8617787,0.36131081070280224,0.36131081070280224
r15_550_TrROS_Hall.pdb,I55H,54,0.9170359123795802,1.5012162,0.5841802607924169,0.5841802607924169
r15_550_TrROS_Hall.pdb,I55D,54,1.923383308686649,2.1411376,0.21775429125841939,0.21775429125841939
r15_550_TrROS_Hall.pdb,I55R,54,0.547705715411853,1.5351933,0.9874876086771973,0.9874876086771973
r15_550_TrROS_Hall.pdb,I55K,54,0.6301201035328439,1.5681072,0.9379871438197562,0.9379871438197562
r15_550_TrROS_Hall.pdb,I55T,54,0.8000015222033605,1.4069945,0.6069929398098841,0.6069929398098841
r15_550_TrROS_Hall.pdb,I55S,54,0.7386178199674918,1.7486154,1.009997564134376,1.009997564134376
r15_550_TrROS_Hall.pdb,I55A,54,0.8817637398256246,1.4426711,0.5609073207365092,0.5609073207365092
r15_550_TrROS_Hall.pdb,I55G,54,1.3818798938862926,2.0332294,0.6513494571574086,0.6513494571574086
r15_550_TrROS_Hall.pdb,I55M,54,0.2015929842685597,0.9291966,0.7276036118770701,0.7276036118770701
r15_550_TrROS_Hall.pdb,I55L,54,0.0541028441849631,0.6086836,0.5545807419356423,0.5545807419356423
r15_550_TrROS_Hall.pdb,I55V,54,0.2313498203911397,0.5971764,0.3658265526137736,0.3658265526137736
r15_550_TrROS_Hall.pdb,I55W,54,0.0474927201183446,0.9235154,0.8760226593105189,0.8760226593105189
r15_550_TrROS_Hall.pdb,I55Y,54,0.2179124996210397,0.9418771,0.7239646270726858,0.7239646270726858
r15_550_TrROS_Hall.pdb,I55F,54,0.0084324873538719,0.73561203,0.7271795474437965,0.7271795474437965
r15_550_TrROS_Hall.pdb,I55P,54,1.5677873588725886,1.8310328,0.2632453941181341,0.2632453941181341
r15_550_TrROS_Hall.pdb,I55C,54,0.3995336902931479,0.94023675,0.5407030569717142,0.5407030569717142
r15_550_TrROS_Hall.pdb,E56Q,55,-0.2386682401515409,0.10479638,0.3434646199561521,0.3434646199561521
r15_550_TrROS_Hall.pdb,E56N,55,0.1736985068892229,0.42603278,0.25233427471172926,0.25233427471172926
r15_550_TrROS_Hall.pdb,E56H,55,-0.3876826753476923,0.0929187,0.4806013768175905,0.4806013768175905
r15_550_TrROS_Hall.pdb,E56D,55,0.1443738651424979,0.46395501,0.31958114980157865,0.31958114980157865
r15_550_TrROS_Hall.pdb,E56R,55,-0.0302113553156964,0.35487816,0.38508951269293945,0.38508951269293945
r15_550_TrROS_Hall.pdb,E56K,55,-0.0451939130714524,0.32682377,0.3720176840713608,0.3720176840713608
r15_550_TrROS_Hall.pdb,E56T,55,-0.2050670937346925,0.019689523,0.22475661641831296,0.22475661641831296
r15_550_TrROS_Hall.pdb,E56S,55,-0.1399541586592612,0.27111334,0.4110674947455344,0.4110674947455344
r15_550_TrROS_Hall.pdb,E56A,55,-0.0916391538590417,0.31460667,0.4062458204239831,0.4062458204239831
r15_550_TrROS_Hall.pdb,E56G,55,0.1135753793587088,0.7859923,0.6724169449935556,0.6724169449935556
r15_550_TrROS_Hall.pdb,E56M,55,-0.3529738699564353,-0.024313435,0.32866043499797737,0.32866043499797737
r15_550_TrROS_Hall.pdb,E56L,55,-0.2372867116598271,-0.029870778,0.20741593333760724,0.20741593333760724
r15_550_TrROS_Hall.pdb,E56V,55,-0.0088812024404774,-0.16187519,-0.15299398591020008,0.15299398591020008
r15_550_TrROS_Hall.pdb,E56I,55,-0.242511209442771,-0.24123281,0.0012783970381384235,0.0012783970381384235
r15_550_TrROS_Hall.pdb,E56W,55,-0.0968446508595981,-0.13232493,-0.0354802831461392,0.0354802831461392
r15_550_TrROS_Hall.pdb,E56Y,55,-0.1897301156821234,-0.13332829,0.05640182688855955,0.05640182688855955
r15_550_TrROS_Hall.pdb,E56F,55,-0.1448159636128361,-0.13431036,0.01050559888963054,0.01050559888963054
r15_550_TrROS_Hall.pdb,E56P,55,0.7542329822962284,1.3084303,0.5541973317677975,0.5541973317677975
r15_550_TrROS_Hall.pdb,E56C,55,0.1725411053365535,-0.2180993,-0.3906404014295406,0.3906404014295406
r15_550_TrROS_Hall.pdb,K57Q,56,0.0619010315380368,0.55225575,0.49035471816441684,0.49035471816441684
r15_550_TrROS_Hall.pdb,K57E,56,0.4050650494337695,0.91377676,0.5087117058991772,0.5087117058991772
r15_550_TrROS_Hall.pdb,K57N,56,0.2669317717907944,0.71546715,0.4485353831889114,0.4485353831889114
r15_550_TrROS_Hall.pdb,K57H,56,0.2639259486690744,0.5652057,0.3012797445758597,0.3012797445758597
r15_550_TrROS_Hall.pdb,K57D,56,0.6912845225516966,1.3056962,0.6144117264564821,0.6144117264564821
r15_550_TrROS_Hall.pdb,K57R,56,0.234638574116925,0.053365856,-0.18127271770785214,0.18127271770785214
r15_550_TrROS_Hall.pdb,K57T,56,0.2395557406061446,0.638988,0.3994322774297441,0.3994322774297441
r15_550_TrROS_Hall.pdb,K57S,56,0.1121742805592633,0.74734116,0.6351668754465961,0.6351668754465961
r15_550_TrROS_Hall.pdb,K57A,56,0.2009313747068075,0.42907965,0.22814827712577307,0.22814827712577307
r15_550_TrROS_Hall.pdb,K57G,56,0.1448624218912559,1.0507228,0.9058604155568643,0.9058604155568643
r15_550_TrROS_Hall.pdb,K57M,56,-0.1125074518828821,0.53523576,0.6477432144790125,0.6477432144790125
r15_550_TrROS_Hall.pdb,K57L,56,0.0055173142969158,0.1632275,0.15771018423442576,0.15771018423442576
r15_550_TrROS_Hall.pdb,K57V,56,-0.0274271118918507,0.32778445,0.3552115607539265,0.3552115607539265
r15_550_TrROS_Hall.pdb,K57I,56,0.0403205656963647,0.25175387,0.21143330097615118,0.21143330097615118
r15_550_TrROS_Hall.pdb,K57W,56,-0.1987100469095164,0.36029685,0.5590068923456126,0.5590068923456126
r15_550_TrROS_Hall.pdb,K57Y,56,-0.1174781345813507,0.4583636,0.575841727206015,0.575841727206015
r15_550_TrROS_Hall.pdb,K57F,56,-0.1124413116752087,0.5099653,0.6224066122352062,0.6224066122352062
r15_550_TrROS_Hall.pdb,K57P,56,0.286293699060578,0.66924226,0.382948563779693,0.382948563779693
r15_550_TrROS_Hall.pdb,K57C,56,0.3283502502071007,0.38461554,0.056265290297354886,0.056265290297354886
r15_550_TrROS_Hall.pdb,L58Q,57,0.2073110425956992,1.3883759,1.1810648357383462,1.1810648357383462
r15_550_TrROS_Hall.pdb,L58E,57,0.2770326628273931,1.8414099,1.564377258818725,1.564377258818725
r15_550_TrROS_Hall.pdb,L58N,57,0.3209449104485156,1.8497114,1.5287665077033399,1.5287665077033399
r15_550_TrROS_Hall.pdb,L58H,57,-0.0060296557980654,1.4167335,1.4227631591397403,1.4227631591397403
r15_550_TrROS_Hall.pdb,L58D,57,0.5696873236366384,1.9795187,1.4098313283256418,1.4098313283256418
r15_550_TrROS_Hall.pdb,L58R,57,-0.0312835856030897,1.6384959,1.6697795076917128,1.6697795076917128
r15_550_TrROS_Hall.pdb,L58K,57,0.0671886029948964,1.447756,1.3805674490223154,1.3805674490223154
r15_550_TrROS_Hall.pdb,L58T,57,0.0702294029674917,1.3503494,1.2801200233020396,1.2801200233020396
r15_550_TrROS_Hall.pdb,L58S,57,0.0671419710112042,1.6524839,1.5853419691133075,1.5853419691133075
r15_550_TrROS_Hall.pdb,L58A,57,0.0285355487331102,1.3073187,1.2787831387058546,1.2787831387058546
r15_550_TrROS_Hall.pdb,L58G,57,0.0432569181652864,1.9359121,1.8926552140978972,1.8926552140978972
r15_550_TrROS_Hall.pdb,L58M,57,-0.0907102545520484,0.5121516,0.6028618534824073,0.6028618534824073
r15_550_TrROS_Hall.pdb,L58V,57,0.183632968793721,0.88756144,0.7039284716741134,0.7039284716741134
r15_550_TrROS_Hall.pdb,L58I,57,-0.1978546606290026,0.39709747,0.5949521290051623,0.5949521290051623
r15_550_TrROS_Hall.pdb,L58W,57,-0.0856592592027265,0.86164474,0.9473040040757734,0.9473040040757734
r15_550_TrROS_Hall.pdb,L58Y,57,-0.1005407268094833,0.9688847,1.0694254333066757,1.0694254333066757
r15_550_TrROS_Hall.pdb,L58F,57,0.0981408936107204,0.8673328,0.769191922513242,0.769191922513242
r15_550_TrROS_Hall.pdb,L58P,57,0.207128353195797,1.7781521,1.5710237549966468,1.5710237549966468
r15_550_TrROS_Hall.pdb,L58C,57,0.1892993207825757,0.67874956,0.48945024052723873,0.48945024052723873
r15_550_TrROS_Hall.pdb,P59Q,58,0.0297611679062583,0.36302337,0.33326220259812095,0.33326220259812095
r15_550_TrROS_Hall.pdb,P59E,58,-0.0178607077970092,0.31000084,0.32786154464622186,0.32786154464622186
r15_550_TrROS_Hall.pdb,P59N,58,-0.1083725805113431,0.25912493,0.36749751518465246,0.36749751518465246
r15_550_TrROS_Hall.pdb,P59H,58,-0.0788486269573329,0.33227998,0.4111286071399806,0.4111286071399806
r15_550_TrROS_Hall.pdb,P59D,58,0.2998003050264142,0.3396989,0.03989860568678161,0.03989860568678161
r15_550_TrROS_Hall.pdb,P59R,58,0.0964778010528171,0.36469114,0.2682133372147,0.2682133372147
r15_550_TrROS_Hall.pdb,P59K,58,-0.1118059423859385,0.27272338,0.38452931913688454,0.38452931913688454
r15_550_TrROS_Hall.pdb,P59T,58,-0.2687572754402314,0.41187638,0.6806336558838044,0.6806336558838044
r15_550_TrROS_Hall.pdb,P59S,58,-0.2538705310221285,0.24350335,0.4973738780613512,0.4973738780613512
r15_550_TrROS_Hall.pdb,P59A,58,-0.0754235067096438,0.21606535,0.29148885390431545,0.29148885390431545
r15_550_TrROS_Hall.pdb,P59G,58,-0.1211533676677474,0.4150915,0.5362448822551498,0.5362448822551498
r15_550_TrROS_Hall.pdb,P59M,58,-0.1824472883678893,0.35135275,0.5338000396229247,0.5338000396229247
r15_550_TrROS_Hall.pdb,P59L,58,-0.0240927629288734,0.31002706,0.33411982582178723,0.33411982582178723
r15_550_TrROS_Hall.pdb,P59V,58,-0.2555016602708173,0.3904881,0.6459897484017683,0.6459897484017683
r15_550_TrROS_Hall.pdb,P59I,58,-0.3697589656730331,0.41571078,0.7854697427173294,0.7854697427173294
r15_550_TrROS_Hall.pdb,P59W,58,-0.1562249562821858,0.32536268,0.4815876386247151,0.4815876386247151
r15_550_TrROS_Hall.pdb,P59Y,58,-0.1889378540118205,0.39122647,0.580164324482249,0.580164324482249
r15_550_TrROS_Hall.pdb,P59F,58,-0.2169881555126274,0.45824757,0.6752357276962364,0.6752357276962364
r15_550_TrROS_Hall.pdb,P59C,58,0.0570550609197173,0.12335852,0.06630345696549084,0.06630345696549084
r15_550_TrROS_Hall.pdb,P60Q,59,-0.0484005365940181,0.36892867,0.4173292074771968,0.4173292074771968
r15_550_TrROS_Hall.pdb,P60E,59,0.1808581468616275,0.29714686,0.11628870992319307,0.11628870992319307
r15_550_TrROS_Hall.pdb,P60N,59,0.2243255398990662,0.19668564,-0.02763989789505314,0.02763989789505314
r15_550_TrROS_Hall.pdb,P60H,59,-0.0239849172810853,0.29595152,0.3199364327172578,0.3199364327172578
r15_550_TrROS_Hall.pdb,P60D,59,0.0672535699053016,0.26358318,0.19632961338327262,0.19632961338327262
r15_550_TrROS_Hall.pdb,P60T,59,-0.0108433093566908,0.37693223,0.38777554292869704,0.38777554292869704
r15_550_TrROS_Hall.pdb,P60S,59,-0.0664359573277746,0.19756682,0.2640027794989859,0.2640027794989859
r15_550_TrROS_Hall.pdb,P60A,59,0.1206765035386787,0.20478207,0.08410556519072193,0.08410556519072193
r15_550_TrROS_Hall.pdb,P60G,59,0.0021325017148345,0.34231004,0.34017753947435925,0.34017753947435925
r15_550_TrROS_Hall.pdb,P60M,59,0.6657650157993622,0.3974676,-0.26829740257914736,0.26829740257914736
r15_550_TrROS_Hall.pdb,P60L,59,0.3971673119255037,0.29936665,-0.09780065895995804,0.09780065895995804
r15_550_TrROS_Hall.pdb,P60V,59,-0.0730779499461649,0.342592,0.4156699509074686,0.4156699509074686
r15_550_TrROS_Hall.pdb,P60I,59,0.1041673840366126,0.40465593,0.3004885493435143,0.3004885493435143
r15_550_TrROS_Hall.pdb,P60C,59,0.1537342719217749,0.16819337,0.014459098182061147,0.014459098182061147
r3_162_TrROS_Hall.pdb,M1Q,0,-0.1071252325321099,0.66121465,0.7683398822093865,0.7683398822093865
r3_162_TrROS_Hall.pdb,M1E,0,-0.1405318184773483,0.8426306,0.9831624432484665,0.9831624432484665
r3_162_TrROS_Hall.pdb,M1N,0,-0.0480762216951093,0.8595387,0.9076148960496625,0.9076148960496625
r3_162_TrROS_Hall.pdb,M1H,0,-0.0898599462750597,0.6479174,0.7377773361447496,0.7377773361447496
r3_162_TrROS_Hall.pdb,M1D,0,-0.2219207031399745,1.0584786,1.2803992969662685,1.2803992969662685
r3_162_TrROS_Hall.pdb,M1T,0,-0.1415471646262291,0.5491926,0.6907397720290306,0.6907397720290306
r3_162_TrROS_Hall.pdb,M1S,0,-0.0109882670704495,0.67849886,0.6894871312443387,0.6894871312443387
r3_162_TrROS_Hall.pdb,M1A,0,-0.5201246883019692,0.456349,0.9764736737355477,0.9764736737355477
r3_162_TrROS_Hall.pdb,M1G,0,-0.2843117309181959,0.8487902,1.1331019592850478,1.1331019592850478
r3_162_TrROS_Hall.pdb,M1L,0,0.1287158041680358,0.22308925,0.09437344377393503,0.09437344377393503
r3_162_TrROS_Hall.pdb,M1V,0,-0.2658227781567106,0.2895339,0.5553566912922392,0.5553566912922392
r3_162_TrROS_Hall.pdb,M1I,0,0.1075941231885471,0.091811985,-0.015782138411096533,0.015782138411096533
r3_162_TrROS_Hall.pdb,M1P,0,0.0906499555156665,0.95093656,0.8602866003467603,0.8602866003467603
r3_162_TrROS_Hall.pdb,M1C,0,-0.2880779414173506,0.026005536,0.3140834777351759,0.3140834777351759
r3_162_TrROS_Hall.pdb,V2Q,1,0.1641719467503977,0.53887045,0.374698507084136,0.374698507084136
r3_162_TrROS_Hall.pdb,V2E,1,-0.2344120178589559,0.7962101,1.0306221280464865,1.0306221280464865
r3_162_TrROS_Hall.pdb,V2N,1,0.6563680134108418,0.823344,0.16697597882243453,0.16697597882243453
r3_162_TrROS_Hall.pdb,V2H,1,0.5246374113061965,0.49798372,-0.02665368742733598,0.02665368742733598
r3_162_TrROS_Hall.pdb,V2D,1,0.0508134269672,1.1949104,1.1440969800991452,1.1440969800991452
r3_162_TrROS_Hall.pdb,V2R,1,1.1299970131943975,0.35563558,-0.7743614297936712,0.7743614297936712
r3_162_TrROS_Hall.pdb,V2K,1,1.376321660682342,0.40807232,-0.9682493380753017,0.9682493380753017
r3_162_TrROS_Hall.pdb,V2T,1,0.4866979570284822,0.31706867,-0.16962929080877087,0.16962929080877087
r3_162_TrROS_Hall.pdb,V2S,1,0.5947818889861614,0.609931,0.015149103140303488,0.015149103140303488
r3_162_TrROS_Hall.pdb,V2A,1,0.421018093840507,0.5468075,0.12578943370160728,0.12578943370160728
r3_162_TrROS_Hall.pdb,V2G,1,0.11735171069882,1.0206345,0.9032828212759725,0.9032828212759725
r3_162_TrROS_Hall.pdb,V2M,1,0.6471007020509667,0.17261887,-0.47448183608416983,0.47448183608416983
r3_162_TrROS_Hall.pdb,V2L,1,0.3077599798821859,0.09270567,-0.21505431286329552,0.21505431286329552
r3_162_TrROS_Hall.pdb,V2I,1,0.0800903835509041,-0.1475521,-0.22764248635508805,0.22764248635508805
r3_162_TrROS_Hall.pdb,V2W,1,1.2882130563470242,0.057441145,-1.2307719111653683,1.2307719111653683
r3_162_TrROS_Hall.pdb,V2Y,1,1.3413025653408477,0.086557776,-1.2547447896049926,1.2547447896049926
r3_162_TrROS_Hall.pdb,V2F,1,1.2505812873739628,0.100738734,-1.149842553367081,1.149842553367081
r3_162_TrROS_Hall.pdb,V2P,1,-0.2422947729550246,1.1672537,1.409548505636299,1.409548505636299
r3_162_TrROS_Hall.pdb,V2C,1,0.0252763805428628,0.060192406,0.034916025634657955,0.034916025634657955
r3_162_TrROS_Hall.pdb,I3Q,2,0.3314362456316457,1.2661402,0.9347039769177927,0.9347039769177927
r3_162_TrROS_Hall.pdb,I3E,2,-0.3373021179707693,1.5221051,1.8594072157414603,1.8594072157414603
r3_162_TrROS_Hall.pdb,I3N,2,0.1763209633043851,1.4817234,1.3054024644681368,1.3054024644681368
r3_162_TrROS_Hall.pdb,I3H,2,0.3964032348401671,0.97161293,0.5752096954576844,0.5752096954576844
r3_162_TrROS_Hall.pdb,I3D,2,-0.2080864797418282,1.7309588,1.9390452991311715,1.9390452991311715
r3_162_TrROS_Hall.pdb,I3R,2,1.3183771075367423,1.2902001,-0.028176993286559204,0.028176993286559204
r3_162_TrROS_Hall.pdb,I3K,2,0.8438498068564559,1.324841,0.48099121563499914,0.48099121563499914
r3_162_TrROS_Hall.pdb,I3T,2,0.0067283761165199,1.0096382,1.0029098141529502,1.0029098141529502
r3_162_TrROS_Hall.pdb,I3S,2,0.1767468804751244,1.2967131,1.1199662333096656,1.1199662333096656
r3_162_TrROS_Hall.pdb,I3A,2,0.678946870998411,1.1311837,0.4522368724784567,0.4522368724784567
r3_162_TrROS_Hall.pdb,I3G,2,0.1973495582508126,1.6118567,1.4145071407390555,1.4145071407390555
r3_162_TrROS_Hall.pdb,I3M,2,0.8121815113781135,0.60254884,-0.2096326737163703,0.2096326737163703
r3_162_TrROS_Hall.pdb,I3L,2,0.590543821434939,0.49041006,-0.10013376174446353,0.10013376174446353
r3_162_TrROS_Hall.pdb,I3V,2,0.0075126141003201,0.33523792,0.3277253061839511,0.3277253061839511
r3_162_TrROS_Hall.pdb,I3W,2,0.6609158081936166,0.40973592,-0.25117989014857267,0.25117989014857267
r3_162_TrROS_Hall.pdb,I3Y,2,0.2316562458348832,0.33368373,0.10202748333686973,0.10202748333686973
r3_162_TrROS_Hall.pdb,I3F,2,0.4213630136709438,0.31929457,-0.10206844179441793,0.10206844179441793
r3_162_TrROS_Hall.pdb,I3P,2,-0.1862524211202858,1.6309376,1.8171899974142312,1.8171899974142312
r3_162_TrROS_Hall.pdb,I3C,2,-0.0442095447062795,0.44414073,0.48835027699464006,0.48835027699464006
r3_162_TrROS_Hall.pdb,E4Q,3,0.5675542746278164,0.3303133,-0.23724097950185508,0.23724097950185508
r3_162_TrROS_Hall.pdb,E4N,3,0.4416031297349785,0.3842099,-0.05739322864054186,0.05739322864054186
r3_162_TrROS_Hall.pdb,E4H,3,0.3960973323570904,-0.06287,-0.4589673356401142,0.4589673356401142
r3_162_TrROS_Hall.pdb,E4D,3,0.0364003267058068,0.47307304,0.43667270877278513,0.43667270877278513
r3_162_TrROS_Hall.pdb,E4R,3,1.1802737921812274,0.26508793,-0.9151858598329761,0.9151858598329761
r3_162_TrROS_Hall.pdb,E4K,3,0.8824635601592763,0.33353665,-0.5489269054485066,0.5489269054485066
r3_162_TrROS_Hall.pdb,E4T,3,0.4187505760929246,0.11317997,-0.3055706092855592,0.3055706092855592
r3_162_TrROS_Hall.pdb,E4S,3,0.4493201924774386,0.24840705,-0.2009131415102221,0.2009131415102221
r3_162_TrROS_Hall.pdb,E4A,3,0.4822555441668172,0.06689233,-0.4153632108380933,0.4153632108380933
r3_162_TrROS_Hall.pdb,E4G,3,0.6887246548183126,0.6150049,-0.07371975770069783,0.07371975770069783
r3_162_TrROS_Hall.pdb,E4M,3,0.4299956575643886,-0.10508093,-0.5350765899431575,0.5350765899431575
r3_162_TrROS_Hall.pdb,E4L,3,0.4218390323015191,-0.18807752,-0.609916556605909,0.609916556605909
r3_162_TrROS_Hall.pdb,E4V,3,0.434571074404587,-0.3104901,-0.7450611759804384,0.7450611759804384
r3_162_TrROS_Hall.pdb,E4I,3,0.2892293903900764,-0.31633553,-0.6055649194790504,0.6055649194790504
r3_162_TrROS_Hall.pdb,E4W,3,-0.1209649559416163,-0.6431611,-0.5221961620889318,0.5221961620889318
r3_162_TrROS_Hall.pdb,E4Y,3,-0.0474997372601553,-0.6208263,-0.5733265666987375,0.5733265666987375
r3_162_TrROS_Hall.pdb,E4F,3,0.0664787676064335,-0.53205454,-0.5985333111016117,0.5985333111016117
r3_162_TrROS_Hall.pdb,E4P,3,0.6448475563110034,0.95712477,0.31227721337664915,0.31227721337664915
r3_162_TrROS_Hall.pdb,E4C,3,0.1188523178516476,-0.355431,-0.4742833083091824,0.4742833083091824
r3_162_TrROS_Hall.pdb,D5Q,4,0.9263647770624024,1.295932,0.36956727745725093,0.36956727745725093
r3_162_TrROS_Hall.pdb,D5E,4,0.3888776416768333,0.98156965,0.5926920061121681,0.5926920061121681
r3_162_TrROS_Hall.pdb,D5N,4,1.1991367310662095,0.60243404,-0.5967026919503038,0.5967026919503038
r3_162_TrROS_Hall.pdb,D5H,4,0.7633083634837385,1.2001324,0.43682400651137865,0.43682400651137865
r3_162_TrROS_Hall.pdb,D5R,4,1.972653344619785,1.572567,-0.40008635853580055,0.40008635853580055
r3_162_TrROS_Hall.pdb,D5K,4,1.819613061382568,1.5847397,-0.23487337632397431,0.23487337632397431
r3_162_TrROS_Hall.pdb,D5T,4,0.8244114412200143,1.088525,0.26411361561897495,0.26411361561897495
r3_162_TrROS_Hall.pdb,D5S,4,0.7805590532274795,1.0581925,0.27763343830389253,0.27763343830389253
r3_162_TrROS_Hall.pdb,D5A,4,0.8122714721463509,1.1716131,0.35934162504450606,0.35934162504450606
r3_162_TrROS_Hall.pdb,D5G,4,1.0506428786628108,1.5164323,0.4657894066460271,0.4657894066460271
r3_162_TrROS_Hall.pdb,D5M,4,0.2022703685866007,1.028547,0.8262766799821248,0.8262766799821248
r3_162_TrROS_Hall.pdb,D5L,4,0.1837118795354912,1.0301868,0.8464748928110054,0.8464748928110054
r3_162_TrROS_Hall.pdb,D5V,4,0.1928956780272877,1.1204615,0.927565785900935,0.927565785900935
r3_162_TrROS_Hall.pdb,D5I,4,0.2969332029898792,0.92636937,0.6294361660401195,0.6294361660401195
r3_162_TrROS_Hall.pdb,D5W,4,0.3701125818196988,0.87955755,0.5094449681337618,0.5094449681337618
r3_162_TrROS_Hall.pdb,D5Y,4,0.1925953728187845,1.0436977,0.8511023419868186,0.8511023419868186
r3_162_TrROS_Hall.pdb,D5F,4,0.0407068108433383,0.84039986,0.7996930504924161,0.7996930504924161
r3_162_TrROS_Hall.pdb,D5P,4,0.8463425166346221,2.0448208,1.1984782688878388,1.1984782688878388
r3_162_TrROS_Hall.pdb,D5C,4,0.0146152630951457,0.70552224,0.6909069761130757,0.6909069761130757
r3_162_TrROS_Hall.pdb,P6Q,5,0.1820668063355697,0.21234024,0.030273429374574334,0.030273429374574334
r3_162_TrROS_Hall.pdb,P6E,5,0.023354967911584,0.23870108,0.21534610740389146,0.21534610740389146
r3_162_TrROS_Hall.pdb,P6N,5,0.1125661892715195,0.17407036,0.06150416900484769,0.06150416900484769
r3_162_TrROS_Hall.pdb,P6H,5,0.103965366627432,0.19047523,0.0865098588211764,0.0865098588211764
r3_162_TrROS_Hall.pdb,P6D,5,0.3206740198383393,0.3250481,0.004374069189065466,0.004374069189065466
r3_162_TrROS_Hall.pdb,P6R,5,0.6569982499890701,0.17539951,-0.48159873793653407,0.48159873793653407
r3_162_TrROS_Hall.pdb,P6K,5,0.1846356996267895,0.06684151,-0.1177941867083172,0.1177941867083172
r3_162_TrROS_Hall.pdb,P6T,5,0.0531007015069677,0.20907362,0.15597291654742226,0.15597291654742226
r3_162_TrROS_Hall.pdb,P6S,5,0.1429040336608835,0.10589899,-0.03700504243373354,0.03700504243373354
r3_162_TrROS_Hall.pdb,P6A,5,0.137440114372116,0.08934038,-0.04809973304782478,0.04809973304782478
r3_162_TrROS_Hall.pdb,P6G,5,0.1098835487248655,0.24094814,0.1310645918963198,0.1310645918963198
r3_162_TrROS_Hall.pdb,P6M,5,-0.0189551001916079,0.16005588,0.17901097596980614,0.17901097596980614
r3_162_TrROS_Hall.pdb,P6L,5,-0.0346120863278978,0.15767066,0.19228274813495805,0.19228274813495805
r3_162_TrROS_Hall.pdb,P6V,5,0.035717517942448,0.24022225,0.20450472751234022,0.20450472751234022
r3_162_TrROS_Hall.pdb,P6I,5,0.0724614316078833,0.2833168,0.21085535944970335,0.21085535944970335
r3_162_TrROS_Hall.pdb,P6W,5,0.4376648133934906,0.14005491,-0.29760990201844484,0.29760990201844484
r3_162_TrROS_Hall.pdb,P6Y,5,0.3768375786120668,0.22166227,-0.1551753105695024,0.1551753105695024
r3_162_TrROS_Hall.pdb,P6F,5,0.1258556841787301,0.2653143,0.13945862661037817,0.13945862661037817
r3_162_TrROS_Hall.pdb,P6C,5,-0.0493559686999001,-0.03864588,0.01071009026571889,0.01071009026571889
r3_162_TrROS_Hall.pdb,K7Q,6,-0.0303404760471268,0.1782207,0.2085611802450104,0.2085611802450104
r3_162_TrROS_Hall.pdb,K7E,6,-0.0687564645275342,0.38281065,0.45156711678354616,0.45156711678354616
r3_162_TrROS_Hall.pdb,K7N,6,0.0880660535164024,0.2234895,0.13542343961523517,0.13542343961523517
r3_162_TrROS_Hall.pdb,K7H,6,-0.0404610460980858,0.2146894,0.25515044987043994,0.25515044987043994
r3_162_TrROS_Hall.pdb,K7D,6,-0.1409202256812554,0.5166294,0.6575496235503655,0.6575496235503655
r3_162_TrROS_Hall.pdb,K7R,6,0.1919691080914338,0.062674895,-0.12929421316250161,0.12929421316250161
r3_162_TrROS_Hall.pdb,K7T,6,-0.1119744892531526,0.2521302,0.3641046996527803,0.3641046996527803
r3_162_TrROS_Hall.pdb,K7S,6,-0.1525594521219906,0.27000856,0.42256801611735195,0.42256801611735195
r3_162_TrROS_Hall.pdb,K7A,6,-0.1374404979099175,0.19146505,0.32890554789198845,0.32890554789198845
r3_162_TrROS_Hall.pdb,K7G,6,0.0057173259692113,0.47029614,0.4645788185162623,0.4645788185162623
r3_162_TrROS_Hall.pdb,K7M,6,0.0344845607966055,0.17852232,0.14403775780500278,0.14403775780500278
r3_162_TrROS_Hall.pdb,K7L,6,-0.1291874107760469,0.110144645,0.23933205575170913,0.23933205575170913
r3_162_TrROS_Hall.pdb,K7V,6,-0.1982360143401509,0.21644907,0.4146850813367253,0.4146850813367253
r3_162_TrROS_Hall.pdb,K7I,6,-0.1774686663007374,0.13038269,0.30785135315414625,0.30785135315414625
r3_162_TrROS_Hall.pdb,K7W,6,0.1027460844766166,0.2744534,0.17170731708893516,0.17170731708893516
r3_162_TrROS_Hall.pdb,K7Y,6,-0.0010047645185844,0.28051764,0.28152240224822916,0.28152240224822916
r3_162_TrROS_Hall.pdb,K7F,6,-0.0848987016234685,0.31272584,0.3976245436225225,0.3976245436225225
r3_162_TrROS_Hall.pdb,K7P,6,-0.0841676704597622,0.84229684,0.9264645092201382,0.9264645092201382
r3_162_TrROS_Hall.pdb,K7C,6,-0.0877427413505103,0.050014764,0.13775750542102116,0.13775750542102116
r3_162_TrROS_Hall.pdb,T8Q,7,0.2875590116180166,0.5794016,0.2918426006637827,0.2918426006637827
r3_162_TrROS_Hall.pdb,T8E,7,0.0297699481904514,0.60032606,0.5705561130583279,0.5705561130583279
r3_162_TrROS_Hall.pdb,T8N,7,-0.0594620672371553,0.47031307,0.5297751394417451,0.5297751394417451
r3_162_TrROS_Hall.pdb,T8H,7,0.0301250822552603,0.4105323,0.38040721344862766,0.38040721344862766
r3_162_TrROS_Hall.pdb,T8D,7,0.1119439944037816,0.6500631,0.5381191030731777,0.5381191030731777
r3_162_TrROS_Hall.pdb,T8R,7,0.5671396871454144,0.6472664,0.08012670079403872,0.08012670079403872
r3_162_TrROS_Hall.pdb,T8K,7,0.5553834701804394,0.5748924,0.019508931514812033,0.019508931514812033
r3_162_TrROS_Hall.pdb,T8S,7,0.0074500119955702,0.19983329,0.19238327679322528,0.19238327679322528
r3_162_TrROS_Hall.pdb,T8A,7,0.2595619494903163,0.5496446,0.290082639933817,0.290082639933817
r3_162_TrROS_Hall.pdb,T8G,7,-0.0774169824624637,0.73278064,0.8101976178193668,0.8101976178193668
r3_162_TrROS_Hall.pdb,T8M,7,0.4644071962054954,0.3688219,-0.09558530704343182,0.09558530704343182
r3_162_TrROS_Hall.pdb,T8L,7,0.303140734543045,0.32698423,0.023843492160598778,0.023843492160598778
r3_162_TrROS_Hall.pdb,T8V,7,0.3310789080729872,0.36917594,0.03809703267904224,0.03809703267904224
r3_162_TrROS_Hall.pdb,T8I,7,0.3714046367513832,0.36469513,-0.006709504972666147,0.006709504972666147
r3_162_TrROS_Hall.pdb,T8W,7,0.1958767555315583,0.28822517,0.092348418418637,0.092348418418637
r3_162_TrROS_Hall.pdb,T8Y,7,0.1896494357721136,0.2662639,0.07661446641523381,0.07661446641523381
r3_162_TrROS_Hall.pdb,T8F,7,0.3683264291911632,0.3369445,-0.03138193852000537,0.03138193852000537
r3_162_TrROS_Hall.pdb,T8P,7,0.6789551158666582,1.0812883,0.4023332218408613,0.4023332218408613
r3_162_TrROS_Hall.pdb,T8C,7,0.1665590819363389,0.05845666,-0.10810242261932229,0.10810242261932229
r3_162_TrROS_Hall.pdb,N9Q,8,0.1263414735932295,0.20491219,0.07857071207571581,0.07857071207571581
r3_162_TrROS_Hall.pdb,N9E,8,0.2302120661638236,0.25463438,0.024422314176752585,0.024422314176752585
r3_162_TrROS_Hall.pdb,N9H,8,0.16130946903208,0.09656742,-0.06474204688051444,0.06474204688051444
r3_162_TrROS_Hall.pdb,N9D,8,-0.0585157772233193,0.14200002,0.20051579677364278,0.20051579677364278
r3_162_TrROS_Hall.pdb,N9R,8,0.5703061206336026,0.40241152,-0.16789460015249302,0.16789460015249302
r3_162_TrROS_Hall.pdb,N9K,8,0.5041191042959006,0.27953818,-0.2245809198915274,0.2245809198915274
r3_162_TrROS_Hall.pdb,N9T,8,0.4224979487921754,0.5088277,0.08632973751763906,0.08632973751763906
r3_162_TrROS_Hall.pdb,N9S,8,0.2827623656529239,0.25184473,-0.030917631699447945,0.030917631699447945
r3_162_TrROS_Hall.pdb,N9A,8,0.1131582509449264,0.1463241,0.03316584716527257,0.03316584716527257
r3_162_TrROS_Hall.pdb,N9G,8,-0.0046048464937529,0.107457444,0.11206229056552261,0.11206229056552261
r3_162_TrROS_Hall.pdb,N9M,8,-0.0224296337855909,0.16984826,0.1922778970492933,0.1922778970492933
r3_162_TrROS_Hall.pdb,N9L,8,0.1089458990768799,0.2238611,0.11491519921260984,0.11491519921260984
r3_162_TrROS_Hall.pdb,N9V,8,0.3492686258969604,0.5303288,0.18106018431803594,0.18106018431803594
r3_162_TrROS_Hall.pdb,N9I,8,0.2399403051381714,0.53031826,0.29037795505469965,0.29037795505469965
r3_162_TrROS_Hall.pdb,N9W,8,0.1445455773044637,0.111792624,-0.032752953307729094,0.032752953307729094
r3_162_TrROS_Hall.pdb,N9Y,8,0.2458215607033631,0.15739268,-0.0884288800583741,0.0884288800583741
r3_162_TrROS_Hall.pdb,N9F,8,0.2113630207083927,0.13474303,-0.07661998586876256,0.07661998586876256
r3_162_TrROS_Hall.pdb,N9P,8,0.6612612232373034,0.8910896,0.22982839496872076,0.22982839496872076
r3_162_TrROS_Hall.pdb,N9C,8,-0.0740214951450086,-0.24509525,-0.17107375784571405,0.17107375784571405
r3_162_TrROS_Hall.pdb,K10Q,9,-0.1066456553698111,0.09755657,0.20420222405200486,0.20420222405200486
r3_162_TrROS_Hall.pdb,K10E,9,0.0837622266072335,0.3092065,0.22544425914105753,0.22544425914105753
r3_162_TrROS_Hall.pdb,K10N,9,-0.0804246857246777,0.27678585,0.35721053624958005,0.35721053624958005
r3_162_TrROS_Hall.pdb,K10H,9,0.1451329832971497,0.039372616,-0.10576036778096393,0.10576036778096393
r3_162_TrROS_Hall.pdb,K10D,9,-0.037869262168356,0.6678112,0.7056804770922146,0.7056804770922146
r3_162_TrROS_Hall.pdb,K10R,9,-0.1114840066687099,-0.009003282,0.10248072507538715,0.10248072507538715
r3_162_TrROS_Hall.pdb,K10T,9,-0.1100452831461753,-0.12295198,-0.01290669380876168,0.01290669380876168
r3_162_TrROS_Hall.pdb,K10S,9,-0.0957870197044528,0.16376042,0.2595474433647311,0.2595474433647311
r3_162_TrROS_Hall.pdb,K10A,9,-0.0289347903312284,0.19863012,0.22756491466174902,0.22756491466174902
r3_162_TrROS_Hall.pdb,K10G,9,0.2034025769843568,0.8333941,0.6299915332184325,0.6299915332184325
r3_162_TrROS_Hall.pdb,K10M,9,-0.3748445241841596,-0.17761475,0.1972297757062238,0.1972297757062238
r3_162_TrROS_Hall.pdb,K10L,9,-0.1170950590131232,-0.23993072,-0.12283566012406857,0.12283566012406857
r3_162_TrROS_Hall.pdb,K10V,9,-0.1150482594813757,-0.15942243,-0.044374167934472075,0.044374167934472075
r3_162_TrROS_Hall.pdb,K10I,9,-0.160768546254852,-0.2811544,-0.12038584789492826,0.12038584789492826
r3_162_TrROS_Hall.pdb,K10W,9,-0.0560999965681832,-0.14379191,-0.08769191741802285,0.08769191741802285
r3_162_TrROS_Hall.pdb,K10Y,9,-0.2187003786239145,-0.16304532,0.05565506168932893,0.05565506168932893
r3_162_TrROS_Hall.pdb,K10F,9,-0.4584600485786394,-0.07866468,0.37979536577310125,0.37979536577310125
r3_162_TrROS_Hall.pdb,K10P,9,0.5881494676387558,1.8181144,1.2299649322712174,1.2299649322712174
r3_162_TrROS_Hall.pdb,K10C,9,0.1617354897762313,-0.27524072,-0.4369762090946212,0.4369762090946212
r3_162_TrROS_Hall.pdb,L11Q,10,0.0563181441387792,0.76717144,0.7108532983699183,0.7108532983699183
r3_162_TrROS_Hall.pdb,L11E,10,0.5431107875610452,1.0167198,0.4736090305541891,0.4736090305541891
r3_162_TrROS_Hall.pdb,L11N,10,0.3705547563780653,1.2848523,0.9142975099335802,0.9142975099335802
r3_162_TrROS_Hall.pdb,L11H,10,0.2080389368801416,0.82842195,0.6203830134601294,0.6203830134601294
r3_162_TrROS_Hall.pdb,L11D,10,0.5234393486945397,1.5112952,0.9878558506996864,0.9878558506996864
r3_162_TrROS_Hall.pdb,L11R,10,-0.0431400130838843,0.84687066,0.8900106738657446,0.8900106738657446
r3_162_TrROS_Hall.pdb,L11K,10,0.2128386926213341,0.8381163,0.6252775955637855,0.6252775955637855
r3_162_TrROS_Hall.pdb,L11T,10,-0.0005951196874578,0.54264814,0.543243256303211,0.543243256303211
r3_162_TrROS_Hall.pdb,L11S,10,0.2432318285623917,0.99612296,0.7528911277135483,0.7528911277135483
r3_162_TrROS_Hall.pdb,L11A,10,0.210851918175587,0.82294494,0.6120930209609181,0.6120930209609181
r3_162_TrROS_Hall.pdb,L11G,10,0.4977106811264669,1.6210127,1.1233020065566386,1.1233020065566386
r3_162_TrROS_Hall.pdb,L11M,10,-0.0258952694724614,0.27216873,0.29806399520145005,0.29806399520145005
r3_162_TrROS_Hall.pdb,L11V,10,-0.0276330615893183,0.15062308,0.17825614470394233,0.17825614470394233
r3_162_TrROS_Hall.pdb,L11I,10,0.0134739128948471,-0.16550416,-0.17897807043802946,0.17897807043802946
r3_162_TrROS_Hall.pdb,L11W,10,0.3097477065155116,0.14177,-0.16797770128937634,0.16797770128937634
r3_162_TrROS_Hall.pdb,L11Y,10,0.1759249047770659,0.28209513,0.10617022948120436,0.10617022948120436
r3_162_TrROS_Hall.pdb,L11F,10,0.3036904721519677,0.2791211,-0.024569371249410332,0.024569371249410332
r3_162_TrROS_Hall.pdb,L11P,10,0.6940235353583315,1.9725753,1.2785517715340635,1.2785517715340635
r3_162_TrROS_Hall.pdb,L11C,10,0.3325590556251425,0.20689526,-0.12566379362219754,0.12566379362219754
r3_162_TrROS_Hall.pdb,I12Q,11,0.7106846558649256,1.753803,1.0431183588903234,1.0431183588903234
r3_162_TrROS_Hall.pdb,I12E,11,0.5439042401843275,2.113404,1.5694997953839098,1.5694997953839098
r3_162_TrROS_Hall.pdb,I12N,11,0.8712264330971857,2.176473,1.305246469200788,1.305246469200788
r3_162_TrROS_Hall.pdb,I12H,11,0.3880290629868232,1.2478818,0.8598527071471489,0.8598527071471489
r3_162_TrROS_Hall.pdb,I12D,11,0.7784198540939293,2.296568,1.5181480627761879,1.5181480627761879
r3_162_TrROS_Hall.pdb,I12R,11,0.9372446234506446,1.7920685,0.8548238579946679,0.8548238579946679
r3_162_TrROS_Hall.pdb,I12K,11,0.8203662957734315,1.8653758,1.0450094614439758,1.0450094614439758
r3_162_TrROS_Hall.pdb,I12T,11,0.3730621581204474,1.3103218,0.9372596497408807,0.9372596497408807
r3_162_TrROS_Hall.pdb,I12S,11,0.7750243605380365,1.7369089,0.9618845521206549,0.9618845521206549
r3_162_TrROS_Hall.pdb,I12A,11,0.4395899533600773,1.2611725,0.821582579675201,0.821582579675201
r3_162_TrROS_Hall.pdb,I12G,11,0.4802983515373986,2.2637806,1.7834822423346717,1.7834822423346717
r3_162_TrROS_Hall.pdb,I12M,11,0.3773877954377633,0.7283901,0.35100230218033973,0.35100230218033973
r3_162_TrROS_Hall.pdb,I12L,11,0.1863939774163681,0.31025064,0.12385666249909821,0.12385666249909821
r3_162_TrROS_Hall.pdb,I12V,11,0.2235660286867906,0.49987668,0.2763106493031691,0.2763106493031691
r3_162_TrROS_Hall.pdb,I12W,11,-0.0989241986255615,0.29119712,0.3901213197689026,0.3901213197689026
r3_162_TrROS_Hall.pdb,I12Y,11,-0.5306545348679936,0.12810373,0.6587582679307378,0.6587582679307378
r3_162_TrROS_Hall.pdb,I12F,11,-0.1439042454286303,0.41550297,0.5594072108789172,0.5594072108789172
r3_162_TrROS_Hall.pdb,I12P,11,0.8027353679515112,2.3785655,1.5758301818989526,1.5758301818989526
r3_162_TrROS_Hall.pdb,I12C,11,0.6419802735663636,0.7070093,0.0650290419243591,0.0650290419243591
r3_162_TrROS_Hall.pdb,E13Q,12,-0.0164160467092759,-0.070304334,-0.05388828745438987,0.05388828745438987
r3_162_TrROS_Hall.pdb,E13N,12,0.1555005806755049,0.20180708,0.046306501023866437,0.046306501023866437
r3_162_TrROS_Hall.pdb,E13H,12,-0.0052381448402911,-0.22191319,-0.2166750438556165,0.2166750438556165
r3_162_TrROS_Hall.pdb,E13D,12,0.3457011764556776,0.5112142,0.1655130202262987,0.1655130202262987
r3_162_TrROS_Hall.pdb,E13R,12,0.0045566957108897,-0.1416189,-0.14617558826135815,0.14617558826135815
r3_162_TrROS_Hall.pdb,E13K,12,0.0845413437535631,-0.056749746,-0.14129108995698564,0.14129108995698564
r3_162_TrROS_Hall.pdb,E13T,12,-0.1490044578456606,-0.3720966,-0.22309214030268534,0.22309214030268534
r3_162_TrROS_Hall.pdb,E13S,12,0.098779608391724,-0.0905868,-0.18936640479465522,0.18936640479465522
r3_162_TrROS_Hall.pdb,E13A,12,0.0955288420732989,-0.08006337,-0.175592214923717,0.175592214923717
r3_162_TrROS_Hall.pdb,E13G,12,0.1788878941529432,0.59251857,0.4136306738859972,0.4136306738859972
r3_162_TrROS_Hall.pdb,E13M,12,-0.108113692929372,-0.44875884,-0.3406451476315411,0.3406451476315411
r3_162_TrROS_Hall.pdb,E13L,12,-0.2084553333365901,-0.3952698,-0.18681447781682176,0.18681447781682176
r3_162_TrROS_Hall.pdb,E13V,12,-0.0892908376831309,-0.5032637,-0.4139728742461904,0.4139728742461904
r3_162_TrROS_Hall.pdb,E13I,12,-0.2651811406400384,-0.67094225,-0.4057611062738715,0.4057611062738715
r3_162_TrROS_Hall.pdb,E13W,12,-0.2204565896343266,-0.68159163,-0.46113504034766806,0.46113504034766806
r3_162_TrROS_Hall.pdb,E13Y,12,-0.2668396599888103,-0.66534996,-0.3985103003383381,0.3985103003383381
r3_162_TrROS_Hall.pdb,E13F,12,-0.1968626823499075,-0.716874,-0.5200113210604318,0.5200113210604318
r3_162_TrROS_Hall.pdb,E13P,12,1.2700839848581764,1.3080151,0.03793112325034409,0.03793112325034409
r3_162_TrROS_Hall.pdb,E13C,12,-0.0088602435099085,-0.6570675,-0.6482072341931859,0.6482072341931859
r3_162_TrROS_Hall.pdb,V14Q,13,0.6506549507662109,1.4254278,0.774772843690271,0.774772843690271
r3_162_TrROS_Hall.pdb,V14E,13,1.198244895183766,1.7586561,0.5604112489583848,0.5604112489583848
r3_162_TrROS_Hall.pdb,V14N,13,0.9542175027979196,1.6715429,0.7173253801213919,0.7173253801213919
r3_162_TrROS_Hall.pdb,V14H,13,0.5832599291156595,1.1059214,0.5226614585567648,0.5226614585567648
r3_162_TrROS_Hall.pdb,V14D,13,1.486366124584674,2.1132126,0.6268464608645448,0.6268464608645448
r3_162_TrROS_Hall.pdb,V14R,13,0.8940846031148757,1.449408,0.5553234512369309,0.5553234512369309
r3_162_TrROS_Hall.pdb,V14K,13,0.8915286833188607,1.5629148,0.671386165008776,0.671386165008776
r3_162_TrROS_Hall.pdb,V14T,13,0.3808077597577108,0.92298627,0.5421785092394815,0.5421785092394815
r3_162_TrROS_Hall.pdb,V14S,13,0.4585956061205758,1.3380947,0.8794991051831351,0.8794991051831351
r3_162_TrROS_Hall.pdb,V14A,13,0.0492035113609814,1.110903,1.0616995133124805,1.0616995133124805
r3_162_TrROS_Hall.pdb,V14G,13,0.7094009350667334,1.7684278,1.0590269137491846,1.0590269137491846
r3_162_TrROS_Hall.pdb,V14M,13,-0.0456016616255183,0.5369048,0.5825064734846491,0.5825064734846491
r3_162_TrROS_Hall.pdb,V14L,13,0.1897720205176343,0.43292564,0.24315362101907834,0.24315362101907834
r3_162_TrROS_Hall.pdb,V14I,13,0.1065046346198377,-0.25213557,-0.3586402094374952,0.3586402094374952
r3_162_TrROS_Hall.pdb,V14W,13,0.0880758809294475,0.58630204,0.4982261610779988,0.4982261610779988
r3_162_TrROS_Hall.pdb,V14Y,13,0.0724548993974076,0.5080436,0.4355886878103866,0.4355886878103866
r3_162_TrROS_Hall.pdb,V14F,13,0.1728357155908826,0.473696,0.3008602778325793,0.3008602778325793
r3_162_TrROS_Hall.pdb,V14P,13,1.0581382644355308,1.9707761,0.9126378166496742,0.9126378166496742
r3_162_TrROS_Hall.pdb,V14C,13,0.3841922048196,0.35605097,-0.028141236649433965,0.028141236649433965
r3_162_TrROS_Hall.pdb,E15Q,14,0.1662587828615533,0.022164784,-0.14409399848970042,0.14409399848970042
r3_162_TrROS_Hall.pdb,E15N,14,-0.035151957399921,0.35655114,0.3917030979467197,0.3917030979467197
r3_162_TrROS_Hall.pdb,E15H,14,0.0613745461538339,0.0318811,-0.029493444724371466,0.029493444724371466
r3_162_TrROS_Hall.pdb,E15D,14,-0.106607291110536,0.4726357,0.5792429775080885,0.5792429775080885
r3_162_TrROS_Hall.pdb,E15R,14,0.010374681322304,0.15822658,0.1478518981054151,0.1478518981054151
r3_162_TrROS_Hall.pdb,E15K,14,0.1060513407688574,0.17494902,0.0688976793784662,0.0688976793784662
r3_162_TrROS_Hall.pdb,E15T,14,-0.1105428314559597,-0.011757344,0.09878548744846763,0.09878548744846763
r3_162_TrROS_Hall.pdb,E15S,14,0.0733006379766125,0.19034523,0.11704458974174077,0.11704458974174077
r3_162_TrROS_Hall.pdb,E15A,14,0.115278980363418,0.16940907,0.054130086075256933,0.054130086075256933
r3_162_TrROS_Hall.pdb,E15G,14,0.1045934539472943,0.67903125,0.5744377989137286,0.5744377989137286
r3_162_TrROS_Hall.pdb,E15M,14,-0.1113786248410653,-0.12673897,-0.015360340670256725,0.015360340670256725
r3_162_TrROS_Hall.pdb,E15L,14,-0.1628382977332823,-0.07030851,0.09252979124448224,0.09252979124448224
r3_162_TrROS_Hall.pdb,E15V,14,0.1123020291560719,-0.18450508,-0.29680710437236524,0.29680710437236524
r3_162_TrROS_Hall.pdb,E15I,14,-0.066138790965577,-0.27304435,-0.2069055567974845,0.2069055567974845
r3_162_TrROS_Hall.pdb,E15W,14,-0.3107669460618165,-0.24954224,0.061224709733691485,0.061224709733691485
r3_162_TrROS_Hall.pdb,E15Y,14,-0.4053247843832235,-0.24611002,0.15921476231519982,0.15921476231519982
r3_162_TrROS_Hall.pdb,E15F,14,-0.398132949502247,-0.2551483,0.1429846579144174,0.1429846579144174
r3_162_TrROS_Hall.pdb,E15P,14,2.0729831446414493,1.4226823,-0.6503008593326114,0.6503008593326114
r3_162_TrROS_Hall.pdb,E15C,14,0.232056494757443,-0.3106783,-0.5427347979991728,0.5427347979991728
r3_162_TrROS_Hall.pdb,K16Q,15,-0.0983515420699543,0.010065049,0.10841659100298348,0.10841659100298348
r3_162_TrROS_Hall.pdb,K16E,15,-0.04852553104487,0.19911668,0.24764220809069215,0.24764220809069215
r3_162_TrROS_Hall.pdb,K16N,15,-0.0092260099183842,0.86536735,0.8745933628808781,0.8745933628808781
r3_162_TrROS_Hall.pdb,K16H,15,-0.0712585449997247,0.3233666,0.39462515719569335,0.39462515719569335
r3_162_TrROS_Hall.pdb,K16D,15,0.0222837542472245,1.1700096,1.1477258587898849,1.1477258587898849
r3_162_TrROS_Hall.pdb,K16R,15,-0.0462515326317047,0.20892124,0.25517277141172634,0.25517277141172634
r3_162_TrROS_Hall.pdb,K16T,15,-0.23218678252322,0.5726203,0.8048070551596336,0.8048070551596336
r3_162_TrROS_Hall.pdb,K16S,15,-0.1362954818304382,0.60465634,0.7409518205221496,0.7409518205221496
r3_162_TrROS_Hall.pdb,K16A,15,-0.1001323029732468,0.054782778,0.15491508099792026,0.15491508099792026
r3_162_TrROS_Hall.pdb,K16G,15,-0.2477415095311572,0.8632568,1.1109983216267993,1.1109983216267993
r3_162_TrROS_Hall.pdb,K16M,15,-0.4235502062937923,-0.06348038,0.3600698290965267,0.3600698290965267
r3_162_TrROS_Hall.pdb,K16L,15,0.0350581622193937,-0.17235562,-0.20741378427254006,0.20741378427254006
r3_162_TrROS_Hall.pdb,K16V,15,-0.0662972711769498,0.17176957,0.23806684546150333,0.23806684546150333
r3_162_TrROS_Hall.pdb,K16I,15,-0.1277615896837991,0.17015097,0.29791255513599335,0.29791255513599335
r3_162_TrROS_Hall.pdb,K16W,15,0.003581376872594,0.031514883,0.027933506168787835,0.027933506168787835
r3_162_TrROS_Hall.pdb,K16Y,15,-0.0193003499419619,0.05432333,0.07362368046354545,0.07362368046354545
r3_162_TrROS_Hall.pdb,K16F,15,-0.2651619427403497,0.062148377,0.3273103200396585,0.3273103200396585
r3_162_TrROS_Hall.pdb,K16P,15,-0.2147841012302889,1.1867102,1.401494339687015,1.401494339687015
r3_162_TrROS_Hall.pdb,K16C,15,-0.1220101014737879,-0.106475085,0.015535016453722586,0.015535016453722586
r3_162_TrROS_Hall.pdb,L17Q,16,0.0449816358300596,1.1725833,1.127601705768451,1.127601705768451
r3_162_TrROS_Hall.pdb,L17E,16,0.2005944394030203,1.5455438,1.344949350460566,1.344949350460566
r3_162_TrROS_Hall.pdb,L17N,16,0.0348342754498638,1.2692363,1.2344020507677875,1.2344020507677875
r3_162_TrROS_Hall.pdb,L17H,16,0.1681850133681974,1.1760648,1.0078798355316438,1.0078798355316438
r3_162_TrROS_Hall.pdb,L17D,16,0.1298750688597074,1.5572741,1.4273990343049654,1.4273990343049654
r3_162_TrROS_Hall.pdb,L17R,16,0.2204489096274278,1.422773,1.2023240939507582,1.2023240939507582
r3_162_TrROS_Hall.pdb,L17K,16,0.2545900912307433,1.2182734,0.9636833100296327,0.9636833100296327
r3_162_TrROS_Hall.pdb,L17T,16,0.251167449604365,1.5395398,1.2883723643909963,1.2883723643909963
r3_162_TrROS_Hall.pdb,L17S,16,0.1632523898465701,1.5508753,1.3876229162828855,1.3876229162828855
r3_162_TrROS_Hall.pdb,L17A,16,0.0238470091675493,1.0984162,1.074569200053337,1.074569200053337
r3_162_TrROS_Hall.pdb,L17G,16,0.1832974142318031,1.4016786,1.2183811479325035,1.2183811479325035
r3_162_TrROS_Hall.pdb,L17M,16,-0.1036859883387233,0.39294553,0.49663151636911884,0.49663151636911884
r3_162_TrROS_Hall.pdb,L17V,16,0.1678943782864168,1.1432544,0.9753600210132047,0.9753600210132047
r3_162_TrROS_Hall.pdb,L17I,16,0.009744698814905,0.80465454,0.7949098398165342,0.7949098398165342
r3_162_TrROS_Hall.pdb,L17W,16,0.1467956283918043,0.83803666,0.6912410279878954,0.6912410279878954
r3_162_TrROS_Hall.pdb,L17Y,16,0.0144859244815123,0.95759666,0.943110735178827,0.943110735178827
r3_162_TrROS_Hall.pdb,L17F,16,0.0181205410883125,0.73708403,0.718963490016729,0.718963490016729
r3_162_TrROS_Hall.pdb,L17P,16,1.5621893570794283,1.859771,0.2975816561804594,0.2975816561804594
r3_162_TrROS_Hall.pdb,L17C,16,-0.0218951876498527,0.4359557,0.4578508909083671,0.4578508909083671
r3_162_TrROS_Hall.pdb,P18Q,17,0.0248238239294744,0.21051973,0.18569590711529488,0.18569590711529488
r3_162_TrROS_Hall.pdb,P18E,17,-0.0049817725383425,0.19673464,0.20171640956036094,0.20171640956036094
r3_162_TrROS_Hall.pdb,P18N,17,0.0107625172242666,0.15901646,0.148253942956016,0.148253942956016
r3_162_TrROS_Hall.pdb,P18H,17,-0.0971670550127949,0.21519923,0.3123662871142353,0.3123662871142353
r3_162_TrROS_Hall.pdb,P18D,17,-0.0371609364426959,0.21349213,0.25065306171544677,0.25065306171544677
r3_162_TrROS_Hall.pdb,P18R,17,0.5048076423116772,0.21684971,-0.2879579277940838,0.2879579277940838
r3_162_TrROS_Hall.pdb,P18K,17,0.1731525143327479,0.10539152,-0.0677609970512156,0.0677609970512156
r3_162_TrROS_Hall.pdb,P18T,17,-0.1144821125591999,0.23640645,0.3508885580624348,0.3508885580624348
r3_162_TrROS_Hall.pdb,P18S,17,0.0182950598483087,0.09561619,0.07732113177728639,0.07732113177728639
r3_162_TrROS_Hall.pdb,P18A,17,0.0236474753720328,0.048742473,0.025094997753424962,0.025094997753424962
r3_162_TrROS_Hall.pdb,P18G,17,-0.0249536380846366,0.2519714,0.27692503190826023,0.27692503190826023
r3_162_TrROS_Hall.pdb,P18M,17,0.0754903758479468,0.16368504,0.08819466283785185,0.08819466283785185
r3_162_TrROS_Hall.pdb,P18L,17,0.0089364816642945,0.14974636,0.1408098767303283,0.1408098767303283
r3_162_TrROS_Hall.pdb,P18V,17,0.0101766728614398,0.25339308,0.24321641094936647,0.24321641094936647
r3_162_TrROS_Hall.pdb,P18I,17,-0.1674398203302312,0.25611073,0.423550548117249,0.423550548117249
r3_162_TrROS_Hall.pdb,P18W,17,0.1016693992414543,0.14333805,0.04166865517710955,0.04166865517710955
r3_162_TrROS_Hall.pdb,P18Y,17,-0.0437573788627823,0.2448024,0.28855977933256227,0.28855977933256227
r3_162_TrROS_Hall.pdb,P18F,17,0.0724077126084603,0.27794904,0.2055413225592338,0.2055413225592338
r3_162_TrROS_Hall.pdb,P18C,17,0.0126158680404699,-0.018614829,-0.03123069662704827,0.03123069662704827
r3_162_TrROS_Hall.pdb,D19Q,18,-0.0097878002613134,0.86563504,0.8754228376834936,0.8754228376834936
r3_162_TrROS_Hall.pdb,D19E,18,0.0119572821669065,0.66348547,0.6515281852670229,0.6515281852670229
r3_162_TrROS_Hall.pdb,D19N,18,0.0274983256205558,0.30488327,0.27738494583520895,0.27738494583520895
r3_162_TrROS_Hall.pdb,D19H,18,0.078228171344941,0.79286635,0.7146381778753349,0.7146381778753349
r3_162_TrROS_Hall.pdb,D19R,18,0.485378736795675,0.9900563,0.5046775395257361,0.5046775395257361
r3_162_TrROS_Hall.pdb,D19K,18,0.1879883559306812,0.9403589,0.7523705212513256,0.7523705212513256
r3_162_TrROS_Hall.pdb,D19T,18,0.0475734351750771,0.5646394,0.517065954339846,0.517065954339846
r3_162_TrROS_Hall.pdb,D19A,18,-0.0302804660239539,0.72028846,0.7505689215102516,0.7505689215102516
r3_162_TrROS_Hall.pdb,D19G,18,0.1580951390644118,0.67050767,0.5124125303844407,0.5124125303844407
r3_162_TrROS_Hall.pdb,D19M,18,-0.0926089841134301,0.8397507,0.9323596912629357,0.9323596912629357
r3_162_TrROS_Hall.pdb,D19L,18,-0.0825500160008685,0.8212731,0.9038231044560687,0.9038231044560687
r3_162_TrROS_Hall.pdb,D19V,18,0.0606985285212084,1.0831734,1.0224748656819775,1.0224748656819775
r3_162_TrROS_Hall.pdb,D19I,18,0.1783826112598179,1.0248435,0.846460843101144,0.846460843101144
r3_162_TrROS_Hall.pdb,D19W,18,0.0018087402177391,0.50183606,0.500027321259922,0.500027321259922
r3_162_TrROS_Hall.pdb,D19Y,18,0.0773329890784682,0.6398344,0.562501414913231,0.562501414913231
r3_162_TrROS_Hall.pdb,D19F,18,0.0961971344470855,0.5061235,0.40992634873391426,0.40992634873391426
r3_162_TrROS_Hall.pdb,D19P,18,0.255042222683655,1.2666583,1.011616083438171,1.011616083438171
r3_162_TrROS_Hall.pdb,D19C,18,0.0811800128083586,0.33485964,0.2536796265978456,0.2536796265978456
r3_162_TrROS_Hall.pdb,G20Q,19,-0.1272687135765648,1.1969659,1.3242346464226342,1.3242346464226342
r3_162_TrROS_Hall.pdb,G20E,19,0.064780186708897,1.309188,1.2444078215995136,1.2444078215995136
r3_162_TrROS_Hall.pdb,G20N,19,-0.0663717973522883,0.8205663,0.8869380939297419,0.8869380939297419
r3_162_TrROS_Hall.pdb,G20H,19,0.0892174776058434,1.11364,1.0244224731464149,1.0244224731464149
r3_162_TrROS_Hall.pdb,G20D,19,0.0790419757852456,0.8804748,0.8014328300466635,0.8014328300466635
r3_162_TrROS_Hall.pdb,G20R,19,0.1596707352251209,1.4280655,1.268394803181251,1.268394803181251
r3_162_TrROS_Hall.pdb,G20K,19,0.2387697202065766,1.2942575,1.0554878014227569,1.0554878014227569
r3_162_TrROS_Hall.pdb,G20T,19,0.1078095019691742,1.3798742,1.272064727461978,1.272064727461978
r3_162_TrROS_Hall.pdb,G20S,19,-0.0007252110848039,1.0722408,1.0729660405525774,1.0729660405525774
r3_162_TrROS_Hall.pdb,G20A,19,0.0725219532249799,1.2415396,1.1690176442863116,1.1690176442863116
r3_162_TrROS_Hall.pdb,G20M,19,-0.0624220727075117,1.147672,1.2100941298593062,1.2100941298593062
r3_162_TrROS_Hall.pdb,G20L,19,0.032526166746293,1.1480223,1.1154961272982016,1.1154961272982016
r3_162_TrROS_Hall.pdb,G20V,19,0.6296946871499225,1.7289472,1.0992524754782513,1.0992524754782513
r3_162_TrROS_Hall.pdb,G20I,19,0.6694375808053366,1.7188721,1.0494344895071634,1.0494344895071634
r3_162_TrROS_Hall.pdb,G20W,19,0.0861603718087149,1.1425115,1.0563511151984262,1.0563511151984262
r3_162_TrROS_Hall.pdb,G20Y,19,0.161936399547435,1.0927784,0.9308420447427261,0.9308420447427261
r3_162_TrROS_Hall.pdb,G20F,19,0.0676399350544985,0.8888744,0.8212344765284483,0.8212344765284483
r3_162_TrROS_Hall.pdb,G20P,19,1.746041092907256,1.8126069,0.06656583782547099,0.06656583782547099
r3_162_TrROS_Hall.pdb,G20C,19,-0.0847981623704976,0.5816188,0.6664169482286519,0.6664169482286519
r3_162_TrROS_Hall.pdb,T21Q,20,0.3150381070088786,0.30781054,-0.007227562041227209,0.007227562041227209
r3_162_TrROS_Hall.pdb,T21E,20,0.4021384352977142,0.83170336,0.4295649295513764,0.4295649295513764
r3_162_TrROS_Hall.pdb,T21N,20,0.2497269402919064,0.17923373,-0.07049321045258145,0.07049321045258145
r3_162_TrROS_Hall.pdb,T21H,20,0.1537878748770014,0.22195747,0.0681696000699743,0.0681696000699743
r3_162_TrROS_Hall.pdb,T21D,20,0.1461559200342259,0.83820254,0.6920466160718837,0.6920466160718837
r3_162_TrROS_Hall.pdb,T21R,20,0.1620331307808724,-0.08587399,-0.2479071220318642,0.2479071220318642
r3_162_TrROS_Hall.pdb,T21K,20,0.3255605119078693,-0.08073431,-0.40629482444220155,0.40629482444220155
r3_162_TrROS_Hall.pdb,T21S,20,0.0761925980210396,0.15787992,0.08168732079266584,0.08168732079266584
r3_162_TrROS_Hall.pdb,T21A,20,0.0606437223766862,0.35477063,0.29412690822138204,0.29412690822138204
r3_162_TrROS_Hall.pdb,T21G,20,0.3263861678693747,0.6348872,0.3085010506059671,0.3085010506059671
r3_162_TrROS_Hall.pdb,T21M,20,0.0952931792758375,0.117144465,0.02185128617063467,0.02185128617063467
r3_162_TrROS_Hall.pdb,T21L,20,-0.011003310977304,0.21426624,0.22526955157407524,0.22526955157407524
r3_162_TrROS_Hall.pdb,T21V,20,0.1418756624620902,0.4019737,0.2600980321008218,0.2600980321008218
r3_162_TrROS_Hall.pdb,T21I,20,0.1509657119142629,0.19885424,0.04788852588061321,0.04788852588061321
r3_162_TrROS_Hall.pdb,T21W,20,-0.0273415145012938,0.21091674,0.23825825718375077,0.23825825718375077
r3_162_TrROS_Hall.pdb,T21Y,20,0.2402287362358057,0.16982608,-0.07040266080112095,0.07040266080112095
r3_162_TrROS_Hall.pdb,T21F,20,0.2284592868424804,0.09491697,-0.13354231730474542,0.13354231730474542
r3_162_TrROS_Hall.pdb,T21C,20,-0.091539211903366,-0.07803133,0.013507880602630529,0.013507880602630529
r3_162_TrROS_Hall.pdb,Y22Q,21,0.9844865639767316,2.2114081,1.226921574298415,1.226921574298415
r3_162_TrROS_Hall.pdb,Y22E,21,1.5900955131852417,2.4058545,0.8157589503920288,0.8157589503920288
r3_162_TrROS_Hall.pdb,Y22N,21,0.4604360872510584,2.4284756,1.9680395311113683,1.9680395311113683
r3_162_TrROS_Hall.pdb,Y22H,21,0.632720537107315,1.4920616,0.8593410778829194,0.8593410778829194
r3_162_TrROS_Hall.pdb,Y22D,21,1.7113611928996444,2.4878643,0.776503063005507,0.776503063005507
r3_162_TrROS_Hall.pdb,Y22R,21,0.7595123091926883,2.1003792,1.3408669193992306,1.3408669193992306
r3_162_TrROS_Hall.pdb,Y22K,21,1.3615683374669034,2.2908773,0.9293090047572177,0.9293090047572177
r3_162_TrROS_Hall.pdb,Y22T,21,0.868205982077396,2.0007732,1.1325672093746304,1.1325672093746304
r3_162_TrROS_Hall.pdb,Y22S,21,0.4045571519607227,2.1676939,1.7631367014175732,1.7631367014175732
r3_162_TrROS_Hall.pdb,Y22A,21,0.3683652142087572,1.9557143,1.5873491307695753,1.5873491307695753
r3_162_TrROS_Hall.pdb,Y22G,21,0.5238934497703145,2.5966942,2.0728007812630107,2.0728007812630107
r3_162_TrROS_Hall.pdb,Y22M,21,0.4251497913900275,1.5589029,1.1337530682977777,1.1337530682977777
r3_162_TrROS_Hall.pdb,Y22L,21,0.5511337640049718,1.4584359,0.907302129053805,0.907302129053805
r3_162_TrROS_Hall.pdb,Y22V,21,0.5759122878372804,1.7517364,1.1758241146743162,1.1758241146743162
r3_162_TrROS_Hall.pdb,Y22I,21,0.6417872037736565,1.5420305,0.9002432499082893,0.9002432499082893
r3_162_TrROS_Hall.pdb,Y22W,21,0.0166829888605262,0.4001975,0.3835145170904015,0.3835145170904015
r3_162_TrROS_Hall.pdb,Y22F,21,0.0475116862313127,0.59180474,0.5442930565817976,0.5442930565817976
r3_162_TrROS_Hall.pdb,Y22P,21,1.8012647075853865,2.6494336,0.8481689052380998,0.8481689052380998
r3_162_TrROS_Hall.pdb,Y22C,21,0.5784411658876203,1.3010494,0.7226081858045794,0.7226081858045794
r3_162_TrROS_Hall.pdb,K23Q,22,0.1788459435064906,0.39012605,0.2112801060120946,0.2112801060120946
r3_162_TrROS_Hall.pdb,K23E,22,0.4245414808540557,0.99020755,0.5656660720557953,0.5656660720557953
r3_162_TrROS_Hall.pdb,K23N,22,0.3760844427424095,1.1088264,0.7327419561070778,0.7327419561070778
r3_162_TrROS_Hall.pdb,K23H,22,0.207784581237866,0.7697431,0.5619585036696657,0.5619585036696657
r3_162_TrROS_Hall.pdb,K23D,22,0.5913410074095533,1.7650101,1.1736691110749438,1.1736691110749438
r3_162_TrROS_Hall.pdb,K23R,22,-0.2677019582957918,0.07013255,0.3378345118732149,0.3378345118732149
r3_162_TrROS_Hall.pdb,K23T,22,0.3719710676573973,0.5084985,0.13652742219932268,0.13652742219932268
r3_162_TrROS_Hall.pdb,K23S,22,0.2236061864522787,0.85457337,0.6309671825739054,0.6309671825739054
r3_162_TrROS_Hall.pdb,K23A,22,0.2447397219511264,0.60735655,0.3626168263581998,0.3626168263581998
r3_162_TrROS_Hall.pdb,K23G,22,0.3279232794365851,1.4632065,1.1352832501807244,1.1352832501807244
r3_162_TrROS_Hall.pdb,K23M,22,0.2243782701478052,0.15200645,-0.07237182283258914,0.07237182283258914
r3_162_TrROS_Hall.pdb,K23L,22,0.3659951518252002,0.058461845,-0.30753330690408814,0.30753330690408814
r3_162_TrROS_Hall.pdb,K23V,22,0.1003829761589747,0.18215922,0.08177623905289359,0.08177623905289359
r3_162_TrROS_Hall.pdb,K23I,22,0.4446674929702126,0.095069826,-0.3495976673209511,0.3495976673209511
r3_162_TrROS_Hall.pdb,K23W,22,0.0877464732662733,0.48166525,0.3939187803729479,0.3939187803729479
r3_162_TrROS_Hall.pdb,K23Y,22,0.2087444596747163,0.46708834,0.25834388203823533,0.25834388203823533
r3_162_TrROS_Hall.pdb,K23F,22,0.16194545068244,0.45977992,0.2978344675113771,0.2978344675113771
r3_162_TrROS_Hall.pdb,K23P,22,1.831021411861518,2.1329641,0.3019427223547906,0.3019427223547906
r3_162_TrROS_Hall.pdb,K23C,22,0.2018109475540113,0.18631616,-0.01549478520621772,0.01549478520621772
r3_162_TrROS_Hall.pdb,V24Q,23,1.4565070928515027,1.9416963,0.48518919334997435,0.48518919334997435
r3_162_TrROS_Hall.pdb,V24E,23,2.579812635617873,2.1994967,-0.3803158895546406,0.3803158895546406
r3_162_TrROS_Hall.pdb,V24N,23,2.36646244495632,2.0640635,-0.30239889591457203,0.30239889591457203
r3_162_TrROS_Hall.pdb,V24H,23,1.9487506422253484,1.49377,-0.4549806389065618,0.4549806389065618
r3_162_TrROS_Hall.pdb,V24D,23,3.926831393448349,2.3842287,-1.5426026870884857,1.5426026870884857
r3_162_TrROS_Hall.pdb,V24R,23,1.727083891087065,2.0149503,0.28786638433407763,0.28786638433407763
r3_162_TrROS_Hall.pdb,V24K,23,1.8278886215413244,1.9429419,0.1150532825266688,0.1150532825266688
r3_162_TrROS_Hall.pdb,V24T,23,0.4566602571689628,1.5187284,1.0620681182659126,1.0620681182659126
r3_162_TrROS_Hall.pdb,V24S,23,0.990605126781224,1.9396902,0.9490851054956925,0.9490851054956925
r3_162_TrROS_Hall.pdb,V24A,23,0.110449118142748,1.3191712,1.2087220721190928,1.2087220721190928
r3_162_TrROS_Hall.pdb,V24G,23,0.6168326249371896,2.0915604,1.4747277388323417,1.4747277388323417
r3_162_TrROS_Hall.pdb,V24M,23,0.2245375175148867,0.74280626,0.5182687383025266,0.5182687383025266
r3_162_TrROS_Hall.pdb,V24L,23,0.0114519042106149,0.46093988,0.4494879799751761,0.4494879799751761
r3_162_TrROS_Hall.pdb,V24I,23,0.1272550240383374,-0.12707245,-0.25432747753717777,0.25432747753717777
r3_162_TrROS_Hall.pdb,V24W,23,0.5115442033362045,0.8209597,0.30941548389676665,0.30941548389676665
r3_162_TrROS_Hall.pdb,V24Y,23,0.6932117050157309,0.75591815,0.06270644016401761,0.06270644016401761
r3_162_TrROS_Hall.pdb,V24F,23,0.7612538830204154,0.67637587,-0.08487801708413611,0.08487801708413611
r3_162_TrROS_Hall.pdb,V24P,23,2.808240925823812,2.3101654,-0.4980755205503744,0.4980755205503744
r3_162_TrROS_Hall.pdb,V24C,23,0.4180336970622305,0.47896934,0.06093563849379979,0.06093563849379979
r3_162_TrROS_Hall.pdb,T25Q,24,0.0492871248785151,0.69762087,0.6483337438043463,0.6483337438043463
r3_162_TrROS_Hall.pdb,T25E,24,0.4854585278373724,0.9081845,0.42272600051345766,0.42272600051345766
r3_162_TrROS_Hall.pdb,T25N,24,0.3201435871261857,1.0378624,0.7177188329559065,0.7177188329559065
r3_162_TrROS_Hall.pdb,T25H,24,0.2622513792785055,0.8040879,0.5418364979950541,0.5418364979950541
r3_162_TrROS_Hall.pdb,T25D,24,0.4786895143931389,1.2069312,0.728241719012928,0.728241719012928
r3_162_TrROS_Hall.pdb,T25R,24,-0.2171073891964843,0.87379104,1.090898428186505,1.090898428186505
r3_162_TrROS_Hall.pdb,T25K,24,0.1871429862125895,0.852808,0.665665012444637,0.665665012444637
r3_162_TrROS_Hall.pdb,T25S,24,0.1302407498181965,0.57933176,0.44909100581992606,0.44909100581992606
r3_162_TrROS_Hall.pdb,T25A,24,0.0647703868224542,0.8038317,0.7390613096878608,0.7390613096878608
r3_162_TrROS_Hall.pdb,T25G,24,0.2820970155285502,1.4368005,1.1547034643603657,1.1547034643603657
r3_162_TrROS_Hall.pdb,T25M,24,-0.0002291869574913,0.4537698,0.4539989900046715,0.4539989900046715
r3_162_TrROS_Hall.pdb,T25L,24,0.0035017529661383,0.45223176,0.4487300118272577,0.4487300118272577
r3_162_TrROS_Hall.pdb,T25V,24,0.140901762215952,0.29689178,0.15599001649155228,0.15599001649155228
r3_162_TrROS_Hall.pdb,T25I,24,0.2872964827934714,0.16292226,-0.12437421964802464,0.12437421964802464
r3_162_TrROS_Hall.pdb,T25W,24,-0.0155041459170712,0.4277502,0.4432543459502591,0.4432543459502591
r3_162_TrROS_Hall.pdb,T25Y,24,-0.0360543488147904,0.4912954,0.5273497460964371,0.5273497460964371
r3_162_TrROS_Hall.pdb,T25F,24,-0.1136909482938834,0.41788137,0.5315723178846427,0.5315723178846427
r3_162_TrROS_Hall.pdb,T25P,24,1.8864892246089855,2.0205607,0.13407151681557505,0.13407151681557505
r3_162_TrROS_Hall.pdb,T25C,24,0.1084332334716,0.29698873,0.18855549219063145,0.18855549219063145
r3_162_TrROS_Hall.pdb,I26Q,25,0.0554056941273275,1.1607232,1.105317515253776,1.105317515253776
r3_162_TrROS_Hall.pdb,I26E,25,0.1220708974010342,1.3453796,1.223308693587125,1.223308693587125
r3_162_TrROS_Hall.pdb,I26N,25,0.3947454426081451,1.5637171,1.1689716842381683,1.1689716842381683
r3_162_TrROS_Hall.pdb,I26H,25,0.24214526112626,1.0768656,0.834720292729636,0.834720292729636
r3_162_TrROS_Hall.pdb,I26D,25,0.4786748364673245,1.6340723,1.155397467304648,1.155397467304648
r3_162_TrROS_Hall.pdb,I26R,25,0.3755040047515932,1.2952665,0.9197625043044981,0.9197625043044981
r3_162_TrROS_Hall.pdb,I26K,25,0.2725812524776092,1.3545005,1.0819192796726593,1.0819192796726593
r3_162_TrROS_Hall.pdb,I26T,25,0.0649901189532071,0.9637637,0.8987735948834629,0.8987735948834629
r3_162_TrROS_Hall.pdb,I26S,25,0.0372374852050869,1.2298477,1.1926101843963535,1.1926101843963535
r3_162_TrROS_Hall.pdb,I26A,25,0.0827661922519107,1.0236098,0.9408435651714901,0.9408435651714901
r3_162_TrROS_Hall.pdb,I26G,25,0.5072090949169619,1.6718254,1.164616314018585,1.164616314018585
r3_162_TrROS_Hall.pdb,I26M,25,0.1591565028365877,0.47737485,0.31821834886705613,0.31821834886705613
r3_162_TrROS_Hall.pdb,I26L,25,0.2129486145692718,0.41709417,0.2041455564779389,0.2041455564779389
r3_162_TrROS_Hall.pdb,I26V,25,-0.0939401765645913,0.41654405,0.5104842265428475,0.5104842265428475
r3_162_TrROS_Hall.pdb,I26W,25,0.3105901305442744,0.26341176,-0.04717837021407423,0.04717837021407423
r3_162_TrROS_Hall.pdb,I26Y,25,0.3386362417275004,0.36212426,0.023488022512764495,0.023488022512764495
r3_162_TrROS_Hall.pdb,I26F,25,-0.0009814710543869,0.20870101,0.2096824855731247,0.2096824855731247
r3_162_TrROS_Hall.pdb,I26P,25,2.266336501768457,1.931943,-0.3343934428008666,0.3343934428008666
r3_162_TrROS_Hall.pdb,I26C,25,-0.0367374587202826,0.4191535,0.45589097024448305,0.45589097024448305
r3_162_TrROS_Hall.pdb,Y27Q,26,0.5731807206736175,0.83938867,0.2662079478635224,0.2662079478635224
r3_162_TrROS_Hall.pdb,Y27E,26,0.659548515818039,0.94136477,0.28181624934919736,0.28181624934919736
r3_162_TrROS_Hall.pdb,Y27N,26,0.5605263134070286,1.2878814,0.7273550609521022,0.7273550609521022
r3_162_TrROS_Hall.pdb,Y27H,26,0.2692838992929216,0.6894598,0.4201759014272932,0.4201759014272932
r3_162_TrROS_Hall.pdb,Y27D,26,0.4212626534980401,1.439224,1.0179613512474432,1.0179613512474432
r3_162_TrROS_Hall.pdb,Y27R,26,0.6347433320029232,0.94910944,0.3143661030785587,0.3143661030785587
r3_162_TrROS_Hall.pdb,Y27K,26,0.5884299962054014,0.94178027,0.3533502729405642,0.3533502729405642
r3_162_TrROS_Hall.pdb,Y27T,26,0.1894574295710578,0.483107,0.2936495710183129,0.2936495710183129
r3_162_TrROS_Hall.pdb,Y27S,26,0.290546714905898,0.82435507,0.5338083509167033,0.5338083509167033
r3_162_TrROS_Hall.pdb,Y27A,26,0.4465822977925278,0.8537108,0.40712847281446685,0.40712847281446685
r3_162_TrROS_Hall.pdb,Y27G,26,0.5512330444091575,1.5138484,0.9626153795486672,0.9626153795486672
r3_162_TrROS_Hall.pdb,Y27M,26,0.1423204491490013,0.29580396,0.1534835149890297,0.1534835149890297
r3_162_TrROS_Hall.pdb,Y27L,26,0.57214863236953,0.35791045,-0.21423817809630608,0.21423817809630608
r3_162_TrROS_Hall.pdb,Y27V,26,0.5221863583006314,0.3808097,-0.1413766637720517,0.1413766637720517
r3_162_TrROS_Hall.pdb,Y27I,26,0.2651526547747389,0.14727357,-0.11787908447559037,0.11787908447559037
r3_162_TrROS_Hall.pdb,Y27W,26,-0.0784085673250958,0.05041969,0.12882825554988828,0.12882825554988828
r3_162_TrROS_Hall.pdb,Y27F,26,0.1056425886997081,0.036882162,-0.0687604266055919,0.0687604266055919
r3_162_TrROS_Hall.pdb,Y27P,26,0.8638485166158842,2.075169,1.2113205698404146,1.2113205698404146
r3_162_TrROS_Hall.pdb,Y27C,26,0.7464372618564044,0.19781145,-0.5486258073218737,0.5486258073218737
r3_162_TrROS_Hall.pdb,D28Q,27,0.4787108065351084,1.3190331,0.8403223393694326,0.8403223393694326
r3_162_TrROS_Hall.pdb,D28E,27,0.3224197050448785,0.89617205,0.5737523416164985,0.5737523416164985
r3_162_TrROS_Hall.pdb,D28N,27,0.3011323918108131,0.3900481,0.08891569483240591,0.08891569483240591
r3_162_TrROS_Hall.pdb,D28H,27,0.3975242253529831,1.1052536,0.7077293518793777,0.7077293518793777
r3_162_TrROS_Hall.pdb,D28R,27,0.6546281626826644,1.4672853,0.8126571127766251,0.8126571127766251
r3_162_TrROS_Hall.pdb,D28K,27,0.4961235373330543,1.5640804,1.0679568202185203,1.0679568202185203
r3_162_TrROS_Hall.pdb,D28T,27,0.2511943405582446,1.2460003,0.9948059493587476,0.9948059493587476
r3_162_TrROS_Hall.pdb,D28S,27,0.301821803449732,1.0351723,0.7333505398043574,0.7333505398043574
r3_162_TrROS_Hall.pdb,D28A,27,0.5045536898567864,1.2557529,0.7511992312476448,0.7511992312476448
r3_162_TrROS_Hall.pdb,D28G,27,0.4109891661011611,1.3472477,0.9362585536635484,0.9362585536635484
r3_162_TrROS_Hall.pdb,D28M,27,0.5928306709671833,1.261504,0.6686733831023357,0.6686733831023357
r3_162_TrROS_Hall.pdb,D28L,27,0.5880918160948534,1.1486616,0.5605697973695021,0.5605697973695021
r3_162_TrROS_Hall.pdb,D28V,27,0.4560282836887581,1.4509485,0.9949201931026237,0.9949201931026237
r3_162_TrROS_Hall.pdb,D28I,27,0.5274821334720685,1.3120933,0.7846111244319842,0.7846111244319842
r3_162_TrROS_Hall.pdb,D28W,27,0.0568042111703155,0.87247175,0.8156675386122467,0.8156675386122467
r3_162_TrROS_Hall.pdb,D28Y,27,0.3594093344233675,1.0070785,0.6476691939808683,0.6476691939808683
r3_162_TrROS_Hall.pdb,D28F,27,0.6291878289220074,0.8412844,0.21209656534221377,0.21209656534221377
r3_162_TrROS_Hall.pdb,D28P,27,0.970097708966811,1.9268949,0.9567971942161724,0.9567971942161724
r3_162_TrROS_Hall.pdb,D28C,27,0.183180438568379,0.7086508,0.5254703888394578,0.5254703888394578
r3_162_TrROS_Hall.pdb,K29Q,28,0.5031431158475845,0.34618735,-0.15695576271342926,0.15695576271342926
r3_162_TrROS_Hall.pdb,K29E,28,0.4298655777651765,0.77246714,0.34260155861788016,0.34260155861788016
r3_162_TrROS_Hall.pdb,K29N,28,0.1978144211907091,0.50393707,0.30612264441063974,0.30612264441063974
r3_162_TrROS_Hall.pdb,K29H,28,0.1898186056442279,0.24765015,0.057831540840147105,0.057831540840147105
r3_162_TrROS_Hall.pdb,K29D,28,0.5297049728303196,0.9797463,0.4500413092703579,0.4500413092703579
r3_162_TrROS_Hall.pdb,K29R,28,0.3595717920430701,0.14982161,-0.20975018278441837,0.20975018278441837
r3_162_TrROS_Hall.pdb,K29T,28,-0.0205964535906213,0.46467438,0.485270836992492,0.485270836992492
r3_162_TrROS_Hall.pdb,K29S,28,0.2771462547632444,0.5353329,0.25818666340386986,0.25818666340386986
r3_162_TrROS_Hall.pdb,K29A,28,0.1183182355028806,0.28857893,0.17026069201405664,0.17026069201405664
r3_162_TrROS_Hall.pdb,K29G,28,0.4458982191637068,0.44918755,0.0032893278047532726,0.0032893278047532726
r3_162_TrROS_Hall.pdb,K29M,28,-0.1490787835248932,0.1674241,0.3165028811820969,0.3165028811820969
r3_162_TrROS_Hall.pdb,K29L,28,-0.1934260674790362,0.017608881,0.2110349484757403,0.2110349484757403
r3_162_TrROS_Hall.pdb,K29V,28,0.300686796907045,0.37330258,0.07261578201904145,0.07261578201904145
r3_162_TrROS_Hall.pdb,K29I,28,0.0053697630606235,0.3235518,0.3181820407666623,0.3181820407666623
r3_162_TrROS_Hall.pdb,K29W,28,0.3288972393581337,0.19078432,-0.13811291912288132,0.13811291912288132
r3_162_TrROS_Hall.pdb,K29Y,28,0.1327535836629403,0.16035344,0.02759985340313789,0.02759985340313789
r3_162_TrROS_Hall.pdb,K29F,28,0.1285056516379583,0.17852719,0.05002153964336037,0.05002153964336037
r3_162_TrROS_Hall.pdb,K29P,28,0.5379947975069723,0.9730338,0.435038988313035,0.435038988313035
r3_162_TrROS_Hall.pdb,K29C,28,0.0668732697585703,0.005103439,-0.061769830665934194,0.061769830665934194
r3_162_TrROS_Hall.pdb,K30Q,29,-0.1048563843344974,0.10902621,0.213882592854433,0.213882592854433
r3_162_TrROS_Hall.pdb,K30E,29,-0.0323771786795257,0.25638783,0.28876500846010433,0.28876500846010433
r3_162_TrROS_Hall.pdb,K30N,29,0.0768295939664955,0.08663988,0.009810287167537707,0.009810287167537707
r3_162_TrROS_Hall.pdb,K30H,29,0.0737173804930018,0.13316354,0.05944616106240286,0.05944616106240286
r3_162_TrROS_Hall.pdb,K30D,29,0.1773427317047362,0.37451124,0.1971685102081056,0.1971685102081056
r3_162_TrROS_Hall.pdb,K30R,29,0.0131882407584216,0.028505549,0.01531730807637912,0.01531730807637912
r3_162_TrROS_Hall.pdb,K30T,29,-0.0988155999772653,0.12883285,0.2276484468572244,0.2276484468572244
r3_162_TrROS_Hall.pdb,K30S,29,0.0380527441326394,0.21719581,0.1791430647548423,0.1791430647548423
r3_162_TrROS_Hall.pdb,K30A,29,0.2055703812499265,0.18474057,-0.02082980808212559,0.02082980808212559
r3_162_TrROS_Hall.pdb,K30G,29,-0.1110221435858296,0.59384775,0.7048698952032613,0.7048698952032613
r3_162_TrROS_Hall.pdb,K30M,29,-0.0095119850696994,0.049578577,0.059090562349743955,0.059090562349743955
r3_162_TrROS_Hall.pdb,K30L,29,-0.0644829758344931,-0.0729969,-0.008513923651094976,0.008513923651094976
r3_162_TrROS_Hall.pdb,K30V,29,0.2374074598434843,0.042760327,-0.19464713238510264,0.19464713238510264
r3_162_TrROS_Hall.pdb,K30I,29,0.145129137349131,-0.09578724,-0.24091637940407026,0.24091637940407026
r3_162_TrROS_Hall.pdb,K30W,29,0.0268077566203279,0.14010344,0.11329568783672624,0.11329568783672624
r3_162_TrROS_Hall.pdb,K30Y,29,0.0449980813407968,0.18709779,0.14209970651625886,0.14209970651625886
r3_162_TrROS_Hall.pdb,K30F,29,-0.0325095398622687,0.20638323,0.23889276816427066,0.23889276816427066
r3_162_TrROS_Hall.pdb,K30P,29,0.0383455668128513,1.232617,1.1942714537941432,1.1942714537941432
r3_162_TrROS_Hall.pdb,K30C,29,0.2151127762191222,-0.059444502,-0.2745572782151625,0.2745572782151625
r3_162_TrROS_Hall.pdb,T31Q,30,0.170753812349492,0.9728396,0.802085781537837,0.802085781537837
r3_162_TrROS_Hall.pdb,T31E,30,0.092821846484381,1.0072715,0.9144496817596376,0.9144496817596376
r3_162_TrROS_Hall.pdb,T31N,30,-0.0631595828061577,0.6709029,0.7340624906545159,0.7340624906545159
r3_162_TrROS_Hall.pdb,T31H,30,0.0824333983243841,0.87001747,0.7875840706049066,0.7875840706049066
r3_162_TrROS_Hall.pdb,T31D,30,0.1519865396544562,0.69601357,0.544027030177392,0.544027030177392
r3_162_TrROS_Hall.pdb,T31R,30,0.3291687968410572,1.0531534,0.7239845988117137,0.7239845988117137
r3_162_TrROS_Hall.pdb,T31K,30,0.0460153315804428,1.0209008,0.9748855139472061,0.9748855139472061
r3_162_TrROS_Hall.pdb,T31S,30,0.1208566939435327,0.3041528,0.18329609278818726,0.18329609278818726
r3_162_TrROS_Hall.pdb,T31A,30,0.2072874356038232,0.9347369,0.727449471878324,0.727449471878324
r3_162_TrROS_Hall.pdb,T31G,30,0.0916773602616833,1.0163301,0.9246527626860096,0.9246527626860096
r3_162_TrROS_Hall.pdb,T31M,30,0.2324437112521264,0.93037415,0.6979304342556861,0.6979304342556861
r3_162_TrROS_Hall.pdb,T31L,30,0.2819300616358173,0.8591577,0.5772276198293316,0.5772276198293316
r3_162_TrROS_Hall.pdb,T31V,30,0.2147473357082132,0.8275628,0.6128154732822653,0.6128154732822653
r3_162_TrROS_Hall.pdb,T31I,30,0.1800234007904686,0.85142046,0.6713970613410316,0.6713970613410316
r3_162_TrROS_Hall.pdb,T31W,30,0.2189316793437052,0.7791067,0.5601749972348166,0.5601749972348166
r3_162_TrROS_Hall.pdb,T31Y,30,0.17428882138526,0.7355597,0.5612708805342956,0.5612708805342956
r3_162_TrROS_Hall.pdb,T31F,30,0.104296559484065,0.78969485,0.6853982861923571,0.6853982861923571
r3_162_TrROS_Hall.pdb,T31P,30,0.0658159946624978,1.1729283,1.1071123386199728,1.1071123386199728
r3_162_TrROS_Hall.pdb,T31C,30,0.2798214212676191,0.46741098,0.18758956038750174,0.18758956038750174
r3_162_TrROS_Hall.pdb,G32Q,31,0.0875330004124812,0.64092284,0.5533898439974614,0.5533898439974614
r3_162_TrROS_Hall.pdb,G32E,31,0.095593665301922,0.9414848,0.8458911436198919,0.8458911436198919
r3_162_TrROS_Hall.pdb,G32N,31,0.0819251326886698,0.63228047,0.550355336252065,0.550355336252065
r3_162_TrROS_Hall.pdb,G32H,31,0.1019221041599474,0.6610348,0.5591127183040419,0.5591127183040419
r3_162_TrROS_Hall.pdb,G32D,31,0.3036666738374967,0.8532066,0.5495399010793429,0.5495399010793429
r3_162_TrROS_Hall.pdb,G32R,31,0.4772332679196731,0.8259595,0.3487262357309922,0.3487262357309922
r3_162_TrROS_Hall.pdb,G32K,31,0.0240048103298962,0.63474894,0.6107441253695667,0.6107441253695667
r3_162_TrROS_Hall.pdb,G32T,31,0.0909372062518549,1.0862195,0.9952823429272223,0.9952823429272223
r3_162_TrROS_Hall.pdb,G32S,31,-0.1124676539159779,0.7863735,0.8988411499715809,0.8988411499715809
r3_162_TrROS_Hall.pdb,G32A,31,0.1454619079556538,0.6905289,0.5450670212778972,0.5450670212778972
r3_162_TrROS_Hall.pdb,G32M,31,0.2811538323909035,0.71050423,0.42935040144622416,0.42935040144622416
r3_162_TrROS_Hall.pdb,G32L,31,0.0829815766608277,0.7173934,0.6344118216240844,0.6344118216240844
r3_162_TrROS_Hall.pdb,G32V,31,0.3934002240358056,1.2790542,0.885653940850669,0.885653940850669
r3_162_TrROS_Hall.pdb,G32I,31,0.3796719877116716,1.2622961,0.8826240928776228,0.8826240928776228
r3_162_TrROS_Hall.pdb,G32W,31,-0.2208985636503868,0.7330631,0.9539616654188805,0.9539616654188805
r3_162_TrROS_Hall.pdb,G32Y,31,-0.0355046012400981,0.7667494,0.8022539832591411,0.8022539832591411
r3_162_TrROS_Hall.pdb,G32F,31,-0.0773476021061734,0.6570278,0.7343753831158475,0.7343753831158475
r3_162_TrROS_Hall.pdb,G32P,31,0.232042571587236,1.2360867,1.0040441546014236,1.0040441546014236
r3_162_TrROS_Hall.pdb,G32C,31,0.1009919548958855,0.29194403,0.19095207205113598,0.19095207205113598
r3_162_TrROS_Hall.pdb,E33Q,32,0.2148487641352927,0.05611828,-0.15873048443978183,0.15873048443978183
r3_162_TrROS_Hall.pdb,E33N,32,0.1522072301116148,0.21505645,0.06284921906326618,0.06284921906326618
r3_162_TrROS_Hall.pdb,E33H,32,-0.0062013384704329,0.09324744,0.0994487819080092,0.0994487819080092
r3_162_TrROS_Hall.pdb,E33D,32,0.0938267702230097,0.20950913,0.11568236406959284,0.11568236406959284
r3_162_TrROS_Hall.pdb,E33R,32,0.1996779853748806,0.19230315,-0.007374834482622911,0.007374834482622911
r3_162_TrROS_Hall.pdb,E33K,32,0.275412364232289,0.12043749,-0.15497487627242723,0.15497487627242723
r3_162_TrROS_Hall.pdb,E33T,32,0.0324761354136233,0.18223445,0.14975831576111273,0.14975831576111273
r3_162_TrROS_Hall.pdb,E33S,32,0.149529754094285,0.1474205,-0.0021092583457651137,0.0021092583457651137
r3_162_TrROS_Hall.pdb,E33A,32,0.1067571622815597,0.04499714,-0.06176002151636957,0.06176002151636957
r3_162_TrROS_Hall.pdb,E33G,32,0.0436995226201384,0.33358765,0.2898881238642366,0.2898881238642366
r3_162_TrROS_Hall.pdb,E33M,32,0.1288430301475012,0.009775579,-0.11906745117182371,0.11906745117182371
r3_162_TrROS_Hall.pdb,E33L,32,-0.0542644588284018,0.048968747,0.10323320608658815,0.10323320608658815
r3_162_TrROS_Hall.pdb,E33V,32,0.134472059000605,0.14646128,0.011989219199544543,0.011989219199544543
r3_162_TrROS_Hall.pdb,E33I,32,0.1471325462029566,0.09869674,-0.04843580772143499,0.04843580772143499
r3_162_TrROS_Hall.pdb,E33W,32,-0.0454198294738885,0.055790797,0.10121062634984218,0.10121062634984218
r3_162_TrROS_Hall.pdb,E33Y,32,-0.0025487124239278,0.07796168,0.08051039569724323,0.08051039569724323
r3_162_TrROS_Hall.pdb,E33F,32,-0.0417637189453055,0.0989427,0.14070641599349276,0.14070641599349276
r3_162_TrROS_Hall.pdb,E33P,32,0.4424699881260654,0.9023324,0.45986243699142726,0.45986243699142726
r3_162_TrROS_Hall.pdb,E33C,32,0.1390980934909782,-0.1549476,-0.29404568729915237,0.29404568729915237
r3_162_TrROS_Hall.pdb,K34Q,33,-0.0009245611825692,0.01143538,0.012359941388081247,0.012359941388081247
r3_162_TrROS_Hall.pdb,K34E,33,0.2613778482172444,0.18063927,-0.08073858124947098,0.08073858124947098
r3_162_TrROS_Hall.pdb,K34N,33,0.2076354045871395,0.3963741,0.18873870182002603,0.18873870182002603
r3_162_TrROS_Hall.pdb,K34H,33,0.1067622113606852,0.07036093,-0.036401282586805195,0.036401282586805195
r3_162_TrROS_Hall.pdb,K34D,33,0.0826990375827483,0.74559844,0.6628993978191682,0.6628993978191682
r3_162_TrROS_Hall.pdb,K34R,33,0.0888150438270267,-0.06075549,-0.14957053508374057,0.14957053508374057
r3_162_TrROS_Hall.pdb,K34T,33,-0.0300067313357113,-0.18818004,-0.15817331295769232,0.15817331295769232
r3_162_TrROS_Hall.pdb,K34S,33,0.0546294481142544,0.11089908,0.05626963520207174,0.05626963520207174
r3_162_TrROS_Hall.pdb,K34A,33,0.0278589487728995,0.15700693,0.1291479855122644,0.1291479855122644
r3_162_TrROS_Hall.pdb,K34G,33,0.0509831663409396,0.6400254,0.58904221093262,0.58904221093262
r3_162_TrROS_Hall.pdb,K34M,33,-0.0025241881022752,-0.20163631,-0.19911212628981464,0.19911212628981464
r3_162_TrROS_Hall.pdb,K34L,33,0.1516550524871398,-0.20494552,-0.3566005720536758,0.3566005720536758
r3_162_TrROS_Hall.pdb,K34V,33,-0.1345788634627469,-0.4204151,-0.28583623997276947,0.28583623997276947
r3_162_TrROS_Hall.pdb,K34I,33,0.0690281864556068,-0.49511784,-0.5641460296066994,0.5641460296066994
r3_162_TrROS_Hall.pdb,K34W,33,-0.1843984369287437,-0.23360735,-0.04920891485119405,0.04920891485119405
r3_162_TrROS_Hall.pdb,K34Y,33,-0.0717828134807847,-0.22235045,-0.15056763488919517,0.15056763488919517
r3_162_TrROS_Hall.pdb,K34F,33,0.004600370269542,-0.21612847,-0.22072883878303076,0.22072883878303076
r3_162_TrROS_Hall.pdb,K34P,33,0.4980603464881783,0.8748589,0.37679856931763833,0.37679856931763833
r3_162_TrROS_Hall.pdb,K34C,33,-0.1114217258629688,-0.30426747,-0.19284574020529902,0.19284574020529902
r3_162_TrROS_Hall.pdb,K35Q,34,-0.3194178990936214,0.1276908,0.4471087060785228,0.4471087060785228
r3_162_TrROS_Hall.pdb,K35E,34,-0.0617953989927739,0.36674345,0.42853884438919726,0.42853884438919726
r3_162_TrROS_Hall.pdb,K35N,34,-0.1280614049605235,0.24420452,0.37226592613972276,0.37226592613972276
r3_162_TrROS_Hall.pdb,K35H,34,0.0392981285723008,0.022611931,-0.01668619760592354,0.01668619760592354
r3_162_TrROS_Hall.pdb,K35D,34,-0.1206840914967015,0.6877377,0.8084217948200658,0.8084217948200658
r3_162_TrROS_Hall.pdb,K35R,34,0.0608363766724986,-0.05436364,-0.11520001483511152,0.11520001483511152
r3_162_TrROS_Hall.pdb,K35T,34,-0.0541597147952588,-0.0618624,-0.007702686868998249,0.007702686868998249
r3_162_TrROS_Hall.pdb,K35S,34,0.0316341645098825,0.20578097,0.17414680356014772,0.17414680356014772
r3_162_TrROS_Hall.pdb,K35A,34,0.0705937038470301,0.19860148,0.12800778045167593,0.12800778045167593
r3_162_TrROS_Hall.pdb,K35G,34,-0.0044990227452705,0.69659317,0.7010921881429145,0.7010921881429145
r3_162_TrROS_Hall.pdb,K35M,34,-0.1397942682640005,-0.11979796,0.019996308340256286,0.019996308340256286
r3_162_TrROS_Hall.pdb,K35L,34,0.0381034380372424,-0.14301959,-0.18112302483877132,0.18112302483877132
r3_162_TrROS_Hall.pdb,K35V,34,-0.1166178997842051,-0.24709857,-0.13048066531741842,0.13048066531741842
r3_162_TrROS_Hall.pdb,K35I,34,-0.0808979341598616,-0.3840998,-0.3032018771556749,0.3032018771556749
r3_162_TrROS_Hall.pdb,K35W,34,-0.2904539961004202,-0.22437635,0.06607764545916961,0.06607764545916961
r3_162_TrROS_Hall.pdb,K35Y,34,-0.2187141257491687,-0.22526482,-0.0065506917271038745,0.0065506917271038745
r3_162_TrROS_Hall.pdb,K35F,34,-0.0327856830735759,-0.20660436,-0.17381867846054275,0.17381867846054275
r3_162_TrROS_Hall.pdb,K35P,34,0.5578876219393138,1.2324113,0.6745236434339161,0.6745236434339161
r3_162_TrROS_Hall.pdb,K35C,34,0.2502777378583092,-0.29823217,-0.5485099058175225,0.5485099058175225
r3_162_TrROS_Hall.pdb,T36Q,35,0.0160095367692658,0.4421926,0.4261830773092559,0.4261830773092559
r3_162_TrROS_Hall.pdb,T36E,35,0.2138523877573286,0.41590065,0.20204825988289968,0.20204825988289968
r3_162_TrROS_Hall.pdb,T36N,35,0.1969251164359686,0.876578,0.679652856929815,0.679652856929815
r3_162_TrROS_Hall.pdb,T36H,35,0.0333867213929028,0.61433804,0.5809513189589649,0.5809513189589649
r3_162_TrROS_Hall.pdb,T36D,35,0.2718692058532665,0.85272586,0.5808566576034595,0.5808566576034595
r3_162_TrROS_Hall.pdb,T36R,35,-0.0008465937369486,0.7948353,0.7956819227927348,0.7956819227927348
r3_162_TrROS_Hall.pdb,T36K,35,0.365783273611453,0.7902432,0.4244599347969027,0.4244599347969027
r3_162_TrROS_Hall.pdb,T36S,35,-0.0685704368525561,0.45219415,0.5207645911150989,0.5207645911150989
r3_162_TrROS_Hall.pdb,T36A,35,0.0104648712087103,0.4984994,0.48803452225442445,0.48803452225442445
r3_162_TrROS_Hall.pdb,T36G,35,0.0921598213086207,1.1112115,1.0190517170061986,1.0190517170061986
r3_162_TrROS_Hall.pdb,T36M,35,0.0539354387815782,0.28091788,0.22698244413773333,0.22698244413773333
r3_162_TrROS_Hall.pdb,T36L,35,0.0610453154628549,0.28716487,0.22611955146143098,0.22611955146143098
r3_162_TrROS_Hall.pdb,T36V,35,-0.1449729576054217,-0.1173175,0.02765545987516657,0.02765545987516657
r3_162_TrROS_Hall.pdb,T36I,35,-0.1864546184184048,-0.05942303,0.1270315889956448,0.1270315889956448
r3_162_TrROS_Hall.pdb,T36W,35,-0.048535348212086,0.13399166,0.18252700689967755,0.18252700689967755
r3_162_TrROS_Hall.pdb,T36Y,35,0.0475850204507031,0.26971567,0.22213064632023197,0.22213064632023197
r3_162_TrROS_Hall.pdb,T36F,35,-0.1307023901483255,0.23977602,0.37047840543000277,0.37047840543000277
r3_162_TrROS_Hall.pdb,T36P,35,0.1795514937932552,1.3520148,1.1724632862513005,1.1724632862513005
r3_162_TrROS_Hall.pdb,T36C,35,-0.0942185401636308,0.0805313,0.1747498392778581,0.1747498392778581
r3_162_TrROS_Hall.pdb,I37Q,36,0.0755305023115218,0.8184602,0.7429297237474382,0.7429297237474382
r3_162_TrROS_Hall.pdb,I37E,36,0.1860470029146848,0.95378333,0.7677363303868594,0.7677363303868594
r3_162_TrROS_Hall.pdb,I37N,36,0.012782078354486,1.1384635,1.1256814188073792,1.1256814188073792
r3_162_TrROS_Hall.pdb,I37H,36,-0.0570709104912818,0.72803366,0.785104572333628,0.785104572333628
r3_162_TrROS_Hall.pdb,I37D,36,0.3382761960404936,1.2198346,0.8815583700758394,0.8815583700758394
r3_162_TrROS_Hall.pdb,I37R,36,0.0114034931379185,0.8821509,0.8707473953050746,0.8707473953050746
r3_162_TrROS_Hall.pdb,I37K,36,0.0885703050874626,0.9281815,0.8396112239576424,0.8396112239576424
r3_162_TrROS_Hall.pdb,I37T,36,-0.2055857993408913,0.5745147,0.7801004864022011,0.7801004864022011
r3_162_TrROS_Hall.pdb,I37S,36,-0.0158321270506514,0.8024231,0.8182552465956343,0.8182552465956343
r3_162_TrROS_Hall.pdb,I37A,36,-0.0780629228634239,0.739298,0.8173609088940025,0.8173609088940025
r3_162_TrROS_Hall.pdb,I37G,36,0.1167562309775869,1.2508726,1.1341163810219248,1.1341163810219248
r3_162_TrROS_Hall.pdb,I37M,36,-0.2517119783748844,0.09759766,0.3493096370090702,0.3493096370090702
r3_162_TrROS_Hall.pdb,I37L,36,-0.1569948504928797,0.22750837,0.3845032166008204,0.3845032166008204
r3_162_TrROS_Hall.pdb,I37V,36,0.0337522215858987,0.3108942,0.2771419696792075,0.2771419696792075
r3_162_TrROS_Hall.pdb,I37W,36,-0.2049579796668696,0.0070700645,0.21202804421154733,0.21202804421154733
r3_162_TrROS_Hall.pdb,I37Y,36,-0.2147104158810107,0.026910484,0.24162089971813838,0.24162089971813838
r3_162_TrROS_Hall.pdb,I37F,36,-0.4753810564515044,-0.066729605,0.4086514512535979,0.4086514512535979
r3_162_TrROS_Hall.pdb,I37P,36,1.1137074749779434,1.6570859,0.5433784205603867,0.5433784205603867
r3_162_TrROS_Hall.pdb,I37C,36,-0.1096944723548363,0.07080108,0.1804955516280602,0.1804955516280602
r3_162_TrROS_Hall.pdb,T38Q,37,0.2101960637223801,0.38526362,0.1750675580847183,0.1750675580847183
r3_162_TrROS_Hall.pdb,T38E,37,0.3943507321538204,0.6976738,0.3033230654536015,0.3033230654536015
r3_162_TrROS_Hall.pdb,T38N,37,0.3657390823793944,0.7116196,0.3458805331754152,0.3458805331754152
r3_162_TrROS_Hall.pdb,T38H,37,0.1951820516848563,0.34587073,0.1506886815762521,0.1506886815762521
r3_162_TrROS_Hall.pdb,T38D,37,0.3455492857117486,1.103521,0.7579717037062812,0.7579717037062812
r3_162_TrROS_Hall.pdb,T38R,37,0.2327969983221587,0.3079039,0.07510688751921094,0.07510688751921094
r3_162_TrROS_Hall.pdb,T38K,37,0.202979683967313,0.39660567,0.19362598648480492,0.19362598648480492
r3_162_TrROS_Hall.pdb,T38S,37,0.0259342601970269,0.40896022,0.38302596300091013,0.38302596300091013
r3_162_TrROS_Hall.pdb,T38A,37,0.238703946461201,0.4474313,0.2087273496489522,0.2087273496489522
r3_162_TrROS_Hall.pdb,T38G,37,0.1361549168408098,0.9683038,0.8321488827884016,0.8321488827884016
r3_162_TrROS_Hall.pdb,T38M,37,-0.3053486313520723,0.036824092,0.3421727236210161,0.3421727236210161
r3_162_TrROS_Hall.pdb,T38L,37,-0.2214584645766306,0.028695822,0.25015428633871556,0.25015428633871556
r3_162_TrROS_Hall.pdb,T38V,37,0.1024074214652071,-0.25742018,-0.3598276036932955,0.3598276036932955
r3_162_TrROS_Hall.pdb,T38I,37,0.1711262027577946,-0.44693413,-0.6180603365258763,0.6180603365258763
r3_162_TrROS_Hall.pdb,T38W,37,-0.3090346522104834,-0.09250271,0.2165319390070532,0.2165319390070532
r3_162_TrROS_Hall.pdb,T38Y,37,-0.3996131820626862,-0.09052196,0.3090912206121094,0.3090912206121094
r3_162_TrROS_Hall.pdb,T38F,37,-0.3518793236473891,-0.1266177,0.22526162378586262,0.22526162378586262
r3_162_TrROS_Hall.pdb,T38P,37,0.0928629512142924,1.1998875,1.1070245629000874,1.1070245629000874
r3_162_TrROS_Hall.pdb,T38C,37,0.168347350006818,-0.13341963,-0.3017669829185001,0.3017669829185001
r3_162_TrROS_Hall.pdb,M39Q,38,0.7168103428580563,1.7618289,1.0450185565254886,1.0450185565254886
r3_162_TrROS_Hall.pdb,M39E,38,1.0808636114890589,2.2899227,1.2090591027443396,1.2090591027443396
r3_162_TrROS_Hall.pdb,M39N,38,0.9803966518140564,2.214584,1.234187460353302,1.234187460353302
r3_162_TrROS_Hall.pdb,M39H,38,0.6581993456163149,1.7396319,1.0814325456342955,1.0814325456342955
r3_162_TrROS_Hall.pdb,M39D,38,1.5016428627215004,2.6682706,1.1666277251996422,1.1666277251996422
r3_162_TrROS_Hall.pdb,M39R,38,0.9727245608251298,1.7810527,0.8083281478006636,0.8083281478006636
r3_162_TrROS_Hall.pdb,M39K,38,0.8410821872637086,1.8702523,1.0291700643613524,1.0291700643613524
r3_162_TrROS_Hall.pdb,M39T,38,0.5623561153738659,1.4790682,0.916712044683202,0.916712044683202
r3_162_TrROS_Hall.pdb,M39S,38,0.4092520523296743,2.027273,1.6180208873523325,1.6180208873523325
r3_162_TrROS_Hall.pdb,M39A,38,0.3686339371572655,1.4447582,1.0761242396463233,1.0761242396463233
r3_162_TrROS_Hall.pdb,M39G,38,0.7725519412546893,2.4115262,1.6389742619008283,1.6389742619008283
r3_162_TrROS_Hall.pdb,M39L,38,-0.0340505833360529,0.21369982,0.2477504009935236,0.2477504009935236
r3_162_TrROS_Hall.pdb,M39V,38,0.4489095257098032,0.5677598,0.11885028616840115,0.11885028616840115
r3_162_TrROS_Hall.pdb,M39I,38,0.333009563891073,0.21756339,-0.11544617315926148,0.11544617315926148
r3_162_TrROS_Hall.pdb,M39W,38,0.5499463150544366,0.725095,0.17514865898654852,0.17514865898654852
r3_162_TrROS_Hall.pdb,M39Y,38,0.3113333500015676,0.78135574,0.47002238863826395,0.47002238863826395
r3_162_TrROS_Hall.pdb,M39F,38,0.1634826386581478,0.54076684,0.3772841965545597,0.3772841965545597
r3_162_TrROS_Hall.pdb,M39P,38,0.4705759573324788,2.9875817,2.517005772556437,2.517005772556437
r3_162_TrROS_Hall.pdb,M39C,38,0.1995409572310853,0.4395659,0.24002493975682973,0.24002493975682973
r3_162_TrROS_Hall.pdb,S40Q,39,0.2086334561445735,0.5561808,0.34754731902098435,0.34754731902098435
r3_162_TrROS_Hall.pdb,S40E,39,0.2430763490957135,0.5180472,0.2749708644586688,0.2749708644586688
r3_162_TrROS_Hall.pdb,S40N,39,0.2237181748537429,0.22566171,0.0019435350509278138,0.0019435350509278138
r3_162_TrROS_Hall.pdb,S40H,39,0.1577315225242292,0.5079065,0.3501749740005816,0.3501749740005816
r3_162_TrROS_Hall.pdb,S40D,39,0.1768474740913506,0.21475723,0.03790975976675792,0.03790975976675792
r3_162_TrROS_Hall.pdb,S40R,39,-0.1615041922562179,0.56248134,0.7239855360024032,0.7239855360024032
r3_162_TrROS_Hall.pdb,S40K,39,0.1360693334917257,0.47222444,0.336155110659199,0.336155110659199
r3_162_TrROS_Hall.pdb,S40T,39,-0.0720675955670779,-0.004066825,0.068000770654053,0.068000770654053
r3_162_TrROS_Hall.pdb,S40A,39,0.1588822945305539,0.3642894,0.20540710843117704,0.20540710843117704
r3_162_TrROS_Hall.pdb,S40G,39,0.0129550880700302,0.504851,0.49189589554965973,0.49189589554965973
r3_162_TrROS_Hall.pdb,S40M,39,0.2265405941750025,0.604494,0.37795338146434077,0.37795338146434077
r3_162_TrROS_Hall.pdb,S40L,39,0.0500875130717259,0.52342874,0.47334122504549214,0.47334122504549214
r3_162_TrROS_Hall.pdb,S40V,39,0.108608190870111,0.61179876,0.5031905724050355,0.5031905724050355
r3_162_TrROS_Hall.pdb,S40I,39,0.1750225396303042,0.64743817,0.47241562889539157,0.47241562889539157
r3_162_TrROS_Hall.pdb,S40W,39,-0.0505649243274,0.49151677,0.5420816932597425,0.5420816932597425
r3_162_TrROS_Hall.pdb,S40Y,39,-0.1717379651665167,0.5393661,0.7111040912270026,0.7111040912270026
r3_162_TrROS_Hall.pdb,S40F,39,0.0489078650106211,0.5966821,0.54777420667517,0.54777420667517
r3_162_TrROS_Hall.pdb,S40P,39,0.2941588121642926,0.6200498,0.3258909624824664,0.3258909624824664
r3_162_TrROS_Hall.pdb,S40C,39,0.1121430115555668,0.21593001,0.1037870032931423,0.1037870032931423
r3_162_TrROS_Hall.pdb,K41Q,40,0.0148145023886705,0.10051666,0.0857021596129393,0.0857021596129393
r3_162_TrROS_Hall.pdb,K41E,40,0.0792663276897753,0.039916456,-0.03934987194407828,0.03934987194407828
r3_162_TrROS_Hall.pdb,K41N,40,-0.0573894107399164,0.54580545,0.6031948649940668,0.6031948649940668
r3_162_TrROS_Hall.pdb,K41H,40,-0.2104239538757086,0.2476053,0.45802924786489013,0.45802924786489013
r3_162_TrROS_Hall.pdb,K41D,40,0.0948728481459566,0.567101,0.47222815359354536,0.47222815359354536
r3_162_TrROS_Hall.pdb,K41R,40,-0.2067199709730767,0.15314731,0.35986728099161613,0.35986728099161613
r3_162_TrROS_Hall.pdb,K41T,40,-0.1384696272932144,0.2803402,0.4188098219953629,0.4188098219953629
r3_162_TrROS_Hall.pdb,K41S,40,-0.2190481117215323,0.19663116,0.4156792750802206,0.4156792750802206
r3_162_TrROS_Hall.pdb,K41A,40,-0.2402881293601213,-0.0673731,0.1729150324172197,0.1729150324172197
r3_162_TrROS_Hall.pdb,K41G,40,0.0664400756514824,0.2600221,0.1935820281349861,0.1935820281349861
r3_162_TrROS_Hall.pdb,K41M,40,-0.1252225753100555,0.11808266,0.24330523276645352,0.24330523276645352
r3_162_TrROS_Hall.pdb,K41L,40,-0.4928935837370884,0.044129863,0.5370234471184743,0.5370234471184743
r3_162_TrROS_Hall.pdb,K41V,40,0.0224841276626053,0.1526596,0.1301754673500595,0.1301754673500595
r3_162_TrROS_Hall.pdb,K41I,40,-0.157547415166694,0.2661276,0.4236750015314401,0.4236750015314401
r3_162_TrROS_Hall.pdb,K41W,40,-0.2129228424090179,0.01485002,0.22777286281764828,0.22777286281764828
r3_162_TrROS_Hall.pdb,K41Y,40,-0.0540950161793114,0.12927814,0.18337315445922625,0.18337315445922625
r3_162_TrROS_Hall.pdb,K41F,40,-0.0556877101664268,0.1753172,0.231004908204528,0.231004908204528
r3_162_TrROS_Hall.pdb,K41P,40,0.3339371701048437,0.11541018,-0.21852699120507868,0.21852699120507868
r3_162_TrROS_Hall.pdb,K41C,40,-0.179052183187772,-0.0037054718,0.1753467114336979,0.1753467114336979
r3_162_TrROS_Hall.pdb,K42Q,41,-0.1742300018300326,0.034676135,0.20890613641636682,0.20890613641636682
r3_162_TrROS_Hall.pdb,K42E,41,-0.1486854146203908,-0.019252717,0.1294326971254262,0.1294326971254262
r3_162_TrROS_Hall.pdb,K42N,41,0.0372246464367789,0.21860887,0.18138422466555418,0.18138422466555418
r3_162_TrROS_Hall.pdb,K42H,41,-0.0310924177848983,0.16160622,0.19269864017602684,0.19269864017602684
r3_162_TrROS_Hall.pdb,K42D,41,0.0190481493078005,0.117211565,0.09816341606752757,0.09816341606752757
r3_162_TrROS_Hall.pdb,K42R,41,-0.0470097591181017,0.14146522,0.188474975993178,0.188474975993178
r3_162_TrROS_Hall.pdb,K42T,41,0.0796310686875143,0.14624554,0.06661447050087071,0.06661447050087071
r3_162_TrROS_Hall.pdb,K42S,41,-0.0423961882458439,0.08152106,0.12391724483830835,0.12391724483830835
r3_162_TrROS_Hall.pdb,K42A,41,-0.0810871077876056,-0.15140437,-0.07031725810957305,0.07031725810957305
r3_162_TrROS_Hall.pdb,K42G,41,-0.1508731144303823,0.22504757,0.3759206878776098,0.3759206878776098
r3_162_TrROS_Hall.pdb,K42M,41,-0.0339546126836429,0.04849544,0.08245005435882906,0.08245005435882906
r3_162_TrROS_Hall.pdb,K42L,41,-0.1776657830095542,0.02443128,0.2020970638013137,0.2020970638013137
r3_162_TrROS_Hall.pdb,K42V,41,-0.0461380231292194,0.19092989,0.23706791280817446,0.23706791280817446
r3_162_TrROS_Hall.pdb,K42I,41,-0.0098314227713904,0.18064593,0.1904773505582175,0.1904773505582175
r3_162_TrROS_Hall.pdb,K42W,41,-0.4282918826954995,0.0844996,0.512791480244938,0.512791480244938
r3_162_TrROS_Hall.pdb,K42Y,41,-0.382499279928723,0.1750901,0.55758938427023,0.55758938427023
r3_162_TrROS_Hall.pdb,K42F,41,-0.2882948724264391,0.21219006,0.5004849342340716,0.5004849342340716
r3_162_TrROS_Hall.pdb,K42P,41,-0.0618943209497677,0.6087457,0.6706400151102291,0.6706400151102291
r3_162_TrROS_Hall.pdb,K42C,41,-0.0241521090809078,-0.090746805,-0.06659469599092295,0.06659469599092295
r3_162_TrROS_Hall.pdb,D43Q,42,0.0056669861981282,-0.12985687,-0.1355238557764897,0.1355238557764897
r3_162_TrROS_Hall.pdb,D43E,42,0.038239386721556,-0.11748521,-0.15572459702104788,0.15572459702104788
r3_162_TrROS_Hall.pdb,D43N,42,0.081801984522003,0.32253075,0.24072876193795795,0.24072876193795795
r3_162_TrROS_Hall.pdb,D43H,42,0.0700635195867791,0.1960232,0.12595967639520028,0.12595967639520028
r3_162_TrROS_Hall.pdb,D43R,42,-0.0113323451440416,0.22962555,0.24095789803672654,0.24095789803672654
r3_162_TrROS_Hall.pdb,D43K,42,0.010675663501213,0.06665461,0.055978944152404855,0.055978944152404855
r3_162_TrROS_Hall.pdb,D43T,42,0.2701650317567923,0.13996826,-0.13019677063408874,0.13019677063408874
r3_162_TrROS_Hall.pdb,D43S,42,0.230345062577352,0.15183727,-0.07850778814516968,0.07850778814516968
r3_162_TrROS_Hall.pdb,D43A,42,0.1268132126152474,-0.13378356,-0.26059677658676683,0.26059677658676683
r3_162_TrROS_Hall.pdb,D43G,42,0.1106901000954003,0.50651777,0.39582766781078865,0.39582766781078865
r3_162_TrROS_Hall.pdb,D43M,42,-0.0668198135914872,-0.047208294,0.019611519319064408,0.019611519319064408
r3_162_TrROS_Hall.pdb,D43L,42,0.1709275372083656,0.092475936,-0.07845160139160076,0.07845160139160076
r3_162_TrROS_Hall.pdb,D43V,42,0.075083302147453,0.2466025,0.17151920329802733,0.17151920329802733
r3_162_TrROS_Hall.pdb,D43I,42,0.1210192533434035,0.15014173,0.02912247756117567,0.02912247756117567
r3_162_TrROS_Hall.pdb,D43W,42,0.0638946680144352,0.08405891,0.02016424259385642,0.02016424259385642
r3_162_TrROS_Hall.pdb,D43Y,42,0.0654013377576214,0.17096244,0.10556110022970618,0.10556110022970618
r3_162_TrROS_Hall.pdb,D43F,42,0.2136479587778401,0.14540039,-0.06824756874888654,0.06824756874888654
r3_162_TrROS_Hall.pdb,D43P,42,0.7137534690276124,1.3751582,0.6614047216996215,0.6614047216996215
r3_162_TrROS_Hall.pdb,D43C,42,0.0367756695806473,-0.12325136,-0.16002703321571046,0.16002703321571046
r3_162_TrROS_Hall.pdb,L44Q,43,1.063993400569653,2.1113408,1.0473473606150394,1.0473473606150394
r3_162_TrROS_Hall.pdb,L44E,43,1.6890038434845511,2.4453874,0.7563835199492868,0.7563835199492868
r3_162_TrROS_Hall.pdb,L44N,43,1.8562304049487055,2.4597511,0.6035207242016851,0.6035207242016851
r3_162_TrROS_Hall.pdb,L44H,43,0.8028219956558269,1.8499675,1.0471454840499836,1.0471454840499836
r3_162_TrROS_Hall.pdb,L44D,43,2.348301711203173,2.5532508,0.204949078439161,0.204949078439161
r3_162_TrROS_Hall.pdb,L44R,43,1.527555243441403,2.2608433,0.733288033536136,0.733288033536136
r3_162_TrROS_Hall.pdb,L44K,43,0.6918630136763415,2.0493374,1.3574743734086194,1.3574743734086194
r3_162_TrROS_Hall.pdb,L44T,43,0.3288566250840388,1.8024685,1.473611913200263,1.473611913200263
r3_162_TrROS_Hall.pdb,L44S,43,0.9394205007483682,2.2916675,1.3522469606468954,1.3522469606468954
r3_162_TrROS_Hall.pdb,L44A,43,0.0551681126610636,1.6179708,1.5628027115805745,1.5628027115805745
r3_162_TrROS_Hall.pdb,L44G,43,0.0099561393115683,2.244199,2.2342428982403115,2.2342428982403115
r3_162_TrROS_Hall.pdb,L44M,43,0.2493141211477691,0.7746362,0.5253220878633088,0.5253220878633088
r3_162_TrROS_Hall.pdb,L44V,43,-0.1000244878426617,0.94667023,1.0466947220460003,1.0466947220460003
r3_162_TrROS_Hall.pdb,L44I,43,0.1621155080615013,0.66898483,0.5068693223179848,0.5068693223179848
r3_162_TrROS_Hall.pdb,L44W,43,-0.0009690339216987,0.92623174,0.9272007758269111,0.9272007758269111
r3_162_TrROS_Hall.pdb,L44Y,43,0.2240965984237695,0.944279,0.72018241664047,0.72018241664047
r3_162_TrROS_Hall.pdb,L44F,43,0.0800956504592589,0.91766375,0.8375681025734254,0.8375681025734254
r3_162_TrROS_Hall.pdb,L44P,43,2.21246984292326,2.4491284,0.2366585464352604,0.2366585464352604
r3_162_TrROS_Hall.pdb,L44C,43,0.3336635647421611,0.9306513,0.596987742363857,0.596987742363857
r3_162_TrROS_Hall.pdb,E45Q,44,0.1468342456970672,0.21696304,0.07012879215140538,0.07012879215140538
r3_162_TrROS_Hall.pdb,E45N,44,0.1388230277893685,0.47167102,0.3328479872348167,0.3328479872348167
r3_162_TrROS_Hall.pdb,E45H,44,-0.1739364782852215,0.3981408,0.5720772663635296,0.5720772663635296
r3_162_TrROS_Hall.pdb,E45D,44,0.0876670668587964,0.27603716,0.18837008972308228,0.18837008972308228
r3_162_TrROS_Hall.pdb,E45R,44,0.114002303436548,0.29632372,0.18232141320392442,0.18232141320392442
r3_162_TrROS_Hall.pdb,E45K,44,0.288433195941594,0.28464994,-0.003783257596638556,0.003783257596638556
r3_162_TrROS_Hall.pdb,E45T,44,0.1289924425978688,0.41917944,0.29018699694680894,0.29018699694680894
r3_162_TrROS_Hall.pdb,E45S,44,0.059565877150872,0.29051605,0.23095017151894306,0.23095017151894306
r3_162_TrROS_Hall.pdb,E45A,44,0.0013514740510087,-0.0065262914,-0.007877765421400545,0.007877765421400545
r3_162_TrROS_Hall.pdb,E45G,44,0.2716691779938331,0.6157421,0.34407290937036367,0.34407290937036367
r3_162_TrROS_Hall.pdb,E45M,44,-0.07927483121028,0.08751139,0.16678622165789658,0.16678622165789658
r3_162_TrROS_Hall.pdb,E45L,44,0.0110233935629064,0.100675315,0.0896519211019343,0.0896519211019343
r3_162_TrROS_Hall.pdb,E45V,44,-0.0417242131505526,0.43041262,0.4721368334565676,0.4721368334565676
r3_162_TrROS_Hall.pdb,E45I,44,0.0273970008637229,0.26152945,0.23413244478447046,0.23413244478447046
r3_162_TrROS_Hall.pdb,E45W,44,-0.1322455709968668,0.15835093,0.29059650061474857,0.29059650061474857
r3_162_TrROS_Hall.pdb,E45Y,44,-0.1889553612995387,0.24315166,0.43210702603342543,0.43210702603342543
r3_162_TrROS_Hall.pdb,E45F,44,-0.1708193339234842,0.2690079,0.4398272253400339,0.4398272253400339
r3_162_TrROS_Hall.pdb,E45P,44,1.0582814034319306,1.5666053,0.5083239260816192,0.5083239260816192
r3_162_TrROS_Hall.pdb,E45C,44,-0.2604326935895829,0.07425675,0.3346894415506272,0.3346894415506272
r3_162_TrROS_Hall.pdb,K46Q,45,-0.263013130187649,0.14528778,0.40830091214146064,0.40830091214146064
r3_162_TrROS_Hall.pdb,K46E,45,-0.2206345694812883,0.3104154,0.5310499566349138,0.5310499566349138
r3_162_TrROS_Hall.pdb,K46N,45,0.1067615840276046,0.3810413,0.2742797043482499,0.2742797043482499
r3_162_TrROS_Hall.pdb,K46H,45,-0.2547655715637678,0.2590936,0.5138591839962476,0.5138591839962476
r3_162_TrROS_Hall.pdb,K46D,45,-0.2873181593741547,0.538892,0.8262101304854523,0.8262101304854523
r3_162_TrROS_Hall.pdb,K46R,45,0.01706868806344,0.037301213,0.020232524485769596,0.020232524485769596
r3_162_TrROS_Hall.pdb,K46T,45,-0.1271216996961399,0.29297262,0.4200943239980503,0.4200943239980503
r3_162_TrROS_Hall.pdb,K46S,45,-0.0442100197360337,0.28977805,0.3339880734965623,0.3339880734965623
r3_162_TrROS_Hall.pdb,K46A,45,-0.1527285692368165,-0.0033396333,0.14938893589121255,0.14938893589121255
r3_162_TrROS_Hall.pdb,K46G,45,-0.0388327399134018,0.52528924,0.5641219774126388,0.5641219774126388
r3_162_TrROS_Hall.pdb,K46M,45,-0.1866152879103531,0.0024347752,0.18905006314362183,0.18905006314362183
r3_162_TrROS_Hall.pdb,K46L,45,-0.1985465393645071,-0.0054383725,0.1931081668717169,0.1931081668717169
r3_162_TrROS_Hall.pdb,K46V,45,-0.1530411474798931,0.2541293,0.4071704380606426,0.4071704380606426
r3_162_TrROS_Hall.pdb,K46I,45,-0.2703261916322583,0.09519653,0.36552272185515106,0.36552272185515106
r3_162_TrROS_Hall.pdb,K46W,45,-0.1110511166381851,0.15675497,0.26780608718872223,0.26780608718872223
r3_162_TrROS_Hall.pdb,K46Y,45,-0.2250363146049538,0.17870529,0.4037416045648613,0.4037416045648613
r3_162_TrROS_Hall.pdb,K46F,45,-0.1563295857235234,0.2049398,0.3612693832441609,0.3612693832441609
r3_162_TrROS_Hall.pdb,K46P,45,0.3424057266369322,1.4713486,1.1289429166659852,1.1289429166659852
r3_162_TrROS_Hall.pdb,K46C,45,-0.1561768986766329,-0.01749964,0.1386772580926409,0.1386772580926409
r3_162_TrROS_Hall.pdb,L47Q,46,0.8769468664681281,1.0076104,0.1306635737860833,0.1306635737860833
r3_162_TrROS_Hall.pdb,L47E,46,0.5580456945821046,1.338928,0.7808822896555663,0.7808822896555663
r3_162_TrROS_Hall.pdb,L47N,46,1.0858881043702882,1.3448579,0.2589698267667968,0.2589698267667968
r3_162_TrROS_Hall.pdb,L47H,46,0.7369742733310534,0.7990253,0.06205102383386363,0.06205102383386363
r3_162_TrROS_Hall.pdb,L47D,46,1.5091301010841711,1.525307,0.016176958203853786,0.016176958203853786
r3_162_TrROS_Hall.pdb,L47R,46,1.2880838577622322,1.0442494,-0.24383444236458818,0.24383444236458818
r3_162_TrROS_Hall.pdb,L47K,46,1.1605709065484042,0.9797029,-0.18086801662912322,0.18086801662912322
r3_162_TrROS_Hall.pdb,L47T,46,0.5772740346477669,0.82281137,0.24553733047979653,0.24553733047979653
r3_162_TrROS_Hall.pdb,L47S,46,1.0212996780763075,1.0455378,0.024238151322801382,0.024238151322801382
r3_162_TrROS_Hall.pdb,L47A,46,0.470086100389401,0.6325448,0.1624587151509127,0.1624587151509127
r3_162_TrROS_Hall.pdb,L47G,46,1.3216736176347723,1.2311223,-0.09055136230945493,0.09055136230945493
r3_162_TrROS_Hall.pdb,L47M,46,-0.1024903506495009,-0.19776064,-0.09527029092535871,0.09527029092535871
r3_162_TrROS_Hall.pdb,L47V,46,0.1541949660897934,0.37436238,0.22016741322272185,0.22016741322272185
r3_162_TrROS_Hall.pdb,L47I,46,0.0377865501035996,0.03379357,-0.003992981492454584,0.003992981492454584
r3_162_TrROS_Hall.pdb,L47W,46,-0.1122477236463082,-0.15771663,-0.04546890824303507,0.04546890824303507
r3_162_TrROS_Hall.pdb,L47Y,46,0.0844676552335395,-0.23845607,-0.3229237256566657,0.3229237256566657
r3_162_TrROS_Hall.pdb,L47F,46,0.0286743226689107,-0.4722798,-0.5009541097325093,0.5009541097325093
r3_162_TrROS_Hall.pdb,L47P,46,2.5689475645168045,1.5637866,-1.005160938654683,1.005160938654683
r3_162_TrROS_Hall.pdb,L47C,46,0.3760448512487642,-0.11388433,-0.4899291810446016,0.4899291810446016
r3_162_TrROS_Hall.pdb,L48Q,47,0.8479301279333944,1.226553,0.37862283532344154,0.37862283532344154
r3_162_TrROS_Hall.pdb,L48E,47,0.5533840543186224,1.6951559,1.141771804674908,1.141771804674908
r3_162_TrROS_Hall.pdb,L48N,47,0.914642418265708,1.7080958,0.7934533706899805,0.7934533706899805
r3_162_TrROS_Hall.pdb,L48H,47,0.9733567603261228,1.1965814,0.22322460335185568,0.22322460335185568
r3_162_TrROS_Hall.pdb,L48D,47,0.7680113440174541,2.0062819,1.238270508704714,1.238270508704714
r3_162_TrROS_Hall.pdb,L48R,47,0.8295019932532584,1.3166544,0.4871524504875864,0.4871524504875864
r3_162_TrROS_Hall.pdb,L48K,47,0.6880259024773734,1.2538502,0.5658243191565377,0.5658243191565377
r3_162_TrROS_Hall.pdb,L48T,47,0.8451798915811919,1.1212652,0.27608528137718213,0.27608528137718213
r3_162_TrROS_Hall.pdb,L48S,47,1.1948328861244475,1.3978782,0.20304528388898024,0.20304528388898024
r3_162_TrROS_Hall.pdb,L48A,47,1.167080600207527,1.0048739,-0.16220672840424322,0.16220672840424322
r3_162_TrROS_Hall.pdb,L48G,47,1.488527377737964,1.6751571,0.18662969242194816,0.18662969242194816
r3_162_TrROS_Hall.pdb,L48M,47,0.224549560031174,0.13852316,-0.08602639861988859,0.08602639861988859
r3_162_TrROS_Hall.pdb,L48V,47,0.4591472822645674,0.6559653,0.19681804595198532,0.19681804595198532
r3_162_TrROS_Hall.pdb,L48I,47,0.1467181466619225,0.21073073,0.06401258482535166,0.06401258482535166
r3_162_TrROS_Hall.pdb,L48W,47,0.2923671969891144,0.40699148,0.11462428479189146,0.11462428479189146
r3_162_TrROS_Hall.pdb,L48Y,47,0.3135748762939672,0.4624645,0.14888963510053355,0.14888963510053355
r3_162_TrROS_Hall.pdb,L48F,47,0.0668381818834396,0.3557164,0.28887822541560215,0.28887822541560215
r3_162_TrROS_Hall.pdb,L48P,47,2.766664180346149,2.1011782,-0.6654860110956609,0.6654860110956609
r3_162_TrROS_Hall.pdb,L48C,47,0.212313241438232,0.3416084,0.12929516367498822,0.12929516367498822
r3_162_TrROS_Hall.pdb,K49Q,48,0.092241039220565,0.21249497,0.12025393014741596,0.12025393014741596
r3_162_TrROS_Hall.pdb,K49E,48,0.1561300561684184,0.3938661,0.23773603579821062,0.23773603579821062
r3_162_TrROS_Hall.pdb,K49N,48,-0.2415330176306787,0.332908,0.5744410221530023,0.5744410221530023
r3_162_TrROS_Hall.pdb,K49H,48,0.0177487410757963,0.30518532,0.28743657691736774,0.28743657691736774
r3_162_TrROS_Hall.pdb,K49D,48,0.10569610019511,0.553085,0.4473889289301036,0.4473889289301036
r3_162_TrROS_Hall.pdb,K49R,48,-0.0360566564738169,0.08618465,0.12224130713337805,0.12224130713337805
r3_162_TrROS_Hall.pdb,K49T,48,-0.0771838171509413,0.3986888,0.47587261033331435,0.47587261033331435
r3_162_TrROS_Hall.pdb,K49S,48,-0.0603949288128804,0.22100052,0.2813954511879872,0.2813954511879872
r3_162_TrROS_Hall.pdb,K49A,48,-0.0097187613293101,-0.07609117,-0.06637240898166402,0.06637240898166402
r3_162_TrROS_Hall.pdb,K49G,48,0.0741447333451743,0.3693591,0.2952143724802499,0.2952143724802499
r3_162_TrROS_Hall.pdb,K49M,48,-0.2861641815139633,0.10728082,0.3934450021221023,0.3934450021221023
r3_162_TrROS_Hall.pdb,K49L,48,-0.1907308750470839,0.12550147,0.3162323438247404,0.3162323438247404
r3_162_TrROS_Hall.pdb,K49V,48,0.0664658690389803,0.46727332,0.40080745568903176,0.40080745568903176
r3_162_TrROS_Hall.pdb,K49I,48,-0.0120578969729772,0.3646633,0.3767211998713842,0.3767211998713842
r3_162_TrROS_Hall.pdb,K49W,48,-0.2536042867080406,0.3114968,0.565101080931826,0.565101080931826
r3_162_TrROS_Hall.pdb,K49Y,48,-0.2705412684772534,0.38551712,0.6560583888385816,0.6560583888385816
r3_162_TrROS_Hall.pdb,K49F,48,-0.1407403783568961,0.40275437,0.5434947447547538,0.5434947447547538
r3_162_TrROS_Hall.pdb,K49P,48,0.1327960418851468,1.2090396,1.0762435270159152,1.0762435270159152
r3_162_TrROS_Hall.pdb,K49C,48,-0.0096407906360758,0.0012820065,0.010922797138227289,0.010922797138227289
r3_162_TrROS_Hall.pdb,A50Q,49,0.2925773246293088,0.12624866,-0.16632866692590914,0.16632866692590914
r3_162_TrROS_Hall.pdb,A50E,49,0.0060777729758205,0.12790605,0.12182828128252605,0.12182828128252605
r3_162_TrROS_Hall.pdb,A50N,49,0.1680218651490941,0.16768485,-0.0003370120721592762,0.0003370120721592762
r3_162_TrROS_Hall.pdb,A50H,49,-0.0606451017609623,0.1387997,0.19944479892168313,0.19944479892168313
r3_162_TrROS_Hall.pdb,A50D,49,-0.0539798257960137,0.17656372,0.23054355067146384,0.23054355067146384
r3_162_TrROS_Hall.pdb,A50R,49,0.0249702927322008,0.21883936,0.1938690695314787,0.1938690695314787
r3_162_TrROS_Hall.pdb,A50K,49,0.1971728994918287,0.12997577,-0.06719713354830148,0.06719713354830148
r3_162_TrROS_Hall.pdb,A50T,49,-0.0005958063018987,-0.09514226,-0.09454645389192606,0.09454645389192606
r3_162_TrROS_Hall.pdb,A50S,49,0.1929960583770276,-0.10417661,-0.2971726690852643,0.2971726690852643
r3_162_TrROS_Hall.pdb,A50G,49,0.2308917672164758,0.32754713,0.09665536575242678,0.09665536575242678
r3_162_TrROS_Hall.pdb,A50M,49,-0.0169943466935276,-0.03493002,-0.017935673877227404,0.017935673877227404
r3_162_TrROS_Hall.pdb,A50L,49,-0.0889762254069328,0.0018623173,0.09083854273061749,0.09083854273061749
r3_162_TrROS_Hall.pdb,A50V,49,0.1097638159465441,0.16813183,0.058368012361561375,0.058368012361561375
r3_162_TrROS_Hall.pdb,A50I,49,0.1299029132085465,0.110362455,-0.019540457959713792,0.019540457959713792
r3_162_TrROS_Hall.pdb,A50W,49,-0.0293193690968758,0.021912351,0.051231720347524295,0.051231720347524295
r3_162_TrROS_Hall.pdb,A50Y,49,-0.083760320245716,0.07133062,0.15509094208428564,0.15509094208428564
r3_162_TrROS_Hall.pdb,A50F,49,-0.1704893550546424,0.11497952,0.28546887549474403,0.28546887549474403
r3_162_TrROS_Hall.pdb,A50P,49,0.3875895408169745,0.8883746,0.5007850858195306,0.5007850858195306
r3_162_TrROS_Hall.pdb,A50C,49,-0.1637083330745365,-0.2140386,-0.05033026248267633,0.05033026248267633
r3_162_TrROS_Hall.pdb,L51Q,50,0.3915426764509737,1.0987337,0.7071909871079862,0.7071909871079862
r3_162_TrROS_Hall.pdb,L51E,50,0.4817676819246714,1.3656626,0.883894892843395,0.883894892843395
r3_162_TrROS_Hall.pdb,L51N,50,0.4482286156572188,1.4222908,0.9740621863447343,0.9740621863447343
r3_162_TrROS_Hall.pdb,L51H,50,0.3501193774648721,0.952313,0.6021936284593528,0.6021936284593528
r3_162_TrROS_Hall.pdb,L51D,50,0.3553920847984466,1.6351514,1.2797593014625397,1.2797593014625397
r3_162_TrROS_Hall.pdb,L51T,50,0.1134897459425667,0.85162187,0.7381321202836296,0.7381321202836296
r3_162_TrROS_Hall.pdb,L51S,50,0.4321518398036903,1.0678766,0.635724737573629,0.635724737573629
r3_162_TrROS_Hall.pdb,L51A,50,0.0920190788760484,0.8637786,0.7717595122799574,0.7717595122799574
r3_162_TrROS_Hall.pdb,L51G,50,0.326778228966778,1.2813991,0.95462090185445,0.95462090185445
r3_162_TrROS_Hall.pdb,L51M,50,0.1185363063623512,0.24828637,0.12975006010035633,0.12975006010035633
r3_162_TrROS_Hall.pdb,L51V,50,0.1393356002207992,0.43504366,0.2957080625656846,0.2957080625656846
r3_162_TrROS_Hall.pdb,L51I,50,0.1955577671603441,0.1073032,-0.0882545650080919,0.0882545650080919
r3_162_TrROS_Hall.pdb,L51P,50,0.4256817958439365,1.4754341,1.0497522690211758,1.0497522690211758
r3_162_TrROS_Hall.pdb,L51C,50,0.2648055725757938,0.34272707,0.07792149251057096,0.07792149251057096
v2_2LC2.pdb,V1Q,0,1.7606621250172465,1.2883137,-0.47234837856491496,0.47234837856491496
v2_2LC2.pdb,V1E,0,1.7749887736821914,1.4661162,-0.3088725837255264,0.3088725837255264
v2_2LC2.pdb,V1N,0,1.640992696338288,1.4351795,-0.20581322436868343,0.20581322436868343
v2_2LC2.pdb,V1H,0,1.523314987623475,1.0874085,-0.4359064449904184,0.4359064449904184
v2_2LC2.pdb,V1D,0,1.8472250652656776,1.4564364,-0.39078866962053604,0.39078866962053604
v2_2LC2.pdb,V1R,0,1.5047972279721369,1.32759,-0.1772072392636408,0.1772072392636408
v2_2LC2.pdb,V1K,0,1.492556544719691,1.2319744,-0.26058218139266454,0.26058218139266454
v2_2LC2.pdb,V1T,0,1.5034596876065134,1.0505855,-0.45287417925995577,0.45287417925995577
v2_2LC2.pdb,V1S,0,1.6955334888042863,1.2336314,-0.4619021163525041,0.4619021163525041
v2_2LC2.pdb,V1A,0,1.3319497936819789,0.49533093,-0.8366188639258143,0.8366188639258143
v2_2LC2.pdb,V1G,0,1.6917271495269977,1.183034,-0.5086932063507281,0.5086932063507281
v2_2LC2.pdb,V1M,0,1.0482177330191864,0.41480726,-0.6334104729827179,0.6334104729827179
v2_2LC2.pdb,V1L,0,0.7596758762470974,0.1864165,-0.5732593694798245,0.5732593694798245
v2_2LC2.pdb,V1I,0,-0.1543598867302669,-0.19522905,-0.04086916676704755,0.04086916676704755
v2_2LC2.pdb,V1W,0,1.3494807806833755,0.3393678,-1.010112973771907,1.010112973771907
v2_2LC2.pdb,V1Y,0,1.5273333767729431,0.39856303,-1.1287703493910461,1.1287703493910461
v2_2LC2.pdb,V1F,0,0.7027149674926014,0.22163391,-0.48108105635978893,0.48108105635978893
v2_2LC2.pdb,V1P,0,1.054406587510389,0.7794099,-0.2749967021038948,0.2749967021038948
v2_2LC2.pdb,V1C,0,0.622081328483914,0.23747808,-0.38460325107226234,0.38460325107226234
v2_2LC2.pdb,K2Q,1,0.8756356055334427,0.21465403,-0.6609815771177627,0.6609815771177627
v2_2LC2.pdb,K2E,1,1.0642816470568874,0.6027814,-0.4615002320712307,0.4615002320712307
v2_2LC2.pdb,K2N,1,1.7215186640925322,0.9988784,-0.7226402446932707,0.7226402446932707
v2_2LC2.pdb,K2H,1,1.1832664663141326,0.7310214,-0.45224506204777515,0.45224506204777515
v2_2LC2.pdb,K2D,1,1.7555362714375269,1.2048526,-0.550683690413357,0.550683690413357
v2_2LC2.pdb,K2R,1,0.0978237959695147,0.25614738,0.15832358867404,0.15832358867404
v2_2LC2.pdb,K2T,1,1.150067993873047,0.59908247,-0.5509855239328614,0.5509855239328614
v2_2LC2.pdb,K2S,1,1.644258429415631,0.7351827,-0.9090757268742797,0.9090757268742797
v2_2LC2.pdb,K2A,1,1.4378935624374076,0.421729,-1.016164564014785,1.016164564014785
v2_2LC2.pdb,K2G,1,1.8440258383064332,0.9669876,-0.8770382284431519,0.8770382284431519
v2_2LC2.pdb,K2M,1,0.7226323593972537,0.44672433,-0.2759080339787814,0.2759080339787814
v2_2LC2.pdb,K2L,1,0.119927689124069,0.1970124,0.07708470554260276,0.07708470554260276
v2_2LC2.pdb,K2V,1,0.4391618268567845,0.22761598,-0.21154584456270187,0.21154584456270187
v2_2LC2.pdb,K2I,1,0.0284078321237521,0.26832476,0.23991693045902684,0.23991693045902684
v2_2LC2.pdb,K2W,1,1.350091008937833,0.74054503,-0.6095459745292637,0.6095459745292637
v2_2LC2.pdb,K2Y,1,1.7874529253932878,0.76849073,-1.0189621936771318,1.0189621936771318
v2_2LC2.pdb,K2F,1,1.524453356760384,0.7496153,-0.7748380451377643,0.7748380451377643
v2_2LC2.pdb,K2P,1,1.7843801123586764,0.4573068,-1.3270733100858798,1.3270733100858798
v2_2LC2.pdb,K2C,1,-0.253328865707473,0.41841125,0.6717401205902855,0.6717401205902855
v2_2LC2.pdb,K3Q,2,0.163581244373772,0.12846267,-0.03511857214019046,0.03511857214019046
v2_2LC2.pdb,K3E,2,-0.0229917765976059,0.0903146,0.1133063734890091,0.1133063734890091
v2_2LC2.pdb,K3N,2,0.4517728256616293,0.28319633,-0.1685764955911337,0.1685764955911337
v2_2LC2.pdb,K3H,2,0.499356104382191,0.23400304,-0.26535306716791185,0.26535306716791185
v2_2LC2.pdb,K3D,2,0.204579906350574,0.21200012,0.007420210355320478,0.007420210355320478
v2_2LC2.pdb,K3R,2,-0.0809589052773862,0.13874146,0.21970036870016146,0.21970036870016146
v2_2LC2.pdb,K3T,2,0.4561774603548985,0.16997828,-0.28619918445977977,0.28619918445977977
v2_2LC2.pdb,K3S,2,0.2543965559855026,0.12958798,-0.12480857786088406,0.12480857786088406
v2_2LC2.pdb,K3A,2,-0.1245467212492643,-0.15594941,-0.0314026925271334,0.0314026925271334
v2_2LC2.pdb,K3G,2,0.7858131093818155,0.20901628,-0.5767968309956994,0.5767968309956994
v2_2LC2.pdb,K3M,2,0.0322912645767847,0.1028996,0.07060833896888104,0.07060833896888104
v2_2LC2.pdb,K3L,2,0.2147784163012209,0.018082306,-0.19669611051222707,0.19669611051222707
v2_2LC2.pdb,K3V,2,0.4756259929297357,0.13816154,-0.33746445289830257,0.33746445289830257
v2_2LC2.pdb,K3I,2,0.7042227325240615,0.16778854,-0.5364341971675399,0.5364341971675399
v2_2LC2.pdb,K3W,2,0.3185765848373394,0.02225811,-0.2963184744929295,0.2963184744929295
v2_2LC2.pdb,K3Y,2,0.6707441839293733,0.16397212,-0.506772059472014,0.506772059472014
v2_2LC2.pdb,K3F,2,0.4789504350285294,0.19092472,-0.2880257160525086,0.2880257160525086
v2_2LC2.pdb,K3P,2,1.431051753371654,0.22309166,-1.2079600914415698,1.2079600914415698
v2_2LC2.pdb,K3C,2,-0.2780527885433228,-0.041603073,0.23644971506557777,0.23644971506557777
v2_2LC2.pdb,M4Q,3,-0.2213168704297921,0.54135156,0.7626684272077462,0.7626684272077462
v2_2LC2.pdb,M4E,3,-0.2797178420453154,0.22846237,0.5081802102952087,0.5081802102952087
v2_2LC2.pdb,M4N,3,0.994897606804561,0.7176126,-0.27728498263616497,0.27728498263616497
v2_2LC2.pdb,M4H,3,1.1076775208478409,0.7891885,-0.3184890166287857,0.3184890166287857
v2_2LC2.pdb,M4D,3,-0.614153229453092,-0.0023773313,0.6117758981962256,0.6117758981962256
v2_2LC2.pdb,M4R,3,1.4860618737461866,0.97081757,-0.5152443078282178,0.5152443078282178
v2_2LC2.pdb,M4K,3,1.2286481280295831,0.88337815,-0.34526997995066466,0.34526997995066466
v2_2LC2.pdb,M4T,3,1.2878502840017074,0.67208827,-0.6157620185827011,0.6157620185827011
v2_2LC2.pdb,M4S,3,0.7981077631427036,0.5386501,-0.2594576676799045,0.2594576676799045
v2_2LC2.pdb,M4A,3,0.3920400900649858,0.3427099,-0.04933019111631637,0.04933019111631637
v2_2LC2.pdb,M4G,3,0.7837816572821104,0.8536767,0.06989501946807275,0.06989501946807275
v2_2LC2.pdb,M4L,3,0.3243202667142586,-0.1350559,-0.4593761663343148,0.4593761663343148
v2_2LC2.pdb,M4V,3,1.4147331528453804,0.798602,-0.6161311678676582,0.6161311678676582
v2_2LC2.pdb,M4I,3,1.2191436387235912,0.43942374,-0.7797198988134655,0.7797198988134655
v2_2LC2.pdb,M4W,3,0.5266328511265554,0.20180076,-0.3248320875195303,0.3248320875195303
v2_2LC2.pdb,M4Y,3,0.9476823371609712,0.34691304,-0.6007692974766755,0.6007692974766755
v2_2LC2.pdb,M4F,3,1.231051689073952,0.34199739,-0.8890543040489276,0.8890543040489276
v2_2LC2.pdb,M4P,3,1.653578913422693,1.3702697,-0.2833092572413576,0.2833092572413576
v2_2LC2.pdb,M4C,3,0.3100189822373957,0.25055757,-0.05946141058784432,0.05946141058784432
v2_2LC2.pdb,A5Q,4,1.7240291079432188,2.084378,0.36034889613087784,0.36034889613087784
v2_2LC2.pdb,A5E,4,1.9839077095317064,2.3356352,0.35172747570999285,0.35172747570999285
v2_2LC2.pdb,A5N,4,1.791655536989141,2.4898717,0.6982162033520456,0.6982162033520456
v2_2LC2.pdb,A5H,4,2.11708050899319,2.244148,0.12706750698276226,0.12706750698276226
v2_2LC2.pdb,A5D,4,1.7773417736711048,2.7467537,0.9694119189558483,0.9694119189558483
v2_2LC2.pdb,A5R,4,1.9021753455581825,2.1628964,0.2607210491714318,0.2607210491714318
v2_2LC2.pdb,A5K,4,1.7455031497551203,2.1736584,0.42815522121655936,0.42815522121655936
v2_2LC2.pdb,A5T,4,1.6822554870329045,1.9454341,0.2631786064424373,0.2631786064424373
v2_2LC2.pdb,A5S,4,1.630707037075808,1.5023854,-0.12832165919189698,0.12832165919189698
v2_2LC2.pdb,A5G,4,1.73320831165734,1.7186602,-0.014548076252371756,0.014548076252371756
v2_2LC2.pdb,A5M,4,1.409326628371929,1.4611601,0.051833435371662295,0.051833435371662295
v2_2LC2.pdb,A5L,4,0.9769356848298782,1.4608059,0.4838702081144577,0.4838702081144577
v2_2LC2.pdb,A5V,4,1.380880457793309,1.3576999,-0.023180586730076502,0.023180586730076502
v2_2LC2.pdb,A5I,4,1.168677894430155,1.5054368,0.33675888363838746,0.33675888363838746
v2_2LC2.pdb,A5W,4,1.504133591687249,1.5157416,0.011607994997931748,0.011607994997931748
v2_2LC2.pdb,A5Y,4,1.5995526774158977,1.661504,0.06195135281176345,0.06195135281176345
v2_2LC2.pdb,A5F,4,1.3999016058093894,1.6732447,0.2733431089275491,0.2733431089275491
v2_2LC2.pdb,A5P,4,1.9342360556195035,2.6397557,0.7055196702410922,0.7055196702410922
v2_2LC2.pdb,A5C,4,1.024113038892326,0.96013653,-0.06397650610881778,0.06397650610881778
v2_2LC2.pdb,K6Q,5,-0.120909561419193,0.07564792,0.19655748178929494,0.19655748178929494
v2_2LC2.pdb,K6E,5,-0.0803405452306269,0.11275421,0.1930947560603617,0.1930947560603617
v2_2LC2.pdb,K6N,5,0.1490050926400861,0.32829458,0.17928948257429989,0.17928948257429989
v2_2LC2.pdb,K6H,5,0.4528740087126279,0.35665053,-0.09622347742066623,0.09622347742066623
v2_2LC2.pdb,K6D,5,-0.339493197132664,0.15987957,0.49937276237161665,0.49937276237161665
v2_2LC2.pdb,K6R,5,-0.3278796778568189,0.02346073,0.3513404087671201,0.3513404087671201
v2_2LC2.pdb,K6T,5,1.0726778003516344,0.39304402,-0.6796337756457476,0.6796337756457476
v2_2LC2.pdb,K6S,5,0.5866059721481216,0.2631916,-0.3234143615733993,0.3234143615733993
v2_2LC2.pdb,K6A,5,0.0466975574876702,-0.16217649,-0.20887404731768727,0.20887404731768727
v2_2LC2.pdb,K6G,5,0.8448596845886627,0.61028826,-0.23457142222141414,0.23457142222141414
v2_2LC2.pdb,K6M,5,-0.0316101848874099,-0.011481613,0.020128571966648794,0.020128571966648794
v2_2LC2.pdb,K6L,5,-0.0446354060205869,0.02575995,0.07039535630077642,0.07039535630077642
v2_2LC2.pdb,K6V,5,0.8821931432550549,0.4548935,-0.4272996436422467,0.4272996436422467
v2_2LC2.pdb,K6I,5,0.44760207810454,0.25617433,-0.19142775216154684,0.19142775216154684
v2_2LC2.pdb,K6W,5,0.3421234387360117,0.1492307,-0.192892735024502,0.192892735024502
v2_2LC2.pdb,K6Y,5,0.9084852306516652,0.22911622,-0.6793690143497472,0.6793690143497472
v2_2LC2.pdb,K6F,5,0.8472046233781012,0.29034278,-0.5568618454106482,0.5568618454106482
v2_2LC2.pdb,K6P,5,1.844245325102292,1.7580656,-0.0861797437805758,0.0861797437805758
v2_2LC2.pdb,K6C,5,0.1534919268457208,0.026831776,-0.12666015094201902,0.12666015094201902
v2_2LC2.pdb,A7Q,6,0.0523192342890443,0.21539721,0.16307797464001758,0.16307797464001758
v2_2LC2.pdb,A7E,6,0.0243342377835689,0.23767738,0.2133431426590504,0.2133431426590504
v2_2LC2.pdb,A7N,6,1.0395234371529445,0.71417433,-0.3253491069184169,0.3253491069184169
v2_2LC2.pdb,A7H,6,0.9199812826866548,0.5931932,-0.3267881092781465,0.3267881092781465
v2_2LC2.pdb,A7D,6,0.4843333719107985,0.4961895,0.01185613295103316,0.01185613295103316
v2_2LC2.pdb,A7R,6,0.3809907727105734,0.4632989,0.08230811430381563,0.08230811430381563
v2_2LC2.pdb,A7K,6,0.3207829016370129,0.36752754,0.04674464286143071,0.04674464286143071
v2_2LC2.pdb,A7T,6,0.5290903817022041,0.57281744,0.04372706309912644,0.04372706309912644
v2_2LC2.pdb,A7S,6,0.225059797628732,0.43583816,0.21077836527028534,0.21077836527028534
v2_2LC2.pdb,A7G,6,1.181086372198888,0.8812702,-0.299816201987096,0.299816201987096
v2_2LC2.pdb,A7M,6,-0.529835849248177,0.10985312,0.6396889679062427,0.6396889679062427
v2_2LC2.pdb,A7L,6,-0.3149516920480617,0.17160666,0.4865583519372829,0.4865583519372829
v2_2LC2.pdb,A7V,6,0.2673615138899738,0.5893165,0.3219549734223431,0.3219549734223431
v2_2LC2.pdb,A7I,6,-0.033066283998413,0.36124206,0.39430833989135733,0.39430833989135733
v2_2LC2.pdb,A7W,6,0.3646769511970995,0.31815022,-0.04652672889561632,0.04652672889561632
v2_2LC2.pdb,A7Y,6,0.5671960900729318,0.4293095,-0.13788660273009734,0.13788660273009734
v2_2LC2.pdb,A7F,6,0.9114898177584368,0.44012564,-0.4713641735514361,0.4713641735514361
v2_2LC2.pdb,A7P,6,1.816207396875023,1.9680263,0.15181888352811423,0.15181888352811423
v2_2LC2.pdb,A7C,6,0.3169792773000122,0.18348339,-0.13349588529981382,0.13349588529981382
v2_2LC2.pdb,I8Q,7,2.120644238322444,2.0681834,-0.05246081623382093,0.05246081623382093
v2_2LC2.pdb,I8E,7,2.083935003036237,2.1624231,0.07848813081386075,0.07848813081386075
v2_2LC2.pdb,I8N,7,1.8370131388869575,2.1943803,0.3573671444687554,0.3573671444687554
v2_2LC2.pdb,I8H,7,2.045407538894867,1.9185303,-0.1268771939317932,0.1268771939317932
v2_2LC2.pdb,I8D,7,1.7698764277678376,2.3178575,0.5479810761231536,0.5479810761231536
v2_2LC2.pdb,I8R,7,1.8961964728779324,2.2578924,0.36169589734606666,0.36169589734606666
v2_2LC2.pdb,I8K,7,1.6209157709533095,2.3754451,0.7545293565338731,0.7545293565338731
v2_2LC2.pdb,I8T,7,1.6208005065380209,1.8710656,0.25026511006964514,0.25026511006964514
v2_2LC2.pdb,I8S,7,1.8276913786055689,2.117382,0.289690670954978,0.289690670954978
v2_2LC2.pdb,I8A,7,0.8944062305221894,1.5482596,0.653853385375943,0.653853385375943
v2_2LC2.pdb,I8G,7,1.825768296715186,2.348564,0.5227956128154536,0.5227956128154536
v2_2LC2.pdb,I8M,7,0.963573107614974,1.1082277,0.14465462218238934,0.14465462218238934
v2_2LC2.pdb,I8L,7,0.8838539384455919,0.7686348,-0.11521914230301378,0.11521914230301378
v2_2LC2.pdb,I8V,7,0.1606687338683285,0.42828083,0.2676120965149723,0.2676120965149723
v2_2LC2.pdb,I8W,7,2.1306535806055518,1.3387074,-0.7919461335535498,0.7919461335535498
v2_2LC2.pdb,I8Y,7,1.8111066577552783,1.3386887,-0.47241792656173587,0.47241792656173587
v2_2LC2.pdb,I8F,7,1.7261559760945169,1.1587051,-0.5674508607762185,0.5674508607762185
v2_2LC2.pdb,I8P,7,1.7307152527697325,2.4645438,0.7338285666577578,0.7338285666577578
v2_2LC2.pdb,I8C,7,0.964196966508054,1.1074393,0.14324231304822044,0.14324231304822044
v2_2LC2.pdb,M9Q,8,1.1118180478942026,0.52690667,-0.5849113787543405,0.5849113787543405
v2_2LC2.pdb,M9E,8,1.499315751617947,0.7162107,-0.7831050286946681,0.7831050286946681
v2_2LC2.pdb,M9N,8,1.0673419874801755,1.0467048,-0.020637218345654018,0.020637218345654018
v2_2LC2.pdb,M9H,8,1.3130607816056226,0.8065659,-0.5064949008301709,0.5064949008301709
v2_2LC2.pdb,M9D,8,1.9700001867097916,1.0919468,-0.8780533464235367,0.8780533464235367
v2_2LC2.pdb,M9R,8,1.005840214565763,0.6238943,-0.3819459403309913,0.3819459403309913
v2_2LC2.pdb,M9K,8,1.2607522997877798,0.6556496,-0.6051026973746023,0.6051026973746023
v2_2LC2.pdb,M9T,8,1.663655073932452,0.6667623,-0.9968927815473507,0.9968927815473507
v2_2LC2.pdb,M9S,8,1.7165851601397044,0.83190966,-0.8846755036150462,0.8846755036150462
v2_2LC2.pdb,M9A,8,1.5061715287893602,0.6138438,-0.8923277301519701,0.8923277301519701
v2_2LC2.pdb,M9G,8,1.862820551057976,1.2457125,-0.6171080323659595,0.6171080323659595
v2_2LC2.pdb,M9L,8,-0.4698782737515641,-0.26408702,0.2057912524007035,0.2057912524007035
v2_2LC2.pdb,M9V,8,1.0292479614674894,0.48428592,-0.5449620406091062,0.5449620406091062
v2_2LC2.pdb,M9I,8,0.0292273172930359,0.07208699,0.04285967258657225,0.04285967258657225
v2_2LC2.pdb,M9W,8,1.291452305261546,0.44480565,-0.8466466533583936,0.8466466533583936
v2_2LC2.pdb,M9Y,8,1.3438255668954178,0.49013758,-0.853687989838533,0.853687989838533
v2_2LC2.pdb,M9F,8,0.9703486321783286,0.5109705,-0.4593781588888388,0.4593781588888388
v2_2LC2.pdb,M9P,8,2.1406289179310893,1.9110694,-0.22955952477313035,0.22955952477313035
v2_2LC2.pdb,M9C,8,0.5949176181417146,0.24135944,-0.35355817566925674,0.35355817566925674
v2_2LC2.pdb,A10Q,9,0.1551518373928284,0.16657367,0.0114218360938812,0.0114218360938812
v2_2LC2.pdb,A10E,9,0.1420111778602386,0.28986207,0.1478508886471009,0.1478508886471009
v2_2LC2.pdb,A10N,9,0.2017691928860465,0.33492643,0.13315723352462855,0.13315723352462855
v2_2LC2.pdb,A10H,9,0.4279871924373362,0.35205096,-0.07593623237340186,0.07593623237340186
v2_2LC2.pdb,A10D,9,-0.0586278749963118,0.37693596,0.43556383385861647,0.43556383385861647
v2_2LC2.pdb,A10R,9,-0.4785992427797869,0.1532337,0.6318329497309283,0.6318329497309283
v2_2LC2.pdb,A10K,9,-0.2058077629452257,0.09492682,0.30073458215050985,0.30073458215050985
v2_2LC2.pdb,A10T,9,0.6091472985728752,0.44371673,-0.16543056392512434,0.16543056392512434
v2_2LC2.pdb,A10S,9,0.283745185244465,0.31665665,0.0329114638682364,0.0329114638682364
v2_2LC2.pdb,A10G,9,0.8191898207696195,0.5548368,-0.2643530111344572,0.2643530111344572
v2_2LC2.pdb,A10M,9,-0.0983078533751591,0.111671954,0.20997980776854594,0.20997980776854594
v2_2LC2.pdb,A10L,9,0.0538248528176006,0.13960135,0.08577649701302684,0.08577649701302684
v2_2LC2.pdb,A10V,9,0.4507849286841721,0.4615325,0.010747574682298255,0.010747574682298255
v2_2LC2.pdb,A10I,9,0.2632798529233962,0.24326718,-0.020012674387934748,0.020012674387934748
v2_2LC2.pdb,A10W,9,0.5293683823621613,0.26598555,-0.263382833865915,0.263382833865915
v2_2LC2.pdb,A10Y,9,0.5981022140703607,0.33902264,-0.25907957765678646,0.25907957765678646
v2_2LC2.pdb,A10F,9,0.5123167629790717,0.35185826,-0.1604585047316962,0.1604585047316962
v2_2LC2.pdb,A10P,9,1.742191091163068,1.3864841,-0.35570694504490397,0.35570694504490397
v2_2LC2.pdb,A10C,9,-0.0036201193078064,0.09465256,0.09827268264131775,0.09827268264131775
v2_2LC2.pdb,D11Q,10,0.8404779715168735,0.99275917,0.15228119663116724,0.15228119663116724
v2_2LC2.pdb,D11E,10,0.7593585525713094,0.77899843,0.019639881972300266,0.019639881972300266
v2_2LC2.pdb,D11N,10,0.1460856459371746,0.42377967,0.277694020486623,0.277694020486623
v2_2LC2.pdb,D11H,10,0.6996462695781489,1.0043831,0.3047368175800542,0.3047368175800542
v2_2LC2.pdb,D11R,10,1.2331006650062966,1.2569387,0.023838030901296214,0.023838030901296214
v2_2LC2.pdb,D11K,10,1.1061637873025345,1.2189145,0.11275072151704557,0.11275072151704557
v2_2LC2.pdb,D11T,10,1.3588244159171516,1.000462,-0.3583623607108528,0.3583623607108528
v2_2LC2.pdb,D11S,10,0.8670314344410508,0.8136365,-0.053394952679118424,0.053394952679118424
v2_2LC2.pdb,D11A,10,1.1241881772685876,0.7941964,-0.32999175040014883,0.32999175040014883
v2_2LC2.pdb,D11G,10,1.722586852239873,1.1549258,-0.5676610290282031,0.5676610290282031
v2_2LC2.pdb,D11M,10,1.103063766761435,1.0024388,-0.10062498311580503,0.10062498311580503
v2_2LC2.pdb,D11L,10,1.4691349096691455,1.0681062,-0.40102873520015136,0.40102873520015136
v2_2LC2.pdb,D11V,10,1.2538677816734825,1.3528497,0.09898194023508688,0.09898194023508688
v2_2LC2.pdb,D11I,10,1.2023400862047902,1.2753391,0.0729990403821239,0.0729990403821239
v2_2LC2.pdb,D11W,10,0.9639056118888224,1.0230762,0.05917056475454918,0.05917056475454918
v2_2LC2.pdb,D11Y,10,0.7286416308093666,1.1033708,0.3747291549038292,0.3747291549038292
v2_2LC2.pdb,D11F,10,0.8393393707883958,1.03177,0.19243062013262469,0.19243062013262469
v2_2LC2.pdb,D11P,10,1.710177961726389,2.1102338,0.4000558219955348,0.4000558219955348
v2_2LC2.pdb,D11C,10,0.1627056051459694,0.55528665,0.3925810407433128,0.3925810407433128
v2_2LC2.pdb,P12Q,11,0.8000879875810645,0.70332915,-0.09675884167270876,0.09675884167270876
v2_2LC2.pdb,P12E,11,0.7362520034999915,0.5949228,-0.14132922250939095,0.14132922250939095
v2_2LC2.pdb,P12N,11,0.9991965334365224,0.6548737,-0.34432280468438614,0.34432280468438614
v2_2LC2.pdb,P12H,11,0.9243519679429856,0.6183568,-0.30599514402178196,0.30599514402178196
v2_2LC2.pdb,P12D,11,1.2321303850798238,0.7370144,-0.4951159721998799,0.4951159721998799
v2_2LC2.pdb,P12R,11,1.0234520602045665,0.7608088,-0.2626432347117076,0.2626432347117076
v2_2LC2.pdb,P12K,11,0.9752048106306144,0.70849824,-0.26670657111340246,0.26670657111340246
v2_2LC2.pdb,P12T,11,1.1984464652043076,0.7681378,-0.4303086525898667,0.4303086525898667
v2_2LC2.pdb,P12S,11,0.7644936992542524,0.53777266,-0.22672104376719182,0.22672104376719182
v2_2LC2.pdb,P12A,11,0.4213754315313336,0.59305704,0.1716816048685077,0.1716816048685077
v2_2LC2.pdb,P12G,11,0.9132629401441028,0.7098626,-0.2034003503079822,0.2034003503079822
v2_2LC2.pdb,P12M,11,0.8484027068654061,0.7199688,-0.1284339110890389,0.1284339110890389
v2_2LC2.pdb,P12L,11,0.8719705718553135,0.7531496,-0.11882094321609227,0.11882094321609227
v2_2LC2.pdb,P12V,11,0.9546443806930848,0.714314,-0.24033039677584844,0.24033039677584844
v2_2LC2.pdb,P12I,11,0.7446387554131599,0.8641035,0.11946474066151658,0.11946474066151658
v2_2LC2.pdb,P12W,11,-0.4505584109085201,0.5057285,0.9562868941085934,0.9562868941085934
v2_2LC2.pdb,P12Y,11,0.6091838277763868,0.63487273,0.025688906770274578,0.025688906770274578
v2_2LC2.pdb,P12F,11,0.4818599922764432,0.66764456,0.18578456806062343,0.18578456806062343
v2_2LC2.pdb,P12C,11,0.714650713616908,0.41949952,-0.29515119712978644,0.29515119712978644
v2_2LC2.pdb,N13Q,12,0.1661807196560514,0.14183965,-0.024341066402496114,0.024341066402496114
v2_2LC2.pdb,N13E,12,0.1460913826148688,0.22755668,0.08146529305766234,0.08146529305766234
v2_2LC2.pdb,N13H,12,0.2016391914888977,0.22059381,0.018954618592584238,0.018954618592584238
v2_2LC2.pdb,N13D,12,0.0792036238332714,0.08629289,0.0070892688612018695,0.0070892688612018695
v2_2LC2.pdb,N13R,12,-0.2107187449169774,0.14830026,0.35901900522238206,0.35901900522238206
v2_2LC2.pdb,N13K,12,0.0330103892247808,0.021878421,-0.011131967918170692,0.011131967918170692
v2_2LC2.pdb,N13T,12,-0.653453429521242,-0.15343595,0.5000174840103777,0.5000174840103777
v2_2LC2.pdb,N13S,12,-0.4714549342219229,-0.24786443,0.2235905090395804,0.2235905090395804
v2_2LC2.pdb,N13A,12,-0.1804834085070683,-0.014178991,0.16630441718931926,0.16630441718931926
v2_2LC2.pdb,N13G,12,-0.057988406954093,0.12837279,0.18636119538335325,0.18636119538335325
v2_2LC2.pdb,N13M,12,0.0767084765371488,0.21367598,0.13696749926241175,0.13696749926241175
v2_2LC2.pdb,N13L,12,0.0841652600756783,0.2389573,0.15479204070652536,0.15479204070652536
v2_2LC2.pdb,N13V,12,0.6834361548261372,0.3834349,-0.30000126312539255,0.30000126312539255
v2_2LC2.pdb,N13I,12,0.6059891672394775,0.4186514,-0.18733776524286494,0.18733776524286494
v2_2LC2.pdb,N13W,12,0.1350121158460209,0.37544817,0.24043605147804525,0.24043605147804525
v2_2LC2.pdb,N13Y,12,0.3366272848070346,0.3659746,0.029347320276431,0.029347320276431
v2_2LC2.pdb,N13F,12,0.449476362303439,0.41466933,-0.03480702741498076,0.03480702741498076
v2_2LC2.pdb,N13P,12,1.3582261911571205,0.57385284,-0.7843733540713966,0.7843733540713966
v2_2LC2.pdb,N13C,12,-0.1700875313174541,-0.10364857,0.0664389581572826,0.0664389581572826
v2_2LC2.pdb,K14Q,13,0.4896741195565819,0.2816238,-0.20805030902687305,0.20805030902687305
v2_2LC2.pdb,K14E,13,1.1423403796655234,0.7419939,-0.40034647555175384,0.40034647555175384
v2_2LC2.pdb,K14N,13,0.587995121286367,0.63959527,0.051600148870493356,0.051600148870493356
v2_2LC2.pdb,K14H,13,0.8580900830784044,0.37125134,-0.48683873839761826,0.48683873839761826
v2_2LC2.pdb,K14D,13,1.6463400247196502,1.158417,-0.48792303825419614,0.48792303825419614
v2_2LC2.pdb,K14R,13,0.1300376614476568,0.18381879,0.05378112588869269,0.05378112588869269
v2_2LC2.pdb,K14T,13,0.5718631445861029,0.41826892,-0.153594225595014,0.153594225595014
v2_2LC2.pdb,K14S,13,0.6268120602357845,0.62360656,-0.0032054976213435893,0.0032054976213435893
v2_2LC2.pdb,K14A,13,0.4949929182937902,0.2975236,-0.1974693303516668,0.1974693303516668
v2_2LC2.pdb,K14G,13,1.0879900564703906,0.69413495,-0.3938551058325732,0.3938551058325732
v2_2LC2.pdb,K14M,13,-0.197943977852907,-0.2140488,-0.016104824999723627,0.016104824999723627
v2_2LC2.pdb,K14L,13,-0.1759775022481693,-0.3252055,-0.1492280026460873,0.1492280026460873
v2_2LC2.pdb,K14V,13,-0.1285677314990692,0.19368258,0.32225031268536375,0.32225031268536375
v2_2LC2.pdb,K14I,13,-0.4292787100405828,0.17627998,0.6055586870045797,0.6055586870045797
v2_2LC2.pdb,K14W,13,1.005331138534722,0.20876428,-0.796566853685555,0.796566853685555
v2_2LC2.pdb,K14Y,13,0.5689270906629187,0.23457952,-0.33434757222553313,0.33434757222553313
v2_2LC2.pdb,K14F,13,0.5333231551034765,0.18122509,-0.35209806388452813,0.35209806388452813
v2_2LC2.pdb,K14P,13,2.0049367974725207,1.4808266,-0.5241101811852893,0.5241101811852893
v2_2LC2.pdb,K14C,13,0.0403841799811304,-0.19638962,-0.23677379551686648,0.23677379551686648
v2_2LC2.pdb,A15Q,14,0.8693769098633717,0.7238006,-0.14557631028832896,0.14557631028832896
v2_2LC2.pdb,A15E,14,1.3699075193413286,0.66828847,-0.7016190500267534,0.7016190500267534
v2_2LC2.pdb,A15N,14,1.5790906022884408,1.2297866,-0.34930396784325035,0.34930396784325035
v2_2LC2.pdb,A15H,14,1.2389577076286895,0.88948727,-0.34947044108816216,0.34947044108816216
v2_2LC2.pdb,A15D,14,1.5921165073885342,1.261334,-0.3307825649752041,0.3307825649752041
v2_2LC2.pdb,A15R,14,0.8541100391131407,0.821798,-0.03231201255140359,0.03231201255140359
v2_2LC2.pdb,A15K,14,1.0253012216107713,0.8046613,-0.22063994765447248,0.22063994765447248
v2_2LC2.pdb,A15T,14,1.111780833678993,0.88162565,-0.23015518136576052,0.23015518136576052
v2_2LC2.pdb,A15S,14,0.1896311568513933,0.6211232,0.43149203784312573,0.43149203784312573
v2_2LC2.pdb,A15G,14,1.168018633623478,1.066462,-0.10155659367596814,0.10155659367596814
v2_2LC2.pdb,A15M,14,1.0429883936247677,0.2571678,-0.7858206072649807,0.7858206072649807
v2_2LC2.pdb,A15L,14,1.1715094764648482,0.29790163,-0.8736078460632368,0.8736078460632368
v2_2LC2.pdb,A15V,14,1.3763182340464235,0.744275,-0.6320432601770998,0.6320432601770998
v2_2LC2.pdb,A15I,14,1.398351168662476,0.5668249,-0.8315262556375738,0.8315262556375738
v2_2LC2.pdb,A15W,14,1.215029076708085,0.3077972,-0.9072318831808632,0.9072318831808632
v2_2LC2.pdb,A15Y,14,1.6370026751165088,0.4275175,-1.209485171616524,1.209485171616524
v2_2LC2.pdb,A15F,14,1.4892561280249224,0.44931948,-1.039936646175252,1.039936646175252
v2_2LC2.pdb,A15P,14,1.907690790999101,1.952549,0.04485818971378963,0.04485818971378963
v2_2LC2.pdb,A15C,14,1.068154535881885,0.2905428,-0.7776117247265657,0.7776117247265657
v2_2LC2.pdb,D16Q,15,-0.1537051109249927,0.115023784,0.2687288952644207,0.2687288952644207
v2_2LC2.pdb,D16E,15,-0.1451285497185197,0.036656603,0.18178515293564465,0.18178515293564465
v2_2LC2.pdb,D16N,15,0.1053401734979115,0.15859656,0.05325638686108966,0.05325638686108966
v2_2LC2.pdb,D16H,15,-0.1603300900212394,0.16475183,0.32508191773806683,0.32508191773806683
v2_2LC2.pdb,D16R,15,0.3491758955694419,0.18856382,-0.16061207186949072,0.16061207186949072
v2_2LC2.pdb,D16K,15,0.2215714141181208,0.05404143,-0.16752998376400247,0.16752998376400247
v2_2LC2.pdb,D16T,15,-0.267701909621985,0.1503491,0.4180510050857377,0.4180510050857377
v2_2LC2.pdb,D16S,15,0.0508511131240871,0.09314751,0.04229639567594266,0.04229639567594266
v2_2LC2.pdb,D16A,15,-0.1378973906277041,-0.092660874,0.04523651649936242,0.04523651649936242
v2_2LC2.pdb,D16G,15,0.1300922974546705,0.16246164,0.03236934099595207,0.03236934099595207
v2_2LC2.pdb,D16M,15,0.2409703821405608,0.1307234,-0.11024698023645466,0.11024698023645466
v2_2LC2.pdb,D16L,15,-0.0149526880185821,0.009107061,0.024059748749039406,0.024059748749039406
v2_2LC2.pdb,D16V,15,0.2161494110361386,0.12811123,-0.08803818268931396,0.08803818268931396
v2_2LC2.pdb,D16I,15,0.1552749539279019,0.113429695,-0.04184525856008878,0.04184525856008878
v2_2LC2.pdb,D16W,15,0.1675886738763521,-0.015708342,-0.18329701607090929,0.18329701607090929
v2_2LC2.pdb,D16Y,15,-0.2364464427298931,0.12926382,0.3657102609939007,0.3657102609939007
v2_2LC2.pdb,D16F,15,-0.311441582342427,0.16236636,0.4738079427683761,0.4738079427683761
v2_2LC2.pdb,D16P,15,-0.2459980215439414,0.1586429,0.40464092451425543,0.40464092451425543
v2_2LC2.pdb,D16C,15,-0.130596548580868,-0.06839594,0.0622006061312983,0.0622006061312983
v2_2LC2.pdb,E17Q,16,0.446881794567312,0.17011553,-0.27676626407643673,0.27676626407643673
v2_2LC2.pdb,E17N,16,0.7636654007013377,0.5036287,-0.2600367295320567,0.2600367295320567
v2_2LC2.pdb,E17H,16,0.7526037574046698,0.3172919,-0.43531187179027464,0.43531187179027464
v2_2LC2.pdb,E17D,16,0.4990715494313289,0.36468512,-0.13438643123293414,0.13438643123293414
v2_2LC2.pdb,E17R,16,0.64354282049477,0.30282575,-0.3407170715743293,0.3407170715743293
v2_2LC2.pdb,E17K,16,0.7611800919976122,0.19424562,-0.5669344704356081,0.5669344704356081
v2_2LC2.pdb,E17T,16,0.5529710470101854,0.24740116,-0.3055698840281984,0.3055698840281984
v2_2LC2.pdb,E17S,16,0.2821496663594185,0.20889206,-0.0732576040530144,0.0732576040530144
v2_2LC2.pdb,E17A,16,0.1141267206433043,-0.114439204,-0.22856592497851702,0.22856592497851702
v2_2LC2.pdb,E17G,16,0.4914742227892628,0.33785674,-0.1536174830298176,0.1536174830298176
v2_2LC2.pdb,E17M,16,0.3730748589192012,0.082594246,-0.29048061324697527,0.29048061324697527
v2_2LC2.pdb,E17L,16,0.5312301234620729,0.061274916,-0.46995520752846387,0.46995520752846387
v2_2LC2.pdb,E17V,16,0.6159462173051713,0.17149949,-0.44444672656725626,0.44444672656725626
v2_2LC2.pdb,E17I,16,0.5112355605501082,0.13978143,-0.3714541301864531,0.3714541301864531
v2_2LC2.pdb,E17W,16,0.0996769202755509,0.07088654,-0.02879038284288031,0.02879038284288031
v2_2LC2.pdb,E17Y,16,0.2789301133894961,0.18839005,-0.09054006703138756,0.09054006703138756
v2_2LC2.pdb,E17F,16,0.3509985675244627,0.17970425,-0.1712943186192808,0.1712943186192808
v2_2LC2.pdb,E17P,16,1.3481765850116063,0.80459946,-0.5435771210719396,0.5435771210719396
v2_2LC2.pdb,E17C,16,0.1559549994996838,-0.021447465,-0.17740246432340664,0.17740246432340664
v2_2LC2.pdb,V18Q,17,1.3787501557372823,1.0140177,-0.3647324545882955,0.3647324545882955
v2_2LC2.pdb,V18E,17,1.929315686389821,0.7533748,-1.1759408714026385,1.1759408714026385
v2_2LC2.pdb,V18N,17,1.6796856826062596,1.2502143,-0.4294713443036473,0.4294713443036473
v2_2LC2.pdb,V18H,17,1.76753352014794,0.7676505,-0.9998830351091827,0.9998830351091827
v2_2LC2.pdb,V18D,17,1.9824166228629496,1.3760419,-0.6063747336722758,0.6063747336722758
v2_2LC2.pdb,V18R,17,2.0016609171863906,1.1303961,-0.871264789485585,0.871264789485585
v2_2LC2.pdb,V18K,17,1.814681567060647,1.3583481,-0.4563334358808375,0.4563334358808375
v2_2LC2.pdb,V18T,17,0.5288452569109647,0.8602325,0.33138721550877404,0.33138721550877404
v2_2LC2.pdb,V18S,17,1.7039501928786398,1.0463965,-0.6575536989668966,0.6575536989668966
v2_2LC2.pdb,V18A,17,1.0665211626415738,0.733043,-0.33347814763836947,0.33347814763836947
v2_2LC2.pdb,V18G,17,1.6888399920736077,1.6996498,0.010809818717407937,0.010809818717407937
v2_2LC2.pdb,V18M,17,0.6531489863562441,0.20975399,-0.44339499618290423,0.44339499618290423
v2_2LC2.pdb,V18L,17,1.0454867340522649,0.17711821,-0.8683685220676305,0.8683685220676305
v2_2LC2.pdb,V18I,17,-0.4369559610585933,-0.23430854,0.20264742023751786,0.20264742023751786
v2_2LC2.pdb,V18W,17,1.6110695705947773,-0.073512316,-1.6845818863448994,1.6845818863448994
v2_2LC2.pdb,V18Y,17,0.6475744662060174,-0.026843905,-0.674418371654931,0.674418371654931
v2_2LC2.pdb,V18F,17,0.8668392184927809,0.039818764,-0.8270204547598707,0.8270204547598707
v2_2LC2.pdb,V18P,17,2.636527811448808,2.4224339,-0.21409395829939415,0.21409395829939415
v2_2LC2.pdb,V18C,17,1.0923552967385697,0.13248068,-0.9598746157960343,0.9598746157960343
v2_2LC2.pdb,Y19Q,18,2.8732921138571514,1.8942001,-0.9790920272635235,0.9790920272635235
v2_2LC2.pdb,Y19E,18,2.1335970118884364,2.1427464,0.00914943662840928,0.00914943662840928
v2_2LC2.pdb,Y19N,18,2.3413685946811107,1.9397221,-0.40164653352388413,0.40164653352388413
v2_2LC2.pdb,Y19H,18,1.6391101471609053,1.1859741,-0.4531360260671553,0.4531360260671553
v2_2LC2.pdb,Y19R,18,2.079382694980092,1.6754055,-0.40397719266075605,0.40397719266075605
v2_2LC2.pdb,Y19K,18,2.218699304526536,2.127143,-0.09155639833757112,0.09155639833757112
v2_2LC2.pdb,Y19T,18,2.2102787845019747,2.0658817,-0.14439705537599812,0.14439705537599812
v2_2LC2.pdb,Y19S,18,1.9818278252893995,1.804091,-0.1777368485743116,0.1777368485743116
v2_2LC2.pdb,Y19A,18,2.403688273610104,1.7701415,-0.6335467912568937,0.6335467912568937
v2_2LC2.pdb,Y19G,18,2.2957800488064883,2.1942255,-0.10155449910861236,0.10155449910861236
v2_2LC2.pdb,Y19M,18,1.5652673310708227,1.1962246,-0.3690427607964697,0.3690427607964697
v2_2LC2.pdb,Y19L,18,1.9695240812843315,1.3343765,-0.635147626930999,0.635147626930999
v2_2LC2.pdb,Y19V,18,2.0621692063181425,1.837852,-0.22431720512795694,0.22431720512795694
v2_2LC2.pdb,Y19I,18,1.8368967686426148,1.5447488,-0.2921479855310425,0.2921479855310425
v2_2LC2.pdb,Y19W,18,1.542048353362036,0.45753944,-1.084508914160681,1.084508914160681
v2_2LC2.pdb,Y19F,18,0.6494419762257224,0.4237839,-0.22565807787214576,0.22565807787214576
v2_2LC2.pdb,Y19P,18,2.270974944032855,3.1375167,0.8665417929513981,0.8665417929513981
v2_2LC2.pdb,Y19C,18,1.348583203469693,0.98213816,-0.3664450465788238,0.3664450465788238
v2_2LC2.pdb,K20Q,19,0.1544126456013601,0.3519013,0.19748864719954323,0.19748864719954323
v2_2LC2.pdb,K20E,19,0.9455958362268312,0.88209295,-0.0635028834985597,0.0635028834985597
v2_2LC2.pdb,K20N,19,0.7867273121372327,0.9720865,0.18535917706335936,0.18535917706335936
v2_2LC2.pdb,K20H,19,0.544978817763341,0.83814365,0.2931648289537305,0.2931648289537305
v2_2LC2.pdb,K20D,19,1.500526504652303,1.3172618,-0.18326468958119713,0.18326468958119713
v2_2LC2.pdb,K20R,19,-0.0188666295169577,0.06983656,0.0887031864284262,0.0887031864284262
v2_2LC2.pdb,K20T,19,0.4434427580353302,0.7219276,0.2784848251822907,0.2784848251822907
v2_2LC2.pdb,K20S,19,0.4303043180083841,0.72058594,0.2902816242599875,0.2902816242599875
v2_2LC2.pdb,K20A,19,0.3616388735783387,0.33943543,-0.022203445197372496,0.022203445197372496
v2_2LC2.pdb,K20G,19,0.7190058286245467,0.9913585,0.2723526899759172,0.2723526899759172
v2_2LC2.pdb,K20M,19,0.6225701891319466,0.43478608,-0.1877841078178597,0.1877841078178597
v2_2LC2.pdb,K20L,19,1.112970347443396,0.5589478,-0.5540225458534302,0.5540225458534302
v2_2LC2.pdb,K20V,19,0.9727507723831684,0.751193,-0.22155778541798898,0.22155778541798898
v2_2LC2.pdb,K20I,19,0.821298493349456,0.57850456,-0.24279393097152635,0.24279393097152635
v2_2LC2.pdb,K20W,19,1.2888343296831968,0.8933403,-0.39549404009045386,0.39549404009045386
v2_2LC2.pdb,K20Y,19,0.930660157185891,0.84961545,-0.08104470251212392,0.08104470251212392
v2_2LC2.pdb,K20F,19,1.1327432549881222,0.8222519,-0.31049133905642057,0.31049133905642057
v2_2LC2.pdb,K20P,19,1.6732521863502683,2.1607,0.4874478964286624,0.4874478964286624
v2_2LC2.pdb,K20C,19,1.095663167195423,0.5171992,-0.57846394892226,0.57846394892226
v2_2LC2.pdb,K21Q,20,-0.347266505050491,0.03507761,0.3823441141722905,0.3823441141722905
v2_2LC2.pdb,K21E,20,-0.2477274867610708,0.16469723,0.41242471662328395,0.41242471662328395
v2_2LC2.pdb,K21N,20,0.0046616429760146,0.48234108,0.47767943792799233,0.47767943792799233
v2_2LC2.pdb,K21H,20,-0.1924581758361658,0.08750884,0.27996701818521824,0.27996701818521824
v2_2LC2.pdb,K21D,20,-0.0228120418359059,0.5508684,0.5736804338265675,0.5736804338265675
v2_2LC2.pdb,K21R,20,0.0786513801610042,0.0026692525,-0.07598212770576968,0.07598212770576968
v2_2LC2.pdb,K21T,20,-0.1893477553032871,0.115665175,0.3050129303239818,0.3050129303239818
v2_2LC2.pdb,K21S,20,-0.2096744604553122,0.16106996,0.3707444198573966,0.3707444198573966
v2_2LC2.pdb,K21A,20,-0.4639023346851241,-0.15839791,0.3055044217059981,0.3055044217059981
v2_2LC2.pdb,K21G,20,0.3536478919443062,0.5204439,0.1667960243764946,0.1667960243764946
v2_2LC2.pdb,K21M,20,-0.5294792366288905,-0.34450838,0.18497085693109083,0.18497085693109083
v2_2LC2.pdb,K21L,20,-0.5356084122904288,-0.22190586,0.31370255496582855,0.31370255496582855
v2_2LC2.pdb,K21V,20,-0.1143637521392886,0.049589314,0.16395306570597332,0.16395306570597332
v2_2LC2.pdb,K21I,20,-0.6964889107804493,-0.17930824,0.5171806751351551,0.5171806751351551
v2_2LC2.pdb,K21W,20,0.159181342991689,-0.2857258,-0.44490714517484026,0.44490714517484026
v2_2LC2.pdb,K21Y,20,-0.4517508938053112,-0.30692896,0.14482193133621024,0.14482193133621024
v2_2LC2.pdb,K21F,20,-0.5193995378642442,-0.2755092,0.24389032942346356,0.24389032942346356
v2_2LC2.pdb,K21P,20,2.3313090241550034,1.9107206,-0.42058843737827,0.42058843737827
v2_2LC2.pdb,K21C,20,-0.3325065595578338,-0.3317295,0.000777058072009229,0.000777058072009229
v2_2LC2.pdb,W22Q,21,2.38456937435102,2.0101027,-0.3744666254801703,0.3744666254801703
v2_2LC2.pdb,W22E,21,2.418303487905176,2.2975845,-0.12071895421376988,0.12071895421376988
v2_2LC2.pdb,W22N,21,2.4598513260754933,2.2386742,-0.2211771622571339,0.2211771622571339
v2_2LC2.pdb,W22H,21,2.5298169238150376,1.8740244,-0.6557925326407212,0.6557925326407212
v2_2LC2.pdb,W22D,21,2.6725226449347828,2.5586615,-0.11386118405831791,0.11386118405831791
v2_2LC2.pdb,W22R,21,2.485252996572686,2.3327303,-0.1525227032987604,0.1525227032987604
v2_2LC2.pdb,W22K,21,2.1684608990688328,2.2776332,0.10917229108619653,0.10917229108619653
v2_2LC2.pdb,W22T,21,2.0430258727963806,1.84043,-0.20259585151036985,0.20259585151036985
v2_2LC2.pdb,W22S,21,2.223522788754463,2.1136026,-0.10992015050983417,0.10992015050983417
v2_2LC2.pdb,W22A,21,2.139662356552865,1.647738,-0.49192437666394895,0.49192437666394895
v2_2LC2.pdb,W22G,21,2.469561340680118,2.5994658,0.12990450633526285,0.12990450633526285
v2_2LC2.pdb,W22M,21,2.1552586691447915,0.65717125,-1.498087419755143,1.498087419755143
v2_2LC2.pdb,W22L,21,2.000310508011013,0.5508821,-1.449428406952053,1.449428406952053
v2_2LC2.pdb,W22V,21,2.433684633926905,1.2599866,-1.173697994904078,1.173697994904078
v2_2LC2.pdb,W22I,21,1.993828706018468,0.7598704,-1.233958296052953,1.233958296052953
v2_2LC2.pdb,W22Y,21,1.818477040835756,0.73815703,-1.080320006915468,1.080320006915468
v2_2LC2.pdb,W22F,21,1.897603842815456,0.25686467,-1.6407391758766743,1.6407391758766743
v2_2LC2.pdb,W22P,21,2.23944440349762,2.5020432,0.2625988437252804,0.2625988437252804
v2_2LC2.pdb,W22C,21,2.0258412349805703,0.75874364,-1.2670975912198892,1.2670975912198892
v2_2LC2.pdb,A23Q,22,0.3751304594338236,0.17056367,-0.2045667914212046,0.2045667914212046
v2_2LC2.pdb,A23E,22,0.7495446582166427,0.6189556,-0.13058904603402555,0.13058904603402555
v2_2LC2.pdb,A23N,22,1.0179045294177074,0.73041797,-0.287486562575056,0.287486562575056
v2_2LC2.pdb,A23H,22,0.510491356078584,0.38375464,-0.12673671526094177,0.12673671526094177
v2_2LC2.pdb,A23D,22,1.2791445149475478,1.0946667,-0.18447779551090226,0.18447779551090226
v2_2LC2.pdb,A23R,22,0.5000886604105659,-0.13490948,-0.6349981412207313,0.6349981412207313
v2_2LC2.pdb,A23K,22,0.5969351939826744,-0.06496143,-0.6618966273933189,0.6618966273933189
v2_2LC2.pdb,A23T,22,0.8253361905980312,0.4263516,-0.3989845837521755,0.3989845837521755
v2_2LC2.pdb,A23S,22,0.1149603650056292,0.4018148,0.28685442357431157,0.28685442357431157
v2_2LC2.pdb,A23G,22,1.3571862960882286,0.7950379,-0.5621483708448509,0.5621483708448509
v2_2LC2.pdb,A23M,22,0.5844987753308799,-0.092859745,-0.6773585203565147,0.6773585203565147
v2_2LC2.pdb,A23L,22,0.9502894127965738,-0.051662922,-1.0019523347020913,1.0019523347020913
v2_2LC2.pdb,A23V,22,0.6310504056038737,0.07683739,-0.5542130149426341,0.5542130149426341
v2_2LC2.pdb,A23I,22,1.1744966733359226,-0.17419222,-1.348688893308533,1.348688893308533
v2_2LC2.pdb,A23W,22,0.9644229533143268,0.1875393,-0.7768836589522586,0.7768836589522586
v2_2LC2.pdb,A23Y,22,0.6305583272241653,0.11033176,-0.5202265683673919,0.5202265683673919
v2_2LC2.pdb,A23F,22,0.6711678145539102,0.11811824,-0.5530495731245813,0.5530495731245813
v2_2LC2.pdb,A23P,22,2.6792268789965155,1.7349358,-0.9442911184984686,0.9442911184984686
v2_2LC2.pdb,A23C,22,0.2006929093019926,-0.03788215,-0.23857505852150554,0.23857505852150554
v2_2LC2.pdb,D24Q,23,-0.0352701729651694,0.055097014,0.09036718667709873,0.09036718667709873
v2_2LC2.pdb,D24E,23,-0.3350776730551317,0.052870974,0.3879486469997957,0.3879486469997957
v2_2LC2.pdb,D24N,23,0.2447663231399319,0.24841699,0.003650666901800881,0.003650666901800881
v2_2LC2.pdb,D24H,23,0.3699063323408256,0.2988869,-0.07101943716107706,0.07101943716107706
v2_2LC2.pdb,D24R,23,0.3055263944859254,0.18159267,-0.12393372142264719,0.12393372142264719
v2_2LC2.pdb,D24K,23,0.169103828585073,0.10238297,-0.06672085574857856,0.06672085574857856
v2_2LC2.pdb,D24T,23,0.2686450598485326,0.3285056,0.05986054561068066,0.05986054561068066
v2_2LC2.pdb,D24S,23,0.0558774182834547,0.18916439,0.1332869669160921,0.1332869669160921
v2_2LC2.pdb,D24A,23,-0.2467743923617136,-0.092745006,0.15402938627727147,0.15402938627727147
v2_2LC2.pdb,D24G,23,0.4667313935329547,0.44546843,-0.021262967782222253,0.021262967782222253
v2_2LC2.pdb,D24M,23,0.0456001235571927,0.036099285,-0.009500838669878858,0.009500838669878858
v2_2LC2.pdb,D24L,23,0.1060468034885824,0.12685962,0.0208128167249262,0.0208128167249262
v2_2LC2.pdb,D24V,23,0.6534101220673958,0.47993636,-0.17347376075452958,0.17347376075452958
v2_2LC2.pdb,D24I,23,0.5360700096322895,0.2930587,-0.2430113162233234,0.2430113162233234
v2_2LC2.pdb,D24W,23,0.6776463262168035,0.18827404,-0.4893722853985891,0.4893722853985891
v2_2LC2.pdb,D24Y,23,0.6547462562222397,0.2891876,-0.36555864607285615,0.36555864607285615
v2_2LC2.pdb,D24F,23,0.6349091053549001,0.31427944,-0.32062966828977557,0.32062966828977557
v2_2LC2.pdb,D24P,23,2.702382520251968,1.4260635,-1.2763189826543115,1.2763189826543115
v2_2LC2.pdb,D24C,23,0.0567611838361008,-0.016439527,-0.0732007111092789,0.0732007111092789
v2_2LC2.pdb,K25Q,24,-0.23147082121866,0.14727893,0.3787497559358384,0.3787497559358384
v2_2LC2.pdb,K25E,24,-0.0784051358136896,0.3755983,0.45400344723794495,0.45400344723794495
v2_2LC2.pdb,K25N,24,0.0825364464888678,0.3499065,0.2673700576653375,0.2673700576653375
v2_2LC2.pdb,K25H,24,0.2382306304315593,0.25676078,0.018530145611378945,0.018530145611378945
v2_2LC2.pdb,K25D,24,0.4538096557767961,0.6073177,0.1535080303041365,0.1535080303041365
v2_2LC2.pdb,K25R,24,-0.125090422709579,-0.021322206,0.10376821704685166,0.10376821704685166
v2_2LC2.pdb,K25T,24,0.2058775606353757,0.54086953,0.3349919733802798,0.3349919733802798
v2_2LC2.pdb,K25S,24,-0.2008511121260157,0.2698604,0.4707114989744654,0.4707114989744654
v2_2LC2.pdb,K25A,24,-0.6471704522719115,-0.21951787,0.42765258053443134,0.42765258053443134
v2_2LC2.pdb,K25G,24,1.0046850615431009,0.49266338,-0.5120216780592142,0.5120216780592142
v2_2LC2.pdb,K25M,24,-0.5845501798465609,-0.21681137,0.36773880601671927,0.36773880601671927
v2_2LC2.pdb,K25L,24,-0.5611088816148246,-0.110309914,0.45079896786036144,0.45079896786036144
v2_2LC2.pdb,K25V,24,0.233291394177278,0.49573976,0.26244836383740094,0.26244836383740094
v2_2LC2.pdb,K25I,24,-0.0916273261100362,0.27209327,0.3637205923587392,0.3637205923587392
v2_2LC2.pdb,K25W,24,-0.6116422826588401,0.022697926,0.6343402082264671,0.6343402082264671
v2_2LC2.pdb,K25Y,24,0.1283719042094615,0.13088885,0.002516945287379918,0.002516945287379918
v2_2LC2.pdb,K25F,24,-0.0895213256940987,0.099590614,0.18911194013215565,0.18911194013215565
v2_2LC2.pdb,K25P,24,1.9880563574369103,1.9126126,-0.07544380002571649,0.07544380002571649
v2_2LC2.pdb,K25C,24,-0.5474153219041633,-0.19248886,0.3549264578399467,0.3549264578399467
v2_2LC2.pdb,G26Q,25,1.2097528657933665,0.4697939,-0.7399589798470927,0.7399589798470927
v2_2LC2.pdb,G26E,25,1.180148019073687,0.8573631,-0.3227849142534356,0.3227849142534356
v2_2LC2.pdb,G26N,25,1.134337418250606,0.3268409,-0.8074965109153247,0.8074965109153247
v2_2LC2.pdb,G26H,25,1.1928928406559929,0.4738351,-0.7190577299916252,0.7190577299916252
v2_2LC2.pdb,G26D,25,1.7732343901916676,0.82973063,-0.9435037602707081,0.9435037602707081
v2_2LC2.pdb,G26R,25,1.1906047862213438,0.5382949,-0.6523098748367613,0.6523098748367613
v2_2LC2.pdb,G26K,25,0.988388970598773,0.4070034,-0.581385567888812,0.581385567888812
v2_2LC2.pdb,G26T,25,1.7584085050728016,1.1230328,-0.6353756967689685,0.6353756967689685
v2_2LC2.pdb,G26S,25,1.3469257542015498,0.7087002,-0.6382255741478389,0.6382255741478389
v2_2LC2.pdb,G26A,25,0.9911121541722824,0.6091294,-0.381982725308757,0.381982725308757
v2_2LC2.pdb,G26M,25,1.3878581644489032,0.67765045,-0.710207712788747,0.710207712788747
v2_2LC2.pdb,G26L,25,1.2564959947027154,0.7045057,-0.5519903127111383,0.5519903127111383
v2_2LC2.pdb,G26V,25,1.9112518006773485,1.1379364,-0.7733154469938768,0.7733154469938768
v2_2LC2.pdb,G26I,25,1.4564082491719,1.1908951,-0.2655131686054937,0.2655131686054937
v2_2LC2.pdb,G26W,25,1.5877807066685743,0.79566205,-0.7921186611897535,0.7921186611897535
v2_2LC2.pdb,G26Y,25,1.3559936795345986,0.80610776,-0.5498859200588906,0.5498859200588906
v2_2LC2.pdb,G26F,25,1.2545627406277249,0.7170234,-0.5375393679775784,0.5375393679775784
v2_2LC2.pdb,G26P,25,1.35955139439367,1.5508927,0.19134131629206008,0.19134131629206008
v2_2LC2.pdb,G26C,25,0.6631837672351364,0.16303444,-0.5001493281482223,0.5001493281482223
v2_2LC2.pdb,Y27Q,26,2.088293849087435,1.5473481,-0.5409457074172082,0.5409457074172082
v2_2LC2.pdb,Y27E,26,2.327552489381845,1.974791,-0.3527614394245697,0.3527614394245697
v2_2LC2.pdb,Y27N,26,2.762657667037836,1.891001,-0.8716566809385928,0.8716566809385928
v2_2LC2.pdb,Y27H,26,1.778147387298283,1.0887936,-0.6893537519299358,0.6893537519299358
v2_2LC2.pdb,Y27D,26,2.7094808978491307,2.1794825,-0.529998437827158,0.529998437827158
v2_2LC2.pdb,Y27R,26,2.67777019646229,1.3307874,-1.346982776189463,1.346982776189463
v2_2LC2.pdb,Y27K,26,2.9353972633965437,1.4463816,-1.4890156944878523,1.4890156944878523
v2_2LC2.pdb,Y27T,26,2.514334608609701,1.2454209,-1.2689136758399258,1.2689136758399258
v2_2LC2.pdb,Y27S,26,2.0110604019654503,1.6124804,-0.3985799999726525,0.3985799999726525
v2_2LC2.pdb,Y27A,26,2.368259256289092,1.1567714,-1.2114878348565967,1.2114878348565967
v2_2LC2.pdb,Y27G,26,2.2078485056894963,2.1201153,-0.08773322553812912,0.08773322553812912
v2_2LC2.pdb,Y27M,26,1.482082125040337,0.5052367,-0.9768454397643056,0.9768454397643056
v2_2LC2.pdb,Y27L,26,0.7926650608117045,0.29797816,-0.4946868980462016,0.4946868980462016
v2_2LC2.pdb,Y27V,26,1.505567475658359,0.5445111,-0.961056395870151,0.961056395870151
v2_2LC2.pdb,Y27I,26,0.6595055521578428,0.1343106,-0.5251949490160581,0.5251949490160581
v2_2LC2.pdb,Y27W,26,0.7960285460284129,0.15110123,-0.6449273144534007,0.6449273144534007
v2_2LC2.pdb,Y27F,26,0.4884414917664879,0.2057792,-0.28266229693463973,0.28266229693463973
v2_2LC2.pdb,Y27P,26,2.2973232761609474,2.414482,0.1171588405382713,0.1171588405382713
v2_2LC2.pdb,Y27C,26,1.2895091617456655,0.5187962,-0.7707129562250357,0.7707129562250357
v2_2LC2.pdb,T28Q,27,1.685037673709399,0.9185108,-0.7665268790698117,0.7665268790698117
v2_2LC2.pdb,T28E,27,1.795705072683322,0.9012991,-0.8944059536876554,0.8944059536876554
v2_2LC2.pdb,T28N,27,0.9535164719209456,0.5872913,-0.3662251716241621,0.3662251716241621
v2_2LC2.pdb,T28H,27,1.7198398188182185,0.94186366,-0.7779761627742121,0.7779761627742121
v2_2LC2.pdb,T28D,27,0.8632755355606538,0.52095604,-0.3423194961319429,0.3423194961319429
v2_2LC2.pdb,T28R,27,1.8294932897332716,0.9671769,-0.8623163755181837,0.8623163755181837
v2_2LC2.pdb,T28K,27,1.7671990740011645,0.90525794,-0.8619411337088061,0.8619411337088061
v2_2LC2.pdb,T28S,27,0.4996347628349289,0.17275143,-0.32688333613815157,0.32688333613815157
v2_2LC2.pdb,T28A,27,1.9078013513260927,0.82577384,-1.0820275161439028,1.0820275161439028
v2_2LC2.pdb,T28G,27,1.1856316173937484,0.8579305,-0.32770113595988004,0.32770113595988004
v2_2LC2.pdb,T28M,27,2.1159574680043822,1.0203414,-1.0956160716725951,1.0956160716725951
v2_2LC2.pdb,T28L,27,1.5557397798954506,0.98907936,-0.5666604237019082,0.5666604237019082
v2_2LC2.pdb,T28V,27,2.0292298792709613,0.9842193,-1.0450105666031146,1.0450105666031146
v2_2LC2.pdb,T28I,27,1.37231033972875,1.1029347,-0.2693756215967309,0.2693756215967309
v2_2LC2.pdb,T28W,27,1.415615133514431,1.024173,-0.3914421121979026,0.3914421121979026
v2_2LC2.pdb,T28Y,27,1.9397404892688448,0.95393634,-0.9858041508441622,0.9858041508441622
v2_2LC2.pdb,T28F,27,2.10011912937338,1.053561,-1.0465581571596347,1.0465581571596347
v2_2LC2.pdb,T28P,27,2.242875098157672,1.1112812,-1.131593941617755,1.131593941617755
v2_2LC2.pdb,T28C,27,1.3469664995321102,0.5461613,-0.8008052055486508,0.8008052055486508
v2_2LC2.pdb,L29Q,28,0.9569423875353408,0.36822876,-0.5887136241934371,0.5887136241934371
v2_2LC2.pdb,L29E,28,1.2474974069487337,0.6694648,-0.5780325803648714,0.5780325803648714
v2_2LC2.pdb,L29N,28,1.494913616662528,0.6945193,-0.800394335275199,0.800394335275199
v2_2LC2.pdb,L29H,28,1.1078927810883372,0.42557025,-0.6823225315308421,0.6823225315308421
v2_2LC2.pdb,L29D,28,1.553969089949229,1.1218512,-0.43211788412342345,0.43211788412342345
v2_2LC2.pdb,L29R,28,0.6448612961042217,0.26096225,-0.383899048255711,0.383899048255711
v2_2LC2.pdb,L29K,28,0.1425546923254907,0.23040298,0.08784828394899966,0.08784828394899966
v2_2LC2.pdb,L29T,28,0.5381056122736161,0.38498953,-0.15311608242551733,0.15311608242551733
v2_2LC2.pdb,L29S,28,0.7704675756881254,0.6172849,-0.15318268169856242,0.15318268169856242
v2_2LC2.pdb,L29A,28,0.1048824219021566,0.37686914,0.2719867201533549,0.2719867201533549
v2_2LC2.pdb,L29G,28,1.309013455240226,0.84270215,-0.4663113048953773,0.4663113048953773
v2_2LC2.pdb,L29M,28,0.9218623273995146,0.116327345,-0.8055349820282682,0.8055349820282682
v2_2LC2.pdb,L29V,28,0.3071673302391309,-0.038732886,-0.345900216553523,0.345900216553523
v2_2LC2.pdb,L29I,28,0.4191012358877191,-0.07342723,-0.4925284660074243,0.4925284660074243
v2_2LC2.pdb,L29W,28,1.4786435739343793,0.105559245,-1.373084329182449,1.373084329182449
v2_2LC2.pdb,L29Y,28,1.305933303783431,0.13225098,-1.1736823242406988,1.1736823242406988
v2_2LC2.pdb,L29F,28,1.0708631326756404,0.1744071,-0.8964560379586146,0.8964560379586146
v2_2LC2.pdb,L29P,28,0.4799644390193875,0.5717997,0.09183525647240326,0.09183525647240326
v2_2LC2.pdb,L29C,28,1.085843057061132,-0.02008441,-1.10592746796697,1.10592746796697
v2_2LC2.pdb,T30Q,29,-0.2686061941134361,-0.04891558,0.21969061419838942,0.21969061419838942
v2_2LC2.pdb,T30E,29,-0.4279008838516471,0.03746832,0.4653692054730651,0.4653692054730651
v2_2LC2.pdb,T30N,29,0.037405606733849,0.15409198,0.11668637729973559,0.11668637729973559
v2_2LC2.pdb,T30H,29,0.0658144788698331,0.0920936,0.026279122953019984,0.026279122953019984
v2_2LC2.pdb,T30D,29,-0.207562000316444,0.20938268,0.41694468335515555,0.41694468335515555
v2_2LC2.pdb,T30R,29,0.2317357210440409,0.009248823,-0.2224868981165659,0.2224868981165659
v2_2LC2.pdb,T30K,29,-0.0562969661954757,-0.1462052,-0.08990823554955757,0.08990823554955757
v2_2LC2.pdb,T30S,29,0.0233497034457998,-0.0041346867,-0.027484390109546633,0.027484390109546633
v2_2LC2.pdb,T30A,29,-0.0261366327975287,-0.30006254,-0.27392590439576964,0.27392590439576964
v2_2LC2.pdb,T30G,29,0.2014983711901719,0.09784861,-0.10364976210032051,0.10364976210032051
v2_2LC2.pdb,T30M,29,0.0231076452814149,-0.05528666,-0.07839430607185832,0.07839430607185832
v2_2LC2.pdb,T30L,29,0.0089369759091066,-0.08588174,-0.09481871576391922,0.09481871576391922
v2_2LC2.pdb,T30V,29,0.0084064611549368,0.0072348677,-0.001171593492745409,0.001171593492745409
v2_2LC2.pdb,T30I,29,0.0343734307880518,0.025280405,-0.009093025952112394,0.009093025952112394
v2_2LC2.pdb,T30W,29,0.2021729686775193,-0.06830746,-0.27048042803191996,0.27048042803191996
v2_2LC2.pdb,T30Y,29,0.0926487555985748,0.052516446,-0.04013231008103482,0.04013231008103482
v2_2LC2.pdb,T30F,29,-0.148697374864771,0.08301795,0.2317153276049634,0.2317153276049634
v2_2LC2.pdb,T30P,29,0.6154986470456125,0.52037853,-0.09512011702013035,0.09512011702013035
v2_2LC2.pdb,T30C,29,-0.0093725902518593,-0.23222998,-0.22285738759428633,0.22285738759428633
v2_2LC2.pdb,Q31E,30,0.3329324835847085,0.4179814,0.08504890259998388,0.08504890259998388
v2_2LC2.pdb,Q31N,30,1.2195659310983402,1.0013055,-0.2182604701684696,0.2182604701684696
v2_2LC2.pdb,Q31H,30,0.7790757120437779,0.7662397,-0.012836009342209298,0.012836009342209298
v2_2LC2.pdb,Q31D,30,-0.0785812367948315,0.9428792,1.021460436776521,1.021460436776521
v2_2LC2.pdb,Q31R,30,1.2548190463557924,0.53428644,-0.7205326069369997,0.7205326069369997
v2_2LC2.pdb,Q31K,30,1.229990167659636,0.35189843,-0.878091735881682,0.878091735881682
v2_2LC2.pdb,Q31T,30,1.0875647196118647,0.7741046,-0.31346012442753857,0.31346012442753857
v2_2LC2.pdb,Q31S,30,1.1113176715782347,0.8045069,-0.3068107736519041,0.3068107736519041
v2_2LC2.pdb,Q31A,30,0.7959047434107849,0.43791273,-0.3579920110480377,0.3579920110480377
v2_2LC2.pdb,Q31G,30,1.9239084786070808,1.2359122,-0.6879962748183235,0.6879962748183235
v2_2LC2.pdb,Q31M,30,-0.185575551068434,0.2723364,0.45791194466317586,0.45791194466317586
v2_2LC2.pdb,Q31L,30,0.8929406926016319,0.5415874,-0.35135328024430157,0.35135328024430157
v2_2LC2.pdb,Q31V,30,0.9393746387245584,0.70769167,-0.23168296926044707,0.23168296926044707
v2_2LC2.pdb,Q31I,30,0.6500750254135335,0.48781615,-0.16225887045671583,0.16225887045671583
v2_2LC2.pdb,Q31W,30,0.9957221240541944,0.8842925,-0.11142964072442141,0.11142964072442141
v2_2LC2.pdb,Q31Y,30,1.3889596306847178,0.8361064,-0.5528532111214244,0.5528532111214244
v2_2LC2.pdb,Q31F,30,0.8788726721993525,0.7905375,-0.08833519565974068,0.08833519565974068
v2_2LC2.pdb,Q31P,30,2.232102041184383,2.4404302,0.20832812315277538,0.20832812315277538
v2_2LC2.pdb,Q31C,30,0.6761657366028533,0.40611896,-0.270046777414392,0.270046777414392
v2_2LC2.pdb,M32Q,31,2.0801544247747,2.502173,0.4220185221552315,0.4220185221552315
v2_2LC2.pdb,M32E,31,2.154452456633318,2.8783047,0.7238522632916089,0.7238522632916089
v2_2LC2.pdb,M32N,31,1.888672648218749,2.4710965,0.5824238674367685,0.5824238674367685
v2_2LC2.pdb,M32H,31,2.083581570031686,2.4799707,0.39638912355657085,0.39638912355657085
v2_2LC2.pdb,M32D,31,1.9881884650785449,2.7713609,0.7831724090974805,0.7831724090974805
v2_2LC2.pdb,M32R,31,2.4192959549871422,2.2894511,-0.12984483270320668,0.12984483270320668
v2_2LC2.pdb,M32K,31,2.188313126216058,2.5227983,0.3344851735733707,0.3344851735733707
v2_2LC2.pdb,M32T,31,2.2278556754339407,2.305098,0.0772423813592722,0.0772423813592722
v2_2LC2.pdb,M32S,31,2.204688085754388,2.555476,0.35078786448670085,0.35078786448670085
v2_2LC2.pdb,M32A,31,1.87748191494016,1.4660009,-0.4114810003664906,0.4114810003664906
v2_2LC2.pdb,M32G,31,1.8067005609477227,2.5876534,0.7809528375660713,0.7809528375660713
v2_2LC2.pdb,M32L,31,-0.1262483424419742,0.13260245,0.2588507956737857,0.2588507956737857
v2_2LC2.pdb,M32V,31,-0.0446944826166553,0.619467,0.6641615026514454,0.6641615026514454
v2_2LC2.pdb,M32I,31,-0.5310799246414555,-0.079687595,0.45139232927402384,0.45139232927402384
v2_2LC2.pdb,M32W,31,1.9078218154936095,1.5674986,-0.3403232507734557,0.3403232507734557
v2_2LC2.pdb,M32Y,31,2.270908916207792,1.5522668,-0.71864208004141,0.71864208004141
v2_2LC2.pdb,M32F,31,1.3935309796107878,0.8560198,-0.5375111846698393,0.5375111846698393
v2_2LC2.pdb,M32P,31,2.494473456387439,3.2903047,0.79583120440968,0.79583120440968
v2_2LC2.pdb,M32C,31,0.9421850414374956,0.9128084,-0.029376623163569815,0.029376623163569815
v2_2LC2.pdb,S33Q,32,-0.2572686000103914,-0.27437636,-0.01710776255178814,0.01710776255178814
v2_2LC2.pdb,S33E,32,0.1598526965987448,0.17711142,0.017258720456385213,0.017258720456385213
v2_2LC2.pdb,S33N,32,0.5088501374971881,0.31368935,-0.19516078641533996,0.19516078641533996
v2_2LC2.pdb,S33H,32,0.0407467921534743,-0.15175405,-0.19250084360038897,0.19250084360038897
v2_2LC2.pdb,S33D,32,0.7061727269851219,0.82943565,0.12326291954884416,0.12326291954884416
v2_2LC2.pdb,S33R,32,-0.5733774270060059,-0.62210846,-0.04873103246665034,0.04873103246665034
v2_2LC2.pdb,S33K,32,-0.5669328209234252,-0.4626215,0.10431131089458612,0.10431131089458612
v2_2LC2.pdb,S33T,32,0.4762151861476462,0.122448474,-0.3537667119788687,0.3537667119788687
v2_2LC2.pdb,S33A,32,-0.51645643814095,-0.3980928,0.11836363180168608,0.11836363180168608
v2_2LC2.pdb,S33G,32,0.1418519508394209,0.41293287,0.27108092193279587,0.27108092193279587
v2_2LC2.pdb,S33M,32,0.0194336686933289,-0.6505495,-0.6699831400716553,0.6699831400716553
v2_2LC2.pdb,S33L,32,-0.095221640696824,-0.5002002,-0.40497857130497655,0.40497857130497655
v2_2LC2.pdb,S33V,32,0.3669150594577695,-0.13023025,-0.49714530743216523,0.49714530743216523
v2_2LC2.pdb,S33I,32,0.4445130938297073,-0.34014863,-0.7846617215877334,0.7846617215877334
v2_2LC2.pdb,S33W,32,-0.3637546762026873,-0.44678456,-0.08302987970933051,0.08302987970933051
v2_2LC2.pdb,S33Y,32,-0.1685675301532239,-0.5042535,-0.3356859765072375,0.3356859765072375
v2_2LC2.pdb,S33F,32,-0.2399102576974594,-0.45130795,-0.2113976947065628,0.2113976947065628
v2_2LC2.pdb,S33P,32,1.9922956075963083,1.8530524,-0.13924322989550264,0.13924322989550264
v2_2LC2.pdb,S33C,32,-0.073200301180587,-0.5721578,-0.4989574990170143,0.4989574990170143
v2_2LC2.pdb,N34Q,33,-0.0947044963577989,-0.106449656,-0.011745159830689106,0.011745159830689106
v2_2LC2.pdb,N34E,33,-0.4236703214312109,-0.072735414,0.3509349075222525,0.3509349075222525
v2_2LC2.pdb,N34H,33,-0.2218631142087095,-0.09935518,0.12250793066693474,0.12250793066693474
v2_2LC2.pdb,N34D,33,-0.1055137961978625,0.106676914,0.21219070999571787,0.21219070999571787
v2_2LC2.pdb,N34R,33,-0.1271320613262161,-0.09756894,0.02956312468023145,0.02956312468023145
v2_2LC2.pdb,N34K,33,-0.0160475861639803,-0.07331722,-0.057269636133211316,0.057269636133211316
v2_2LC2.pdb,N34T,33,0.1979484039109165,0.04674741,-0.15120099510363882,0.15120099510363882
v2_2LC2.pdb,N34S,33,0.0848196427018366,0.025287472,-0.059532170990201014,0.059532170990201014
v2_2LC2.pdb,N34A,33,-0.0813055096363299,-0.20713505,-0.12582954185254644,0.12582954185254644
v2_2LC2.pdb,N34G,33,0.1421344943248819,0.38061124,0.23847674653891815,0.23847674653891815
v2_2LC2.pdb,N34M,33,-0.0354681833173868,-0.28947353,-0.2540053503129843,0.2540053503129843
v2_2LC2.pdb,N34L,33,0.0429753395207757,-0.18849263,-0.23146796547254267,0.23146796547254267
v2_2LC2.pdb,N34V,33,-0.0306180362223709,-0.0114391,0.01917893631449584,0.01917893631449584
v2_2LC2.pdb,N34I,33,-0.2256680939192428,-0.18741965,0.038248440980400034,0.038248440980400034
v2_2LC2.pdb,N34W,33,0.0857217638895759,-0.32906923,-0.41479099086978527,0.41479099086978527
v2_2LC2.pdb,N34Y,33,-0.0893565856308185,-0.2589508,-0.16959421407277953,0.16959421407277953
v2_2LC2.pdb,N34F,33,-0.127249912069685,-0.26225966,-0.13500975008165167,0.13500975008165167
v2_2LC2.pdb,N34P,33,2.723069869370764,1.5992858,-1.1237840283826048,1.1237840283826048
v2_2LC2.pdb,N34C,33,-0.1648877574811353,-0.42999804,-0.2651102827181445,0.2651102827181445
v2_2LC2.pdb,F35Q,34,1.5858554332195565,0.71396846,-0.8718869774280831,0.8718869774280831
v2_2LC2.pdb,F35E,34,1.3670331845594903,0.923419,-0.4436141858412286,0.4436141858412286
v2_2LC2.pdb,F35N,34,1.6954229740417823,1.2208085,-0.47461446802981944,0.47461446802981944
v2_2LC2.pdb,F35H,34,1.2202649074664964,0.9473766,-0.27288829861792463,0.27288829861792463
v2_2LC2.pdb,F35D,34,1.8070237061280872,1.1044066,-0.7026171108979846,0.7026171108979846
v2_2LC2.pdb,F35R,34,1.6864949213786928,0.83598036,-0.8505145656390993,0.8505145656390993
v2_2LC2.pdb,F35K,34,1.7500530090060802,0.7519403,-0.9981126990047069,0.9981126990047069
v2_2LC2.pdb,F35T,34,1.820083751624241,1.0812547,-0.7388290309363748,0.7388290309363748
v2_2LC2.pdb,F35S,34,1.7989421587238177,0.84092987,-0.9580122928867205,0.9580122928867205
v2_2LC2.pdb,F35A,34,0.9563722963690616,0.08559173,-0.8707805629134037,0.8707805629134037
v2_2LC2.pdb,F35G,34,1.8678534357382583,0.8316171,-1.0362363188101578,1.0362363188101578
v2_2LC2.pdb,F35M,34,-0.0349676587398097,-0.18339908,-0.14843142249035388,0.14843142249035388
v2_2LC2.pdb,F35L,34,0.1463353128914009,-0.034018815,-0.1803541274551521,0.1803541274551521
v2_2LC2.pdb,F35V,34,1.257869495540116,0.97021186,-0.2876576320223547,0.2876576320223547
v2_2LC2.pdb,F35I,34,0.5103722910038484,0.4533306,-0.05704168478169569,0.05704168478169569
v2_2LC2.pdb,F35W,34,-0.4870204719595481,0.1701994,0.6572198661856223,0.6572198661856223
v2_2LC2.pdb,F35Y,34,0.5662229354308841,0.3125452,-0.25367772530782196,0.25367772530782196
v2_2LC2.pdb,F35P,34,2.154257734026866,1.8420346,-0.31222315570350156,0.31222315570350156
v2_2LC2.pdb,F35C,34,0.7860958894236405,0.18082184,-0.60527405342892,0.60527405342892
v2_2LC2.pdb,L36Q,35,2.124066339694356,2.0144818,-0.1095845567811482,0.1095845567811482
v2_2LC2.pdb,L36E,35,1.9850526154078867,2.1618896,0.17683693766218167,0.17683693766218167
v2_2LC2.pdb,L36N,35,2.211781768477358,2.2047677,-0.007014064467348202,0.007014064467348202
v2_2LC2.pdb,L36H,35,1.961443694432244,1.940969,-0.020474704106316244,0.020474704106316244
v2_2LC2.pdb,L36D,35,1.8059458882035824,2.4017134,0.5957674830732731,0.5957674830732731
v2_2LC2.pdb,L36R,35,2.4569906128122803,2.1971588,-0.25983179933571776,0.25983179933571776
v2_2LC2.pdb,L36K,35,2.7469762340476973,2.112141,-0.6348353401115401,0.6348353401115401
v2_2LC2.pdb,L36T,35,2.216089769305816,1.5337579,-0.6823318442722468,0.6823318442722468
v2_2LC2.pdb,L36S,35,2.274149313767916,1.9079357,-0.36621357520437847,0.36621357520437847
v2_2LC2.pdb,L36A,35,2.513773040312278,1.7123448,-0.801428274649131,0.801428274649131
v2_2LC2.pdb,L36G,35,1.5519015279583015,2.0511627,0.499261191768261,0.499261191768261
v2_2LC2.pdb,L36M,35,1.9969662127579395,0.5502467,-1.4467194972122852,1.4467194972122852
v2_2LC2.pdb,L36V,35,2.166885795206557,1.1887186,-0.9781672378487691,0.9781672378487691
v2_2LC2.pdb,L36I,35,1.7818679375755808,1.0069206,-0.7749473614799998,0.7749473614799998
v2_2LC2.pdb,L36W,35,1.526170534695686,1.2669919,-0.2591786809816967,0.2591786809816967
v2_2LC2.pdb,L36Y,35,1.9342333464827004,1.330945,-0.6032883315290871,0.6032883315290871
v2_2LC2.pdb,L36F,35,1.5200640679330355,1.231029,-0.28903503427214683,0.28903503427214683
v2_2LC2.pdb,L36P,35,2.0012500496015324,2.4552817,0.4540316848650203,0.4540316848650203
v2_2LC2.pdb,L36C,35,1.5217322841082312,0.9038045,-0.6179278030787207,0.6179278030787207
v2_2LC2.pdb,K37Q,36,0.0894062249788105,0.19597948,0.10657325099622612,0.10657325099622612
v2_2LC2.pdb,K37E,36,0.3653871001881628,0.5004902,0.13510308841047003,0.13510308841047003
v2_2LC2.pdb,K37N,36,0.5431686069465429,0.42539653,-0.11777207512624566,0.11777207512624566
v2_2LC2.pdb,K37H,36,0.2722704035990682,0.3560822,0.08381179740496014,0.08381179740496014
v2_2LC2.pdb,K37D,36,0.62113959152414,0.77883756,0.15769797008322084,0.15769797008322084
v2_2LC2.pdb,K37R,36,0.1199937457755959,0.0024478436,-0.11754590222396016,0.11754590222396016
v2_2LC2.pdb,K37T,36,0.4633484192842734,0.42294404,-0.040404380177904375,0.040404380177904375
v2_2LC2.pdb,K37S,36,0.1322365728425469,0.39860666,0.2663700851393257,0.2663700851393257
v2_2LC2.pdb,K37A,36,0.267802372633745,0.24393637,-0.02386599785022908,0.02386599785022908
v2_2LC2.pdb,K37G,36,0.8374660830257135,0.69632995,-0.14113613173939754,0.14113613173939754
v2_2LC2.pdb,K37M,36,0.4267997020469831,0.17376637,-0.2530333274589704,0.2530333274589704
v2_2LC2.pdb,K37L,36,0.6547903245402467,0.20110181,-0.45368851480018013,0.45368851480018013
v2_2LC2.pdb,K37V,36,0.6635730058818448,0.38523865,-0.27833435842090726,0.27833435842090726
v2_2LC2.pdb,K37I,36,0.589943426317558,0.27525592,-0.3146875078147504,0.3146875078147504
v2_2LC2.pdb,K37W,36,0.4544503062156693,0.453215,-0.0012353032020584465,0.0012353032020584465
v2_2LC2.pdb,K37Y,36,0.4595088194967536,0.43460244,-0.02490638009321966,0.02490638009321966
v2_2LC2.pdb,K37F,36,0.5145845577642805,0.4777269,-0.03685765122627083,0.03685765122627083
v2_2LC2.pdb,K37P,36,2.1428930530099395,1.4722763,-0.6706167230157378,0.6706167230157378
v2_2LC2.pdb,K37C,36,-0.0763751912705603,0.1476492,0.22402439004108338,0.22402439004108338
v2_2LC2.pdb,S38Q,37,1.357824121723867,1.0418735,-0.3159506666762595,0.3159506666762595
v2_2LC2.pdb,S38E,37,1.1812075315468755,0.8755537,-0.30565380439691214,0.30565380439691214
v2_2LC2.pdb,S38N,37,1.1253514273081664,0.6006516,-0.5246998054896239,0.5246998054896239
v2_2LC2.pdb,S38H,37,0.7980895640812196,1.1861888,0.3880992529430114,0.3880992529430114
v2_2LC2.pdb,S38D,37,0.0517237682491549,0.14114493,0.08942116306722084,0.08942116306722084
v2_2LC2.pdb,S38R,37,1.4415085510743182,1.4649367,0.02342818217153142,0.02342818217153142
v2_2LC2.pdb,S38K,37,1.4690150380395552,1.5111475,0.04213246104491741,0.04213246104491741
v2_2LC2.pdb,S38T,37,0.5176743795150531,0.5699497,0.05227530701219907,0.05227530701219907
v2_2LC2.pdb,S38A,37,1.0445180050344098,0.45791382,-0.5866041890592206,0.5866041890592206
v2_2LC2.pdb,S38G,37,0.938349216870876,0.67823404,-0.2601151761337239,0.2601151761337239
v2_2LC2.pdb,S38M,37,1.0823646992406075,1.392479,0.31011424363048623,0.31011424363048623
v2_2LC2.pdb,S38L,37,1.1459477892662957,1.4808917,0.33494391529303047,0.33494391529303047
v2_2LC2.pdb,S38V,37,0.9474767703700856,1.5807413,0.6332645159076854,0.6332645159076854
v2_2LC2.pdb,S38I,37,1.1536361617324409,1.7510214,0.5973852234604302,0.5973852234604302
v2_2LC2.pdb,S38W,37,1.0054871132579757,1.4219649,0.4164777705463456,0.4164777705463456
v2_2LC2.pdb,S38Y,37,0.775620721400176,1.4186933,0.6430725826617136,0.6430725826617136
v2_2LC2.pdb,S38F,37,0.879043268185991,1.554429,0.6753857860742629,0.6753857860742629
v2_2LC2.pdb,S38P,37,1.5900303510296676,1.7630463,0.1730159136187699,0.1730159136187699
v2_2LC2.pdb,K39Q,38,0.3423159568638885,0.16976008,-0.1725558786721313,0.1725558786721313
v2_2LC2.pdb,K39E,38,-0.0355003641059878,0.18471065,0.22021101574211147,0.22021101574211147
v2_2LC2.pdb,K39N,38,0.0671766618336087,0.092254415,0.025077753320848398,0.025077753320848398
v2_2LC2.pdb,K39H,38,0.080477863926526,0.18223464,0.10175678096330554,0.10175678096330554
v2_2LC2.pdb,K39D,38,-0.0775191123367036,0.14879672,0.2263158346296037,0.2263158346296037
v2_2LC2.pdb,K39R,38,0.235318225064367,0.12031789,-0.11500033382424707,0.11500033382424707
v2_2LC2.pdb,K39T,38,-0.0169112586728239,0.17623396,0.19314522085105418,0.19314522085105418
v2_2LC2.pdb,K39S,38,0.0231220600999728,0.06298375,0.03986169119702427,0.03986169119702427
v2_2LC2.pdb,K39A,38,0.2059208112966049,-0.010095254,-0.216016064883374,0.216016064883374
v2_2LC2.pdb,K39G,38,0.0565210874058128,0.19441931,0.13789822209106678,0.13789822209106678
v2_2LC2.pdb,K39M,38,0.5506135822602827,0.21428205,-0.33633153153148476,0.33633153153148476
v2_2LC2.pdb,K39L,38,0.7239948193534489,0.14085975,-0.583135066460001,0.583135066460001
v2_2LC2.pdb,K39V,38,0.5447381774188227,0.2690167,-0.27572146451484625,0.27572146451484625
v2_2LC2.pdb,K39I,38,0.7869578152492767,0.2875142,-0.4994436055019622,0.4994436055019622
v2_2LC2.pdb,K39W,38,0.7746085841672405,0.18396199,-0.5906465966718182,0.5906465966718182
v2_2LC2.pdb,K39Y,38,0.5785172399947589,0.26291105,-0.3156061884829944,0.3156061884829944
v2_2LC2.pdb,K39F,38,0.5552912263791869,0.327092,-0.22819923447778923,0.22819923447778923
v2_2LC2.pdb,K39P,38,0.5571300987592767,0.13408275,-0.4230473492733071,0.4230473492733071
v2_2LC2.pdb,K39C,38,0.389211088950574,0.0076410025,-0.381570086414754,0.381570086414754
v2_2LC2.pdb,T40Q,39,0.2638251817062793,0.06309056,-0.2007346188858447,0.2007346188858447
v2_2LC2.pdb,T40E,39,0.1650985759834393,0.19215627,0.027057694162930634,0.027057694162930634
v2_2LC2.pdb,T40N,39,0.5386514667994402,0.23895025,-0.2997012142664812,0.2997012142664812
v2_2LC2.pdb,T40H,39,-0.233823916927383,0.1534071,0.387231013790176,0.387231013790176
v2_2LC2.pdb,T40D,39,0.3798175118064453,0.3213486,-0.05846890426631468,0.05846890426631468
v2_2LC2.pdb,T40R,39,0.4291874361958823,0.18852954,-0.24065790006783816,0.24065790006783816
v2_2LC2.pdb,T40K,39,0.1313142797117943,0.12504046,-0.006273823059153,0.006273823059153
v2_2LC2.pdb,T40S,39,0.3836232405651145,0.1700551,-0.2135681342828803,0.2135681342828803
v2_2LC2.pdb,T40A,39,0.6008022178216428,0.1493513,-0.45145091901259127,0.45145091901259127
v2_2LC2.pdb,T40G,39,0.7982370915118537,0.5199063,-0.278330809086927,0.278330809086927
v2_2LC2.pdb,T40M,39,0.5173073534977224,0.09031376,-0.42699359107134605,0.42699359107134605
v2_2LC2.pdb,T40L,39,0.666583069758373,0.09556596,-0.5710171099471624,0.5710171099471624
v2_2LC2.pdb,T40V,39,0.1980261187226553,-0.05077818,-0.24880429908344937,0.24880429908344937
v2_2LC2.pdb,T40I,39,0.3138933236342778,-0.08212642,-0.3960197473508229,0.3960197473508229
v2_2LC2.pdb,T40W,39,0.5128386451825135,0.0818084,-0.43103024204816753,0.43103024204816753
v2_2LC2.pdb,T40Y,39,0.301711050305637,0.085269764,-0.2164412862398945,0.2164412862398945
v2_2LC2.pdb,T40F,39,0.4990087321086278,0.13153628,-0.36747245696023606,0.36747245696023606
v2_2LC2.pdb,T40P,39,-0.800873892717735,0.9597434,1.7606172732643048,1.7606172732643048
v2_2LC2.pdb,T40C,39,0.4183172262695414,-0.07410374,-0.49242096910744726,0.49242096910744726
v2_2LC2.pdb,A41Q,40,0.1003687829501625,0.14388946,0.04352067403721849,0.04352067403721849
v2_2LC2.pdb,A41E,40,-0.1000240956272344,0.2753297,0.37535380468027396,0.37535380468027396
v2_2LC2.pdb,A41N,40,0.3394335686908329,0.21803348,-0.12140009102683907,0.12140009102683907
v2_2LC2.pdb,A41H,40,0.1769188300082782,0.20237085,0.02545202222370116,0.02545202222370116
v2_2LC2.pdb,A41D,40,0.2757289363057009,0.41212082,0.13639188278609599,0.13639188278609599
v2_2LC2.pdb,A41R,40,0.2394471492331344,0.044914484,-0.19453266520908655,0.19453266520908655
v2_2LC2.pdb,A41K,40,-0.1481236296332064,-0.043008074,0.10511555546881585,0.10511555546881585
v2_2LC2.pdb,A41T,40,0.1488238031852993,0.24981084,0.10098704147450599,0.10098704147450599
v2_2LC2.pdb,A41S,40,0.067098580085779,0.13758366,0.0704850780133955,0.0704850780133955
v2_2LC2.pdb,A41G,40,0.5653308338734502,0.26774874,-0.2975820905777806,0.2975820905777806
v2_2LC2.pdb,A41M,40,0.2977292917545957,0.14145993,-0.15626936479174325,0.15626936479174325
v2_2LC2.pdb,A41L,40,0.1427787148492969,0.09825801,-0.044520703806225165,0.044520703806225165
v2_2LC2.pdb,A41V,40,0.1494355481715157,0.1427004,-0.006735144242758978,0.006735144242758978
v2_2LC2.pdb,A41I,40,0.0516665533009113,0.123763114,0.07209656091303218,0.07209656091303218
v2_2LC2.pdb,A41W,40,0.4981779194809785,0.17054212,-0.3276357985474458,0.3276357985474458
v2_2LC2.pdb,A41Y,40,0.5018840277675116,0.22786719,-0.2740168416980231,0.2740168416980231
v2_2LC2.pdb,A41F,40,0.354088223268687,0.2558329,-0.09825531273096727,0.09825531273096727
v2_2LC2.pdb,A41P,40,-0.4300576733897272,-0.07003644,0.36002123230200445,0.36002123230200445
v2_2LC2.pdb,A41C,40,0.1590277099767569,-0.014370948,-0.17339865805300506,0.17339865805300506
v2_2LC2.pdb,G42Q,41,1.383611531491428,0.6783373,-0.7052742555095248,0.7052742555095248
v2_2LC2.pdb,G42E,41,1.1472362517450605,0.9370292,-0.2102070688341413,0.2102070688341413
v2_2LC2.pdb,G42N,41,0.6417704016239401,0.44809696,-0.1936734408409353,0.1936734408409353
v2_2LC2.pdb,G42H,41,0.4784253010429138,0.64171374,0.16328843739855348,0.16328843739855348
v2_2LC2.pdb,G42D,41,0.970497957225787,0.7600908,-0.2104071292838925,0.2104071292838925
v2_2LC2.pdb,G42R,41,1.1837121765415857,0.841922,-0.3417901913922021,0.3417901913922021
v2_2LC2.pdb,G42K,41,1.0411951998349382,0.7103642,-0.33083097730838795,0.33083097730838795
v2_2LC2.pdb,G42T,41,1.1125738190742938,1.1395407,0.026966853227952337,0.026966853227952337
v2_2LC2.pdb,G42S,41,1.1859306885948224,0.7684775,-0.41745318910980656,0.41745318910980656
v2_2LC2.pdb,G42A,41,1.194244540994323,0.84588784,-0.34835670120016404,0.34835670120016404
v2_2LC2.pdb,G42M,41,1.2344259511418578,0.85554844,-0.3788775097317931,0.3788775097317931
v2_2LC2.pdb,G42L,41,1.1966503918326057,0.8852154,-0.3114349901831306,0.3114349901831306
v2_2LC2.pdb,G42V,41,1.545171478767352,1.3349786,-0.21019289829249854,0.21019289829249854
v2_2LC2.pdb,G42I,41,1.3529558715935444,1.3574953,0.004539436328818924,0.004539436328818924
v2_2LC2.pdb,G42W,41,1.284358893553372,0.85814786,-0.4262110339800078,0.4262110339800078
v2_2LC2.pdb,G42Y,41,1.0177994855085912,0.8337808,-0.1840186603704992,0.1840186603704992
v2_2LC2.pdb,G42F,41,1.0282089562286365,0.73377764,-0.29443131397857547,0.29443131397857547
v2_2LC2.pdb,G42P,41,1.7229524256475617,1.5064621,-0.21649032847959293,0.21649032847959293
v2_2LC2.pdb,G42C,41,0.7776659708795237,0.28458357,-0.49308240230652567,0.49308240230652567
v2_2LC2.pdb,K43Q,42,0.5258945251225309,0.056025535,-0.4698689902542905,0.4698689902542905
v2_2LC2.pdb,K43E,42,0.0220612413592942,0.3887425,0.3666812651447646,0.3666812651447646
v2_2LC2.pdb,K43N,42,1.2764933845272766,1.1537396,-0.12275381295592647,0.12275381295592647
v2_2LC2.pdb,K43H,42,1.2118101545066842,0.7625795,-0.44923065383148275,0.44923065383148275
v2_2LC2.pdb,K43D,42,1.1789590034570017,1.350044,0.17108500861270048,0.17108500861270048
v2_2LC2.pdb,K43R,42,0.6786813414755131,0.2512974,-0.42738392717268714,0.42738392717268714
v2_2LC2.pdb,K43T,42,0.9725093741205532,0.6055348,-0.366974582174142,0.366974582174142
v2_2LC2.pdb,K43S,42,1.1644293414335745,0.6952937,-0.4691356168966787,0.4691356168966787
v2_2LC2.pdb,K43A,42,0.8690459787406073,-0.020301223,-0.8893472015418158,0.8893472015418158
v2_2LC2.pdb,K43G,42,1.2942310272570847,0.9929215,-0.30130955566132056,0.30130955566132056
v2_2LC2.pdb,K43M,42,0.4292385325754684,0.009433448,-0.41980508426080165,0.41980508426080165
v2_2LC2.pdb,K43L,42,0.2599464517399958,0.071004,-0.18894244845363412,0.18894244845363412
v2_2LC2.pdb,K43V,42,0.9568007486881568,0.4280252,-0.5287755626262977,0.5287755626262977
v2_2LC2.pdb,K43I,42,0.6666307645596978,0.41773278,-0.2488979893483636,0.2488979893483636
v2_2LC2.pdb,K43W,42,0.7288889777057355,0.61841667,-0.11047231072117736,0.11047231072117736
v2_2LC2.pdb,K43Y,42,0.1488609768337205,0.5471823,0.39832134471474145,0.39832134471474145
v2_2LC2.pdb,K43F,42,0.2496165032990525,0.54638785,0.29677134793919824,0.29677134793919824
v2_2LC2.pdb,K43P,42,1.236941131010905,2.0003302,0.7633890787211506,0.7633890787211506
v2_2LC2.pdb,K43C,42,0.5488596663697372,0.13675869,-0.41210098125773764,0.41210098125773764
v2_2LC2.pdb,Y44Q,43,2.072256369560387,2.7138116,0.6415552664106823,0.6415552664106823
v2_2LC2.pdb,Y44E,43,1.7690042669707975,2.5553784,0.7863741700714388,0.7863741700714388
v2_2LC2.pdb,Y44H,43,2.035572765639332,1.855226,-0.18034672575285748,0.18034672575285748
v2_2LC2.pdb,Y44D,43,2.403465463902469,2.3713822,-0.03208322742175618,0.03208322742175618
v2_2LC2.pdb,Y44R,43,1.891364312775175,2.5407586,0.6493942969965536,0.6493942969965536
v2_2LC2.pdb,Y44K,43,1.881000475844029,3.0586624,1.1776619387067522,1.1776619387067522
v2_2LC2.pdb,Y44T,43,2.430659968882094,2.732413,0.30175308463047923,0.30175308463047923
v2_2LC2.pdb,Y44S,43,2.009517311888888,2.6499665,0.6404491664588905,0.6404491664588905
v2_2LC2.pdb,Y44A,43,2.1066066295567563,2.707315,0.6007083385523746,0.6007083385523746
v2_2LC2.pdb,Y44G,43,1.644285739402238,2.7783828,1.1340970387654865,1.1340970387654865
v2_2LC2.pdb,Y44M,43,1.968811806708986,2.4917412,0.522929373710936,0.522929373710936
v2_2LC2.pdb,Y44L,43,1.6110980289329944,2.4116569,0.8005588276038709,0.8005588276038709
v2_2LC2.pdb,Y44V,43,2.3502531541920986,2.6612003,0.31094713076578717,0.31094713076578717
v2_2LC2.pdb,Y44I,43,1.697946591096788,2.6299982,0.9320516159954972,0.9320516159954972
v2_2LC2.pdb,Y44W,43,0.7716746176045031,0.6615323,-0.1101423347752184,0.1101423347752184
v2_2LC2.pdb,Y44F,43,0.5544480812321442,0.92980945,0.3753613698710663,0.3753613698710663
v2_2LC2.pdb,Y44P,43,2.4425324082484545,2.8655357,0.42300332783552985,0.42300332783552985
v2_2LC2.pdb,Y44C,43,1.1915871986129087,2.025753,0.8341658226273256,0.8341658226273256
v2_2LC2.pdb,D45Q,44,0.636551183864251,-0.1852408,-0.8217919890133294,0.8217919890133294
v2_2LC2.pdb,D45E,44,0.5162004724244724,-0.030876294,-0.5470767662028919,0.5470767662028919
v2_2LC2.pdb,D45N,44,0.6456242869594422,0.14501075,-0.5006135324933854,0.5006135324933854
v2_2LC2.pdb,D45H,44,1.1603592882884437,0.20257379,-0.9577854971421653,0.9577854971421653
v2_2LC2.pdb,D45R,44,0.7309100501385086,-0.11881024,-0.8497202865925186,0.8497202865925186
v2_2LC2.pdb,D45K,44,0.9406855364992336,-0.19795477,-1.1386403104021268,1.1386403104021268
v2_2LC2.pdb,D45T,44,0.8828255851978655,0.22105753,-0.661768050980031,0.661768050980031
v2_2LC2.pdb,D45S,44,0.8198850900949171,0.110273436,-0.7096116543830564,0.7096116543830564
v2_2LC2.pdb,D45A,44,0.3278899730206999,-0.25587842,-0.5837683917047056,0.5837683917047056
v2_2LC2.pdb,D45G,44,1.2659087253756651,0.48009124,-0.7858174813933501,0.7858174813933501
v2_2LC2.pdb,D45M,44,0.8766568306724416,-0.10307637,-0.9797331992427694,0.9797331992427694
v2_2LC2.pdb,D45L,44,0.6193941614081511,-0.027885541,-0.6472797027279982,0.6472797027279982
v2_2LC2.pdb,D45V,44,0.8477674819736265,0.3666719,-0.481095591953256,0.481095591953256
v2_2LC2.pdb,D45I,44,0.8579901685342044,0.18714012,-0.670850046478197,0.670850046478197
v2_2LC2.pdb,D45W,44,0.3971902962560523,0.18599533,-0.21119497080992344,0.21119497080992344
v2_2LC2.pdb,D45Y,44,0.8593649261070282,0.25102925,-0.6083356731010467,0.6083356731010467
v2_2LC2.pdb,D45F,44,1.0485245211273506,0.2428149,-0.8057096226364449,0.8057096226364449
v2_2LC2.pdb,D45P,44,2.1958402987811416,1.7375324,-0.4583079215380996,0.4583079215380996
v2_2LC2.pdb,D45C,44,0.5586088770704034,-0.10702464,-0.6656335169152978,0.6656335169152978
v2_2LC2.pdb,R46Q,45,-0.3754515175322996,0.25390288,0.6293543998698699,0.6293543998698699
v2_2LC2.pdb,R46E,45,-0.5424437196366969,0.39180702,0.9342507393472377,0.9342507393472377
v2_2LC2.pdb,R46N,45,-0.1300694411675071,0.4670745,0.5971439546028708,0.5971439546028708
v2_2LC2.pdb,R46H,45,-0.0598120453109696,0.25257057,0.3123826148261979,0.3123826148261979
v2_2LC2.pdb,R46D,45,-0.4300110356817499,0.7149283,1.1449393646726862,1.1449393646726862
v2_2LC2.pdb,R46K,45,-0.334987998644995,0.04339218,0.3783801800414794,0.3783801800414794
v2_2LC2.pdb,R46T,45,-0.293655843124847,0.1252324,0.41888824163482624,0.41888824163482624
v2_2LC2.pdb,R46S,45,-0.5863624772294398,0.21740468,0.8037671556933756,0.8037671556933756
v2_2LC2.pdb,R46A,45,-0.5534616832619452,-0.054853365,0.4986083184366965,0.4986083184366965
v2_2LC2.pdb,R46G,45,-0.0951183958996169,0.5080109,0.6031293197620742,0.6031293197620742
v2_2LC2.pdb,R46M,45,-0.3207729934467216,-0.018543243,0.3022297500385185,0.3022297500385185
v2_2LC2.pdb,R46L,45,-0.2420841412033643,-0.1067604,0.1353237436499204,0.1353237436499204
v2_2LC2.pdb,R46V,45,-0.2749794663559997,-0.04058604,0.23439342693205711,0.23439342693205711
v2_2LC2.pdb,R46I,45,-0.2472050850816227,-0.15861903,0.08858605377154122,0.08858605377154122
v2_2LC2.pdb,R46W,45,-0.5595239243520038,-0.29317367,0.26635025358326603,0.26635025358326603
v2_2LC2.pdb,R46Y,45,0.0213525607101483,-0.12046799,-0.14182055134697386,0.14182055134697386
v2_2LC2.pdb,R46F,45,-0.2728635875278575,-0.13554898,0.13731460848389693,0.13731460848389693
v2_2LC2.pdb,R46P,45,0.4328764696298697,0.6340861,0.20120960281504607,0.20120960281504607
v2_2LC2.pdb,R46C,45,-0.1477458752621996,-0.13030215,0.017443729185043527,0.017443729185043527
v2_2LC2.pdb,V47Q,46,1.9463882777150576,1.4049245,-0.5414637658055728,0.5414637658055728
v2_2LC2.pdb,V47E,46,1.9174197140709257,1.3894533,-0.5279664221779203,0.5279664221779203
v2_2LC2.pdb,V47N,46,2.285224256962572,1.5519266,-0.7332976441085681,0.7332976441085681
v2_2LC2.pdb,V47H,46,2.008494392616792,1.1282065,-0.8802879011464553,0.8802879011464553
v2_2LC2.pdb,V47D,46,2.0341446954668294,1.4608567,-0.5732880193651448,0.5732880193651448
v2_2LC2.pdb,V47R,46,2.532722960706234,1.5790523,-0.9536706316428183,0.9536706316428183
v2_2LC2.pdb,V47K,46,2.153146834088497,1.5705922,-0.5825546690952108,0.5825546690952108
v2_2LC2.pdb,V47T,46,2.002791127818986,1.0642152,-0.9385759445609292,0.9385759445609292
v2_2LC2.pdb,V47S,46,1.942898950460324,1.5056343,-0.4372646425989959,0.4372646425989959
v2_2LC2.pdb,V47A,46,1.305174612647967,0.99754125,-0.3076333638495967,0.3076333638495967
v2_2LC2.pdb,V47G,46,2.182360573315141,1.5624028,-0.6199577288861251,0.6199577288861251
v2_2LC2.pdb,V47M,46,1.740322159041033,0.59149724,-1.1488249165903188,1.1488249165903188
v2_2LC2.pdb,V47L,46,1.5865163888453797,0.5900163,-0.996500083398755,0.996500083398755
v2_2LC2.pdb,V47I,46,0.0057435276029642,-0.031150222,-0.036893749427610194,0.036893749427610194
v2_2LC2.pdb,V47W,46,1.568404562575549,0.21925855,-1.3491460157463253,1.3491460157463253
v2_2LC2.pdb,V47Y,46,1.0412297354136255,0.24092114,-0.8003085956965235,0.8003085956965235
v2_2LC2.pdb,V47F,46,1.4405001590000617,0.01731968,-1.4231804797398078,1.4231804797398078
v2_2LC2.pdb,V47P,46,2.1434345757489357,1.4165817,-0.726852825832859,0.726852825832859
v2_2LC2.pdb,V47C,46,1.6866957774406584,0.27436322,-1.4123325577026518,1.4123325577026518
v2_2LC2.pdb,Y48Q,47,1.6387433493551236,1.8037941,0.1650507962289829,0.1650507962289829
v2_2LC2.pdb,Y48E,47,1.8912445406764864,2.3054476,0.4142030377536894,0.4142030377536894
v2_2LC2.pdb,Y48N,47,1.892512396061732,2.386157,0.49364463976590467,0.49364463976590467
v2_2LC2.pdb,Y48H,47,1.6635174246611824,1.3783022,-0.28521520813133616,0.28521520813133616
v2_2LC2.pdb,Y48D,47,2.109086279099204,2.6827393,0.5736529787132958,0.5736529787132958
v2_2LC2.pdb,Y48R,47,2.28442765174267,1.5626378,-0.7217898458039493,0.7217898458039493
v2_2LC2.pdb,Y48K,47,1.5355418253645317,1.5754104,0.039868540693817955,0.039868540693817955
v2_2LC2.pdb,Y48T,47,1.6001370537485833,1.704895,0.10475796578266672,0.10475796578266672
v2_2LC2.pdb,Y48S,47,2.4178681356258864,2.0428576,-0.37501048868374776,0.37501048868374776
v2_2LC2.pdb,Y48A,47,1.7823878384773613,1.5930797,-0.1893081523125053,0.1893081523125053
v2_2LC2.pdb,Y48G,47,2.0214645256497774,2.2471678,0.22570330004907513,0.22570330004907513
v2_2LC2.pdb,Y48M,47,0.2945931005867601,0.9290823,0.6344891738501905,0.6344891738501905
v2_2LC2.pdb,Y48L,47,-0.5242129925257939,0.54190636,1.0661193493373173,1.0661193493373173
v2_2LC2.pdb,Y48V,47,0.9005373711654421,1.2280742,0.3275368218353514,0.3275368218353514
v2_2LC2.pdb,Y48I,47,-0.0568315139743167,0.8245103,0.8813417902919132,0.8813417902919132
v2_2LC2.pdb,Y48W,47,1.0215505320863327,0.4553736,-0.5661769468621811,0.5661769468621811
v2_2LC2.pdb,Y48F,47,0.0234507596765038,0.2804867,0.25703594324250256,0.25703594324250256
v2_2LC2.pdb,Y48P,47,2.63207990976551,2.478241,-0.1538389429686351,0.1538389429686351
v2_2LC2.pdb,Y48C,47,1.1147665354152585,0.9876543,-0.12711220706900606,0.12711220706900606
v2_2LC2.pdb,N49Q,48,-0.3398840603042821,-0.095440984,0.24444307653200426,0.24444307653200426
v2_2LC2.pdb,N49E,48,-0.4428314625758296,0.22709015,0.6699216126937038,0.6699216126937038
v2_2LC2.pdb,N49H,48,0.1187398665520329,-0.08001053,-0.1987503998848576,0.1987503998848576
v2_2LC2.pdb,N49D,48,-0.2192035939251151,0.54960334,0.7688069369350639,0.7688069369350639
v2_2LC2.pdb,N49R,48,0.2194065868119299,-0.1977188,-0.4171253859261572,0.4171253859261572
v2_2LC2.pdb,N49K,48,0.1638985666081402,-0.08917412,-0.25307268822641105,0.25307268822641105
v2_2LC2.pdb,N49T,48,0.4125276069889751,0.2608163,-0.15171130111319692,0.15171130111319692
v2_2LC2.pdb,N49S,48,0.3487313495543902,0.22237338,-0.12635796829733303,0.12635796829733303
v2_2LC2.pdb,N49A,48,-0.2415456646583069,0.02526462,0.2668102854392517,0.2668102854392517
v2_2LC2.pdb,N49G,48,0.8272925002218361,0.6379682,-0.18932431765805435,0.18932431765805435
v2_2LC2.pdb,N49M,48,-0.4183649570632668,-0.24198508,0.17637987443692404,0.17637987443692404
v2_2LC2.pdb,N49L,48,-0.3052852531194969,-0.0721764,0.23310885627272565,0.23310885627272565
v2_2LC2.pdb,N49V,48,0.2996014491120045,0.09553716,-0.20406428579480096,0.20406428579480096
v2_2LC2.pdb,N49I,48,0.0833227340577855,-0.061077893,-0.14440062683808946,0.14440062683808946
v2_2LC2.pdb,N49W,48,-0.6497765940617333,-0.06581852,0.583958075661541,0.583958075661541
v2_2LC2.pdb,N49Y,48,-0.273935357657511,-0.04160531,0.23233004900558685,0.23233004900558685
v2_2LC2.pdb,N49F,48,-0.1679759810175092,-0.06567073,0.10230525233403753,0.10230525233403753
v2_2LC2.pdb,N49P,48,1.868763748984803,2.0771258,0.20836203875018233,0.20836203875018233
v2_2LC2.pdb,N49C,48,-0.238022261062476,-0.39460036,-0.15657810052314106,0.15657810052314106
v2_2LC2.pdb,G50Q,49,1.180498608595052,-0.13476731,-1.3152659174262669,1.3152659174262669
v2_2LC2.pdb,G50E,49,1.0626763371944592,0.14272507,-0.9199512718439267,0.9199512718439267
v2_2LC2.pdb,G50N,49,1.5699668098183523,0.1542572,-1.4157096166106116,1.4157096166106116
v2_2LC2.pdb,G50H,49,1.4367851383842756,0.039858,-1.396927139893942,1.396927139893942
v2_2LC2.pdb,G50D,49,1.2088731378203597,0.30974823,-0.8991249054557051,0.8991249054557051
v2_2LC2.pdb,G50R,49,1.8660148925860107,-0.4115823,-2.277597183712262,2.277597183712262
v2_2LC2.pdb,G50K,49,1.5546951516752214,-0.22305018,-1.777745328772542,1.777745328772542
v2_2LC2.pdb,G50T,49,1.9246936482830657,0.070496336,-1.8541973126574172,1.8541973126574172
v2_2LC2.pdb,G50S,49,1.680267060145507,-0.11872893,-1.7989959884134628,1.7989959884134628
v2_2LC2.pdb,G50A,49,1.2381733122052672,-0.49878037,-1.7369536819638731,1.7369536819638731
v2_2LC2.pdb,G50M,49,0.7224682022493476,-0.7049059,-1.4273741294305915,1.4273741294305915
v2_2LC2.pdb,G50L,49,1.1788335598091304,-0.50102293,-1.6798564947227657,1.6798564947227657
v2_2LC2.pdb,G50V,49,0.9587661546250268,0.16666768,-0.7920984697123452,0.7920984697123452
v2_2LC2.pdb,G50I,49,1.0778354671849502,-0.23174672,-1.3095821854724181,1.3095821854724181
v2_2LC2.pdb,G50W,49,0.919242176797503,-0.3425877,-1.2618298862243829,1.2618298862243829
v2_2LC2.pdb,G50Y,49,1.334014266519908,-0.3664605,-1.7004747686675825,1.7004747686675825
v2_2LC2.pdb,G50F,49,0.9809158658966476,-0.37657702,-1.357492885588115,1.357492885588115
v2_2LC2.pdb,G50P,49,2.3245879707822223,1.9568077,-0.36778023820013006,0.36778023820013006
v2_2LC2.pdb,G50C,49,0.7339377245987027,-0.51502734,-1.2489650688255398,1.2489650688255398
v2_2LC2.pdb,Y51Q,50,1.9610365546452184,2.9370484,0.9760118805659632,0.9760118805659632
v2_2LC2.pdb,Y51E,50,2.206404211829232,3.3002803,1.0938761207360757,1.0938761207360757
v2_2LC2.pdb,Y51N,50,2.339094257575122,3.3777213,1.0386270520867433,1.0386270520867433
v2_2LC2.pdb,Y51H,50,1.9239482866649271,2.1818526,0.25790429245189417,0.25790429245189417
v2_2LC2.pdb,Y51D,50,2.114578790587371,3.3554602,1.2408813763437814,1.2408813763437814
v2_2LC2.pdb,Y51K,50,2.063470180464754,3.057247,0.9937767429819013,0.9937767429819013
v2_2LC2.pdb,Y51T,50,1.6586631184635958,3.0910976,1.4324344748438993,1.4324344748438993
v2_2LC2.pdb,Y51S,50,2.2662124804579,3.2056794,0.9394669361985941,0.9394669361985941
v2_2LC2.pdb,Y51A,50,2.046893575676398,2.6846263,0.6377327651896909,0.6377327651896909
v2_2LC2.pdb,Y51G,50,1.9808092094422745,3.0828433,1.1020340942381455,1.1020340942381455
v2_2LC2.pdb,Y51M,50,1.891441076669551,2.33506,0.44361880454077607,0.44361880454077607
v2_2LC2.pdb,Y51L,50,1.6143223653279544,2.0979357,0.48361331124675266,0.48361331124675266
v2_2LC2.pdb,Y51V,50,1.7744651239741864,2.4512007,0.6767355996738849,0.6767355996738849
v2_2LC2.pdb,Y51I,50,1.6367024425170555,2.2866845,0.6499820705749855,0.6499820705749855
v2_2LC2.pdb,Y51W,50,1.4773511327513895,1.0018039,-0.4755472577819071,0.4755472577819071
v2_2LC2.pdb,Y51F,50,0.8516031476378996,0.74122345,-0.11037969316249674,0.11037969316249674
v2_2LC2.pdb,Y51P,50,1.704244148783076,3.309414,1.6051697611290334,1.6051697611290334
v2_2LC2.pdb,Y51C,50,1.865944696011868,2.1216793,0.2557346100184055,0.2557346100184055
v2_2LC2.pdb,V52Q,51,0.157173357709468,0.35713702,0.1999636666931504,0.1999636666931504
v2_2LC2.pdb,V52E,51,0.5063306350384607,0.7965381,0.29020747950926884,0.29020747950926884
v2_2LC2.pdb,V52N,51,1.674727533369556,0.8299943,-0.8447332125001101,0.8447332125001101
v2_2LC2.pdb,V52H,51,0.8813428153905258,0.4681826,-0.41316022180646517,0.41316022180646517
v2_2LC2.pdb,V52D,51,1.516812120868671,1.3049147,-0.2118974079627871,0.2118974079627871
v2_2LC2.pdb,V52R,51,-0.3460531632048358,0.051958323,0.3980114857298602,0.3980114857298602
v2_2LC2.pdb,V52K,51,-0.4197837079063498,0.14146976,0.5612534696355902,0.5612534696355902
v2_2LC2.pdb,V52T,51,1.2123785784024372,0.45402732,-0.758351253487505,0.758351253487505
v2_2LC2.pdb,V52S,51,0.4702934186637126,0.5919687,0.12167529652717485,0.12167529652717485
v2_2LC2.pdb,V52A,51,-0.1867934655286576,0.2375837,0.4243771623708512,0.4243771623708512
v2_2LC2.pdb,V52G,51,0.8577581916201247,0.8753992,0.017640980685936114,0.017640980685936114
v2_2LC2.pdb,V52M,51,0.0001020524277079,-0.05985704,-0.05995909307139992,0.05995909307139992
v2_2LC2.pdb,V52L,51,0.3528683551739733,-0.113749355,-0.46661771025171683,0.46661771025171683
v2_2LC2.pdb,V52I,51,0.4556982976396611,-0.13218811,-0.5878864091833165,0.5878864091833165
v2_2LC2.pdb,V52W,51,0.8399205108369054,0.1582753,-0.6816452046120824,0.6816452046120824
v2_2LC2.pdb,V52Y,51,1.010716058391144,0.098151565,-0.9125644937930606,0.9125644937930606
v2_2LC2.pdb,V52F,51,1.1593154202287708,0.17633237,-0.9829830507820163,0.9829830507820163
v2_2LC2.pdb,V52P,51,2.0782954230556605,1.7030895,-0.37520594742394664,0.37520594742394664
v2_2LC2.pdb,V52C,51,0.602320031294787,-0.07767141,-0.6799914399480462,0.6799914399480462
v2_2LC2.pdb,I53Q,52,-0.194984507242184,0.15046485,0.3454493549260905,0.3454493549260905
v2_2LC2.pdb,I53E,52,-0.1483601272643722,0.42098877,0.5693488956035293,0.5693488956035293
v2_2LC2.pdb,I53N,52,-0.0874943677157613,0.39942223,0.48691659605209553,0.48691659605209553
v2_2LC2.pdb,I53H,52,-0.1164112554776304,0.31787416,0.43428541886683636,0.43428541886683636
v2_2LC2.pdb,I53D,52,0.1619685719190062,0.6020775,0.44010891221185316,0.44010891221185316
v2_2LC2.pdb,I53R,52,-0.1840074089582941,0.046644762,0.23065217111668795,0.23065217111668795
v2_2LC2.pdb,I53K,52,-0.3875756670145498,0.052819237,0.4403949041275488,0.4403949041275488
v2_2LC2.pdb,I53T,52,0.0468424746277791,0.34148857,0.29464609534712016,0.29464609534712016
v2_2LC2.pdb,I53S,52,0.175075180887656,0.35056216,0.17548697435907862,0.17548697435907862
v2_2LC2.pdb,I53A,52,-0.3656671894862704,0.11853522,0.4842024101092868,0.4842024101092868
v2_2LC2.pdb,I53G,52,0.6679803158956561,0.6224663,-0.0455139901357684,0.0455139901357684
v2_2LC2.pdb,I53M,52,-0.1165059297766535,-0.0329341,0.08357183034084723,0.08357183034084723
v2_2LC2.pdb,I53L,52,-0.1807646016923629,-0.002577901,0.17818670080582724,0.17818670080582724
v2_2LC2.pdb,I53V,52,-0.0030748823646091,0.2713845,0.27445938978228795,0.27445938978228795
v2_2LC2.pdb,I53W,52,0.5425632966568261,0.20785047,-0.33471282551787196,0.33471282551787196
v2_2LC2.pdb,I53Y,52,0.5502395104156921,0.20913433,-0.3411051850305984,0.3411051850305984
v2_2LC2.pdb,I53F,52,0.481585438810808,0.20476468,-0.2768207597365206,0.2768207597365206
v2_2LC2.pdb,I53P,52,2.00118432205812,1.6222384,-0.3789459244598534,0.3789459244598534
v2_2LC2.pdb,I53C,52,0.4184549140837958,-0.0038647056,-0.42231961964638737,0.42231961964638737
v2_2LC2.pdb,H54Q,53,1.7657833650573485,0.6311761,-1.134607250975012,1.134607250975012
v2_2LC2.pdb,H54E,53,1.7464855695162802,0.7991606,-0.9473249698077231,0.9473249698077231
v2_2LC2.pdb,H54N,53,2.0751136458644432,0.8651967,-1.2099169409999413,1.2099169409999413
v2_2LC2.pdb,H54D,53,2.025550073778444,1.0805573,-0.9449927274344501,0.9449927274344501
v2_2LC2.pdb,H54R,53,1.663945202509432,0.39162374,-1.2723214670815755,1.2723214670815755
v2_2LC2.pdb,H54K,53,1.792464356233674,0.5452846,-1.247179727365571,1.247179727365571
v2_2LC2.pdb,H54T,53,1.484123390442356,0.46727502,-1.016848366981968,1.016848366981968
v2_2LC2.pdb,H54S,53,1.2627772876319932,0.46055493,-0.802222360044484,0.802222360044484
v2_2LC2.pdb,H54A,53,0.9038034199154414,0.4049791,-0.4988243101513423,0.4988243101513423
v2_2LC2.pdb,H54G,53,1.889527547422461,0.90568566,-0.9838418841991945,0.9838418841991945
v2_2LC2.pdb,H54M,53,0.9761821121890808,0.34269986,-0.633482256623056,0.633482256623056
v2_2LC2.pdb,H54L,53,1.31825618402678,0.3185882,-0.9996679867954872,0.9996679867954872
v2_2LC2.pdb,H54V,53,1.1694737511200768,0.44200274,-0.7274710076374871,0.7274710076374871
v2_2LC2.pdb,H54I,53,1.2926723767657182,0.26424095,-1.0284314264197252,1.0284314264197252
v2_2LC2.pdb,H54W,53,-1.2708914541313798,-0.37531754,0.8955739103863389,0.8955739103863389
v2_2LC2.pdb,H54Y,53,-1.4562407842145846,-0.6819769,0.7742638698087618,0.7742638698087618
v2_2LC2.pdb,H54F,53,-1.425293835390137,-0.24349084,1.181802990425156,1.181802990425156
v2_2LC2.pdb,H54P,53,1.9218356536685772,1.5673245,-0.35451113451116756,0.35451113451116756
v2_2LC2.pdb,H54C,53,1.2394430635305238,0.0710499,-1.168393164667685,1.168393164667685
v2_2LC2.pdb,L55Q,54,1.592169677550168,0.78729534,-0.8048743360584687,0.8048743360584687
v2_2LC2.pdb,L55E,54,2.06723636226414,1.3892428,-0.6779935939764812,0.6779935939764812
v2_2LC2.pdb,L55N,54,1.599230957429449,1.1631463,-0.4360847000289363,0.4360847000289363
v2_2LC2.pdb,L55H,54,1.74248867881481,0.8485151,-0.8939735854882414,0.8939735854882414
v2_2LC2.pdb,L55D,54,2.011263266769341,1.936945,-0.0743183052214893,0.0743183052214893
v2_2LC2.pdb,L55R,54,1.955848211279439,0.5267743,-1.4290739240556232,1.4290739240556232
v2_2LC2.pdb,L55K,54,1.9380079227242504,0.76456815,-1.1734397726807628,1.1734397726807628
v2_2LC2.pdb,L55T,54,1.3726416941418145,0.55322874,-0.8194129582180474,0.8194129582180474
v2_2LC2.pdb,L55S,54,1.8202325852273995,0.8384063,-0.9818262608408028,0.9818262608408028
v2_2LC2.pdb,L55A,54,1.868305857081097,0.8103939,-1.0579119275995907,1.0579119275995907
v2_2LC2.pdb,L55G,54,2.115862691455028,1.4369984,-0.6788643241454575,0.6788643241454575
v2_2LC2.pdb,L55M,54,0.6695326171019866,-0.013668776,-0.6832013926604583,0.6832013926604583
v2_2LC2.pdb,L55V,54,1.3344170027913889,0.46815696,-0.8662600392045816,0.8662600392045816
v2_2LC2.pdb,L55I,54,0.7423560763454515,0.21987867,-0.5224774027919847,0.5224774027919847
v2_2LC2.pdb,L55W,54,1.1501313699160862,0.8073709,-0.34276046880829814,0.34276046880829814
v2_2LC2.pdb,L55Y,54,1.4689180543821072,0.6107735,-0.8581445506017422,0.8581445506017422
v2_2LC2.pdb,L55F,54,1.442708442467798,0.6536343,-0.7890741326991213,0.7890741326991213
v2_2LC2.pdb,L55P,54,2.539529177832756,2.6007895,0.06126036913379673,0.06126036913379673
v2_2LC2.pdb,L55C,54,0.973446551929394,0.12683994,-0.8466066161498225,0.8466066161498225
v2_2LC2.pdb,D56Q,55,-0.7806870459082682,-0.31296784,0.46771920905142617,0.46771920905142617
v2_2LC2.pdb,D56E,55,-0.4887848827323018,-0.14977755,0.3390073362073003,0.3390073362073003
v2_2LC2.pdb,D56N,55,-0.3750834518571055,-0.1698783,0.20520514785243632,0.20520514785243632
v2_2LC2.pdb,D56H,55,-0.1394117529682685,-0.2359125,-0.09650074884371271,0.09650074884371271
v2_2LC2.pdb,D56R,55,-0.497427167642408,-0.3246306,0.17279657934933246,0.17279657934933246
v2_2LC2.pdb,D56K,55,-0.5306782513817789,-0.37940812,0.15127013027277014,0.15127013027277014
v2_2LC2.pdb,D56T,55,-0.4841083635138052,-0.1547853,0.32932305825219327,0.32932305825219327
v2_2LC2.pdb,D56S,55,-0.5059780332888697,-0.1671178,0.33886022900000556,0.33886022900000556
v2_2LC2.pdb,D56A,55,-0.8247383345726154,-0.29704893,0.5276894082191608,0.5276894082191608
v2_2LC2.pdb,D56G,55,-0.2441366315348494,0.03580825,0.27994488184288624,0.27994488184288624
v2_2LC2.pdb,D56M,55,-0.8879604817623665,-0.39833403,0.4896264554256966,0.4896264554256966
v2_2LC2.pdb,D56L,55,-0.9623019261071556,-0.34901875,0.6132831735322349,0.6132831735322349
v2_2LC2.pdb,D56V,55,-0.3278214119161631,-0.15048373,0.17733768446102394,0.17733768446102394
v2_2LC2.pdb,D56I,55,-0.689843786453014,-0.26472592,0.425117862914806,0.425117862914806
v2_2LC2.pdb,D56W,55,-0.2614481905512251,-0.23223178,0.029216409664575005,0.029216409664575005
v2_2LC2.pdb,D56Y,55,-0.3114002466416754,-0.22082902,0.09057122173074861,0.09057122173074861
v2_2LC2.pdb,D56F,55,-0.3059673846639001,-0.17910415,0.12686323532231686,0.12686323532231686
v2_2LC2.pdb,D56P,55,1.9014674565307328,0.9866975,-0.9147699615470597,0.9147699615470597
v2_2LC2.pdb,D56C,55,-0.9106829820441704,-0.48566264,0.42502034290308766,0.42502034290308766
v2_2LDM.pdb,S1Q,0,-0.0868769040414383,0.063372344,0.15024924782004853,0.15024924782004853
v2_2LDM.pdb,S1E,0,0.1814618889657042,0.1673137,-0.014148194011785742,0.014148194011785742
v2_2LDM.pdb,S1N,0,0.0755705815614842,0.017010093,-0.05856048882619368,0.05856048882619368
v2_2LDM.pdb,S1H,0,-0.3797692776775201,0.02149032,0.40125959824083646,0.40125959824083646
v2_2LDM.pdb,S1D,0,0.3047883717925765,0.24501124,-0.059777131548664764,0.059777131548664764
v2_2LDM.pdb,S1R,0,-0.445541057227671,-0.0294234,0.41611765646797405,0.41611765646797405
v2_2LDM.pdb,S1K,0,-0.2083993476643972,-0.09890909,0.10949026018528266,0.10949026018528266
v2_2LDM.pdb,S1T,0,0.0288999553324238,0.11619552,0.08729556691632116,0.08729556691632116
v2_2LDM.pdb,S1A,0,0.0415403739482624,-0.03501167,-0.0765520454317791,0.0765520454317791
v2_2LDM.pdb,S1G,0,0.0742097433494781,0.08483343,0.010623684914186152,0.010623684914186152
v2_2LDM.pdb,S1M,0,-0.2709591083347238,0.045120068,0.3160791762291826,0.3160791762291826
v2_2LDM.pdb,S1L,0,-0.0909156834271187,0.060099028,0.1510147114780182,0.1510147114780182
v2_2LDM.pdb,S1V,0,-0.1256528469197828,0.07942878,0.2050816240184385,0.2050816240184385
v2_2LDM.pdb,S1I,0,-0.0419703595322697,0.06804326,0.11001362129870342,0.11001362129870342
v2_2LDM.pdb,S1W,0,-0.0682290897431534,0.023282789,0.09151187843705828,0.09151187843705828
v2_2LDM.pdb,S1Y,0,-0.3892146359153985,0.07788473,0.4670993695923089,0.4670993695923089
v2_2LDM.pdb,S1F,0,-0.2417336117786721,0.1267834,0.36851701255267416,0.36851701255267416
v2_2LDM.pdb,S1P,0,-0.1319255475878833,0.0663842,0.1983097438693164,0.1983097438693164
v2_2LDM.pdb,S1C,0,-0.2611582610610261,-0.14582494,0.11533332204849861,0.11533332204849861
v2_2LDM.pdb,E2Q,1,-0.2564010193764607,0.043370366,0.2997713854729573,0.2997713854729573
v2_2LDM.pdb,E2N,1,0.0274765241995376,0.27458075,0.24710422268957677,0.24710422268957677
v2_2LDM.pdb,E2H,1,-0.2435075446003778,0.16595325,0.4094607933396204,0.4094607933396204
v2_2LDM.pdb,E2D,1,0.2880969010617198,0.36639076,0.07829386365156754,0.07829386365156754
v2_2LDM.pdb,E2R,1,-0.6321385058983195,0.174092,0.8062305006607402,0.8062305006607402
v2_2LDM.pdb,E2K,1,-0.3416474182193028,0.11720124,0.4588486570899235,0.4588486570899235
v2_2LDM.pdb,E2T,1,-0.0202623655232865,0.08821258,0.10847494501204077,0.10847494501204077
v2_2LDM.pdb,E2S,1,-0.1494337924772786,0.14794324,0.2973770358616399,0.2973770358616399
v2_2LDM.pdb,E2A,1,-0.1511653051163817,0.06191843,0.21308373514672763,0.21308373514672763
v2_2LDM.pdb,E2G,1,-0.2302512708928747,0.42828524,0.6585365120198888,0.6585365120198888
v2_2LDM.pdb,E2M,1,-0.3565512557501975,0.05160526,0.4081565176124755,0.4081565176124755
v2_2LDM.pdb,E2L,1,-0.1908721324363442,0.029106304,0.2199784364858361,0.2199784364858361
v2_2LDM.pdb,E2V,1,-0.1441063953691035,-0.109262064,0.03484433126979167,0.03484433126979167
v2_2LDM.pdb,E2I,1,-0.1524268986502628,-0.0533292,0.09909769909772678,0.09909769909772678
v2_2LDM.pdb,E2W,1,0.1199409052732054,0.048708275,-0.07123263031268752,0.07123263031268752
v2_2LDM.pdb,E2Y,1,0.0371546041704462,0.1279645,0.09080989244210264,0.09080989244210264
v2_2LDM.pdb,E2F,1,-0.0768378799062921,0.19865791,0.27549579490243925,0.27549579490243925
v2_2LDM.pdb,E2P,1,0.0585383723486563,0.29643798,0.23789960639585053,0.23789960639585053
v2_2LDM.pdb,F3Q,2,1.5082592025100603,2.0194228,0.5111635670364485,0.5111635670364485
v2_2LDM.pdb,F3E,2,1.2240093618464432,2.0616286,0.8376192182469406,0.8376192182469406
v2_2LDM.pdb,F3N,2,1.2679973653377383,1.9980052,0.7300077864109189,0.7300077864109189
v2_2LDM.pdb,F3H,2,1.019402216798282,1.7828364,0.7634342204270599,0.7634342204270599
v2_2LDM.pdb,F3D,2,1.5119166147907566,2.1332042,0.6212876069347073,0.6212876069347073
v2_2LDM.pdb,F3R,2,1.437841119789424,2.067586,0.6297448253399704,0.6297448253399704
v2_2LDM.pdb,F3K,2,1.481722643751905,1.9535265,0.47180385313530193,0.47180385313530193
v2_2LDM.pdb,F3T,2,1.1453346033381042,1.9072235,0.7618888597203675,0.7618888597203675
v2_2LDM.pdb,F3S,2,1.3675018324531334,1.9612137,0.5937118754707558,0.5937118754707558
v2_2LDM.pdb,F3A,2,1.1903676079278651,1.8259088,0.6355411721700963,0.6355411721700963
v2_2LDM.pdb,F3G,2,1.2507131409676742,1.8879409,0.6372277426688004,0.6372277426688004
v2_2LDM.pdb,F3M,2,1.2972481712249642,1.1112366,-0.18601159895933916,0.18601159895933916
v2_2LDM.pdb,F3L,2,0.9630918331271368,1.5143883,0.5512964897030634,0.5512964897030634
v2_2LDM.pdb,F3V,2,0.9563924912725152,1.58201,0.6256175394739447,0.6256175394739447
v2_2LDM.pdb,F3I,2,0.8540550832400222,1.4104955,0.5564404363980393,0.5564404363980393
v2_2LDM.pdb,F3W,2,0.4668111934665369,0.74848133,0.28167013978923094,0.28167013978923094
v2_2LDM.pdb,F3Y,2,0.3039913833128955,0.8023536,0.4983622372162793,0.4983622372162793
v2_2LDM.pdb,F3P,2,1.1916273569980125,1.4285448,0.23691740275235373,0.23691740275235373
v2_2LDM.pdb,F3C,2,0.7294854114804274,1.0045027,0.2750172425951951,0.2750172425951951
v2_2LDM.pdb,Q4E,3,0.4495075165015867,0.45752463,0.008017110945541583,0.008017110945541583
v2_2LDM.pdb,Q4N,3,0.3785387622456158,0.59298074,0.21444198020891303,0.21444198020891303
v2_2LDM.pdb,Q4H,3,0.0431961791579702,0.4600445,0.4168483240540049,0.4168483240540049
v2_2LDM.pdb,Q4D,3,0.6657588750175392,0.8939254,0.22816655337296377,0.22816655337296377
v2_2LDM.pdb,Q4R,3,0.0372695402338116,0.13287646,0.0956069155500324,0.0956069155500324
v2_2LDM.pdb,Q4K,3,-0.1224758503594865,0.05092278,0.17339863158850566,0.17339863158850566
v2_2LDM.pdb,Q4T,3,0.1752294565354635,0.4662457,0.29101625431429845,0.29101625431429845
v2_2LDM.pdb,Q4S,3,0.0595620586707261,0.49052742,0.4309653625653121,0.4309653625653121
v2_2LDM.pdb,Q4A,3,0.2060376427024683,0.30528814,0.09925049330293331,0.09925049330293331
v2_2LDM.pdb,Q4G,3,0.356872674764445,0.68244326,0.3255705863821004,0.3255705863821004
v2_2LDM.pdb,Q4M,3,0.2186121836894474,0.24566624,0.027054051995901107,0.027054051995901107
v2_2LDM.pdb,Q4L,3,0.2281152558102255,0.31294912,0.08483386518815708,0.08483386518815708
v2_2LDM.pdb,Q4V,3,0.4204471616348693,0.4361437,0.015696534673266704,0.015696534673266704
v2_2LDM.pdb,Q4I,3,0.5885508633589349,0.3580724,-0.2304784632658563,0.2304784632658563
v2_2LDM.pdb,Q4W,3,0.4908587943183891,0.7055103,0.21465152396087728,0.21465152396087728
v2_2LDM.pdb,Q4Y,3,0.3758593450294263,0.66968983,0.2938304890884631,0.2938304890884631
v2_2LDM.pdb,Q4F,3,0.4765820429696648,0.69791555,0.22133351107696608,0.22133351107696608
v2_2LDM.pdb,Q4P,3,0.9291948768507085,1.5888981,0.6597031858552852,0.6597031858552852
v2_2LDM.pdb,Q4C,3,0.1260925563568822,0.20779702,0.08170446431686962,0.08170446431686962
v2_2LDM.pdb,I5Q,4,0.9585918274317112,1.0352536,0.07666181655785176,0.07666181655785176
v2_2LDM.pdb,I5E,4,0.7621242838629878,1.1055226,0.34339834873588915,0.34339834873588915
v2_2LDM.pdb,I5N,4,1.001779275290431,1.2096257,0.2078464456873521,0.2078464456873521
v2_2LDM.pdb,I5H,4,1.009526553237788,1.1012919,0.09176534167493178,0.09176534167493178
v2_2LDM.pdb,I5D,4,1.4255175348400648,1.3244271,-0.10109040700193006,0.10109040700193006
v2_2LDM.pdb,I5R,4,1.0014836094643882,1.1383634,0.1368797518942544,0.1368797518942544
v2_2LDM.pdb,I5K,4,0.960510671323806,1.0599209,0.09941023569676288,0.09941023569676288
v2_2LDM.pdb,I5T,4,0.9833237424592474,1.0239431,0.0406193241377375,0.0406193241377375
v2_2LDM.pdb,I5S,4,1.312701907965088,1.2883434,-0.024358478399658212,0.024358478399658212
v2_2LDM.pdb,I5A,4,1.0575724762848016,0.9669268,-0.0906456631591912,0.0906456631591912
v2_2LDM.pdb,I5G,4,1.327747472336946,1.4339242,0.10617672581368875,0.10617672581368875
v2_2LDM.pdb,I5M,4,0.4494924494499934,0.7624033,0.31291085989525197,0.31291085989525197
v2_2LDM.pdb,I5L,4,0.1938073942327847,0.49571308,0.30190569070335727,0.30190569070335727
v2_2LDM.pdb,I5V,4,-0.1079975047406889,0.18586367,0.2938611784276701,0.2938611784276701
v2_2LDM.pdb,I5W,4,1.0190642319836312,0.8023633,-0.21670095550200275,0.21670095550200275
v2_2LDM.pdb,I5Y,4,0.8542273703887042,0.84813505,-0.0060923162772235084,0.0060923162772235084
v2_2LDM.pdb,I5F,4,0.9063899451021318,0.7169517,-0.1894382172350053,0.1894382172350053
v2_2LDM.pdb,I5P,4,0.8289558644362978,0.8359833,0.007027411930889738,0.007027411930889738
v2_2LDM.pdb,I5C,4,0.7059558935218453,0.5866492,-0.11930671406322713,0.11930671406322713
v2_2LDM.pdb,N6Q,5,0.8445103593032666,0.70949453,-0.135015828148634,0.135015828148634
v2_2LDM.pdb,N6E,5,0.659094456507221,0.54155594,-0.11753851540233207,0.11753851540233207
v2_2LDM.pdb,N6H,5,0.4031637779432082,0.5214459,0.11828209245626692,0.11828209245626692
v2_2LDM.pdb,N6D,5,0.0247894082503576,0.02714783,0.0023584212822656894,0.0023584212822656894
v2_2LDM.pdb,N6R,5,1.1201126877192118,0.9599464,-0.160166293752537,0.160166293752537
v2_2LDM.pdb,N6K,5,1.0744745498002324,0.9506777,-0.12379685691006515,0.12379685691006515
v2_2LDM.pdb,N6T,5,1.4070486577749288,1.0763477,-0.3307009490728414,0.3307009490728414
v2_2LDM.pdb,N6S,5,0.9390781851437924,0.51590395,-0.42317423540624355,0.42317423540624355
v2_2LDM.pdb,N6A,5,0.7654366069254643,0.7481583,-0.01727833084437913,0.01727833084437913
v2_2LDM.pdb,N6G,5,-1.011687415907815,-0.7762375,0.23544992811484633,0.23544992811484633
v2_2LDM.pdb,N6M,5,0.7098367253487832,0.5621123,-0.1477244535630471,0.1477244535630471
v2_2LDM.pdb,N6L,5,0.6720673024508661,0.6897561,0.01768879295852721,0.01768879295852721
v2_2LDM.pdb,N6V,5,1.0226680482491726,1.3090392,0.2863711868658787,0.2863711868658787
v2_2LDM.pdb,N6I,5,0.8079951929387064,1.5114188,0.7034236264887839,0.7034236264887839
v2_2LDM.pdb,N6W,5,0.2383287224276133,0.58004713,0.3417184081571035,0.3417184081571035
v2_2LDM.pdb,N6Y,5,0.3985942930532031,0.56501234,0.16641804272407962,0.16641804272407962
v2_2LDM.pdb,N6F,5,0.4037399237563639,0.36267287,-0.04106705836558633,0.04106705836558633
v2_2LDM.pdb,N6P,5,1.0443219798034378,1.7815588,0.7372367722564988,0.7372367722564988
v2_2LDM.pdb,N6C,5,-0.1206925294654497,-0.14097375,-0.02028121731113111,0.02028121731113111
v2_2LDM.pdb,E7Q,6,-0.23510466467072,0.3871367,0.622241362439885,0.622241362439885
v2_2LDM.pdb,E7N,6,0.7164961701521455,1.5900934,0.8735972041001738,0.8735972041001738
v2_2LDM.pdb,E7H,6,0.8279307006457843,1.5282332,0.700302469863554,0.700302469863554
v2_2LDM.pdb,E7D,6,-0.5509805527721916,0.6488869,1.199867471793798,1.199867471793798
v2_2LDM.pdb,E7R,6,1.287438302305192,1.6938934,0.4064551303119954,0.4064551303119954
v2_2LDM.pdb,E7K,6,1.1625977024637053,1.4192432,0.2566455140508821,0.2566455140508821
v2_2LDM.pdb,E7T,6,0.3213242812213039,1.334895,1.0135707335415745,1.0135707335415745
v2_2LDM.pdb,E7S,6,0.5259759856239337,1.0272391,0.5012630986198408,0.5012630986198408
v2_2LDM.pdb,E7A,6,0.4687977597222779,0.8508363,0.38203851728577876,0.38203851728577876
v2_2LDM.pdb,E7G,6,1.024675172950612,1.4188559,0.39418073258222486,0.39418073258222486
v2_2LDM.pdb,E7M,6,0.0523373814622551,0.7817466,0.7294092444380135,0.7294092444380135
v2_2LDM.pdb,E7L,6,0.5956398041835533,1.3862435,0.7906036583790077,0.7906036583790077
v2_2LDM.pdb,E7V,6,0.5959759220182814,1.3733047,0.7773288026750169,0.7773288026750169
v2_2LDM.pdb,E7I,6,0.1494061806275679,1.4996029,1.3501967332289384,1.3501967332289384
v2_2LDM.pdb,E7W,6,0.4298957259291049,1.7859807,1.3560849755174282,1.3560849755174282
v2_2LDM.pdb,E7Y,6,1.0087436323863443,1.540616,0.5318724030750814,0.5318724030750814
v2_2LDM.pdb,E7F,6,0.4548880157115991,1.5891804,1.1342923345920508,1.1342923345920508
v2_2LDM.pdb,E7P,6,1.4432818218602692,2.516262,1.0729802325830902,1.0729802325830902
v2_2LDM.pdb,E7C,6,0.4233254279450673,0.85997164,0.4366462145491344,0.4366462145491344
v2_2LDM.pdb,Q8E,7,-0.4714035672107859,0.03961744,0.5110210088053866,0.5110210088053866
v2_2LDM.pdb,Q8N,7,-0.1810010369308035,0.32968846,0.5106894965655844,0.5106894965655844
v2_2LDM.pdb,Q8H,7,-0.2025515297339302,-0.048573278,0.15397825184324798,0.15397825184324798
v2_2LDM.pdb,Q8D,7,-0.3904257290744457,0.48491818,0.8753439062022839,0.8753439062022839
v2_2LDM.pdb,Q8R,7,0.3980144104380452,0.21024708,-0.18776732593963974,0.18776732593963974
v2_2LDM.pdb,Q8K,7,0.1879275319673512,0.15623689,-0.031690644989201794,0.031690644989201794
v2_2LDM.pdb,Q8T,7,-0.1377930132724159,0.12052004,0.25831305366529156,0.25831305366529156
v2_2LDM.pdb,Q8S,7,-0.0503728775957874,0.26700178,0.31737465548313176,0.31737465548313176
v2_2LDM.pdb,Q8A,7,0.0884805495669365,-0.009257175,-0.09773772459526063,0.09773772459526063
v2_2LDM.pdb,Q8G,7,0.7172010995059206,0.66562355,-0.05157755385925311,0.05157755385925311
v2_2LDM.pdb,Q8M,7,-0.3195798768801885,-0.07745248,0.24212739608718925,0.24212739608718925
v2_2LDM.pdb,Q8L,7,-0.358379141415428,-0.17352252,0.1848566243303526,0.1848566243303526
v2_2LDM.pdb,Q8V,7,-0.3445307923133298,-0.018872,0.3256587920362874,0.3256587920362874
v2_2LDM.pdb,Q8I,7,-0.5858532420716873,-0.10952318,0.4763300649247757,0.4763300649247757
v2_2LDM.pdb,Q8W,7,-0.8662850650141647,-0.47081834,0.39546672423581386,0.39546672423581386
v2_2LDM.pdb,Q8Y,7,-0.5050982193712703,-0.29954737,0.20555084512276567,0.20555084512276567
v2_2LDM.pdb,Q8F,7,-0.2739401271506265,-0.22578835,0.04815177227696926,0.04815177227696926
v2_2LDM.pdb,Q8P,7,0.2801907195762072,1.4728658,1.192675100354823,1.192675100354823
v2_2LDM.pdb,V9Q,8,1.3682474612686375,2.961967,1.593719530155923,1.593719530155923
v2_2LDM.pdb,V9E,8,1.422374598619112,2.68191,1.2595354393752727,1.2595354393752727
v2_2LDM.pdb,V9N,8,1.2975010931436932,2.6944103,1.3969092309529865,1.3969092309529865
v2_2LDM.pdb,V9H,8,1.2961661368805952,2.7342098,1.4380436390440874,1.4380436390440874
v2_2LDM.pdb,V9D,8,1.3942146243339222,2.9972382,1.6030235348457653,1.6030235348457653
v2_2LDM.pdb,V9R,8,1.291016125474933,3.018974,1.7279579403057066,1.7279579403057066
v2_2LDM.pdb,V9K,8,1.351821623996782,3.0806677,1.7288461101493362,1.7288461101493362
v2_2LDM.pdb,V9T,8,1.2377996033937806,2.317,1.0792003088681823,1.0792003088681823
v2_2LDM.pdb,V9S,8,1.4407251930627856,2.817388,1.3766628646459547,1.3766628646459547
v2_2LDM.pdb,V9A,8,1.2916485831709197,1.9855881,0.6939394905595491,0.6939394905595491
v2_2LDM.pdb,V9G,8,1.4519839978069742,2.3534045,0.9014205241351645,0.9014205241351645
v2_2LDM.pdb,V9M,8,1.2107806607530551,1.7088616,0.49808092867870757,0.49808092867870757
v2_2LDM.pdb,V9L,8,1.3029568612720714,1.1633015,-0.13965539337656363,0.13965539337656363
v2_2LDM.pdb,V9I,8,0.5021769237923115,0.59184515,0.08966823096995657,0.08966823096995657
v2_2LDM.pdb,V9W,8,1.0413877401888252,2.6297457,1.5883579816281914,1.5883579816281914
v2_2LDM.pdb,V9Y,8,1.2218861959327127,2.3739798,1.1520936109673117,1.1520936109673117
v2_2LDM.pdb,V9F,8,1.1369123618932369,2.0484827,0.911570294585645,0.911570294585645
v2_2LDM.pdb,V9P,8,1.3620000143011466,3.2823887,1.9203886728326425,1.9203886728326425
v2_2LDM.pdb,V9C,8,0.7498784070934419,1.3126347,0.5627562994037505,0.5627562994037505
v2_2LDM.pdb,L10Q,9,0.8511001177974906,1.1909137,0.33981355941808555,0.33981355941808555
v2_2LDM.pdb,L10E,9,0.9076783313818706,1.5725553,0.6648769721917378,0.6648769721917378
v2_2LDM.pdb,L10N,9,1.1232698712199625,1.7366841,0.6134142127186362,0.6134142127186362
v2_2LDM.pdb,L10H,9,0.9661363980360522,1.160289,0.19415265111250735,0.19415265111250735
v2_2LDM.pdb,L10D,9,1.2270763894436554,2.0297441,0.8026677588107392,0.8026677588107392
v2_2LDM.pdb,L10R,9,1.3629655802676877,1.5362346,0.1732690369655887,0.1732690369655887
v2_2LDM.pdb,L10K,9,1.632808762158083,1.407625,-0.2251838022124042,0.2251838022124042
v2_2LDM.pdb,L10T,9,1.131235172357265,1.370355,0.2391198376753889,0.2391198376753889
v2_2LDM.pdb,L10S,9,1.0332424089882803,1.5732541,0.5400116994406747,0.5400116994406747
v2_2LDM.pdb,L10A,9,1.5610604500901224,1.1048349,-0.4562255358826639,0.4562255358826639
v2_2LDM.pdb,L10G,9,1.4420523678899295,1.8764223,0.43436991814370085,0.43436991814370085
v2_2LDM.pdb,L10M,9,0.1590559820625516,0.066198885,-0.09285709662172517,0.09285709662172517
v2_2LDM.pdb,L10V,9,0.8079827588447503,0.94831014,0.1403273779502936,0.1403273779502936
v2_2LDM.pdb,L10I,9,0.6465325749934263,0.5198598,-0.12667278419142436,0.12667278419142436
v2_2LDM.pdb,L10W,9,-0.0988353644625585,0.06394845,0.16278381693524527,0.16278381693524527
v2_2LDM.pdb,L10Y,9,0.0538818616985619,0.214926,0.16104414271122813,0.16104414271122813
v2_2LDM.pdb,L10F,9,0.1118449739756277,0.033691883,-0.0781530908884695,0.0781530908884695
v2_2LDM.pdb,L10P,9,1.6608129317131883,2.6557627,0.9949497407111281,0.9949497407111281
v2_2LDM.pdb,L10C,9,-0.7324408243561287,0.21546179,0.9479026149178047,0.9479026149178047
v2_2LDM.pdb,A11Q,10,1.3314592202926177,2.1451144,0.8136552015518648,0.8136552015518648
v2_2LDM.pdb,A11E,10,1.501900440813361,2.499882,0.9979815419899838,0.9979815419899838
v2_2LDM.pdb,A11N,10,1.4230563521916575,2.46847,1.0454137443964773,1.0454137443964773
v2_2LDM.pdb,A11H,10,1.2554071517208012,2.211324,0.9559168247959224,0.9559168247959224
v2_2LDM.pdb,A11D,10,1.6664373231189415,2.7460299,1.0795925307018592,1.0795925307018592
v2_2LDM.pdb,A11R,10,1.5370293588778028,2.3671136,0.8300842313626757,0.8300842313626757
v2_2LDM.pdb,A11K,10,1.3266105280107228,2.347357,1.0207465066725048,1.0207465066725048
v2_2LDM.pdb,A11T,10,1.17610574308105,1.590744,0.4146382754736375,0.4146382754736375
v2_2LDM.pdb,A11S,10,1.208078233547082,1.4365247,0.22844651525510296,0.22844651525510296
v2_2LDM.pdb,A11G,10,1.286570231052269,1.7954998,0.5089295705834731,0.5089295705834731
v2_2LDM.pdb,A11M,10,0.9836712091835992,1.2984583,0.3147871286002143,0.3147871286002143
v2_2LDM.pdb,A11L,10,0.7904433464625749,1.2380812,0.44763787034955893,0.44763787034955893
v2_2LDM.pdb,A11V,10,-0.6057190206271441,0.752183,1.3579020407420428,1.3579020407420428
v2_2LDM.pdb,A11I,10,-0.2244256885770328,0.94073254,1.1651582272771366,1.1651582272771366
v2_2LDM.pdb,A11W,10,1.2653597867809243,1.3959484,0.13058862325325538,0.13058862325325538
v2_2LDM.pdb,A11Y,10,1.1260467431271763,1.5568684,0.4308216908251552,0.4308216908251552
v2_2LDM.pdb,A11F,10,0.8681217749911134,1.3905771,0.5224553028744872,0.5224553028744872
v2_2LDM.pdb,A11P,10,1.6385595384864704,2.4963987,0.8578391488762005,0.8578391488762005
v2_2LDM.pdb,A11C,10,0.1822027599180695,0.6743591,0.4921563232575897,0.4921563232575897
v2_2LDM.pdb,S12Q,11,-0.9920487879442677,-0.7515787,0.24047009932274666,0.24047009932274666
v2_2LDM.pdb,S12E,11,-0.2130034708629011,-0.38129193,-0.1682884550442339,0.1682884550442339
v2_2LDM.pdb,S12N,11,0.9675972190476354,0.5799482,-0.38764903217324576,0.38764903217324576
v2_2LDM.pdb,S12H,11,0.2559300973876415,-0.024978772,-0.28090886919340474,0.28090886919340474
v2_2LDM.pdb,S12D,11,1.3331261091816893,0.98772144,-0.34540466600541975,0.34540466600541975
v2_2LDM.pdb,S12R,11,-1.0622634537687323,-0.39047107,0.6717923827638648,0.6717923827638648
v2_2LDM.pdb,S12K,11,-0.8700284671791723,-0.4364934,0.43353507042013906,0.43353507042013906
v2_2LDM.pdb,S12T,11,0.2955785537904933,-0.08402223,-0.3796007851905063,0.3796007851905063
v2_2LDM.pdb,S12A,11,-0.2718220806069169,-0.3340577,-0.0622356081061568,0.0622356081061568
v2_2LDM.pdb,S12G,11,0.4202666845441731,0.54689246,0.1266257796167461,0.1266257796167461
v2_2LDM.pdb,S12M,11,-1.3551602284047437,-0.8764729,0.478687338027699,0.478687338027699
v2_2LDM.pdb,S12L,11,-1.2047381875765897,-0.79692006,0.4078181264651395,0.4078181264651395
v2_2LDM.pdb,S12V,11,-0.0904890865514347,-0.4653194,-0.3748303085138729,0.3748303085138729
v2_2LDM.pdb,S12I,11,-0.5511740235219018,-0.5740809,-0.02290686093473271,0.02290686093473271
v2_2LDM.pdb,S12W,11,-0.3193556099399255,-0.284695,0.03466061048351987,0.03466061048351987
v2_2LDM.pdb,S12Y,11,-0.3561569729389502,-0.30217266,0.05398431211131349,0.05398431211131349
v2_2LDM.pdb,S12F,11,-0.3578108103590427,-0.27686644,0.08094437435440405,0.08094437435440405
v2_2LDM.pdb,S12P,11,0.3311333775758307,1.570467,1.239333617663427,1.239333617663427
v2_2LDM.pdb,S12C,11,-0.5137335796783895,-0.7124191,-0.19868551297679238,0.19868551297679238
v2_2LDM.pdb,W13Q,12,0.4097294722871054,0.21192153,-0.19780794430534726,0.19780794430534726
v2_2LDM.pdb,W13E,12,1.5101700051054427,0.7953227,-0.7148472888693282,0.7148472888693282
v2_2LDM.pdb,W13N,12,0.6285288740819708,0.006006807,-0.6225220669931188,0.6225220669931188
v2_2LDM.pdb,W13H,12,0.3880955830776333,0.07716505,-0.31093053078290217,0.31093053078290217
v2_2LDM.pdb,W13D,12,0.9162596369639502,0.5577643,-0.3584953452006445,0.3584953452006445
v2_2LDM.pdb,W13R,12,-0.8876330136950461,0.07450986,0.9621428727801291,0.9621428727801291
v2_2LDM.pdb,W13K,12,-0.6852534552853662,-0.02348338,0.6617700746100503,0.6617700746100503
v2_2LDM.pdb,W13T,12,0.578720146003628,0.32806966,-0.25065048891630193,0.25065048891630193
v2_2LDM.pdb,W13S,12,0.4381778088929418,0.24285221,-0.19532559789440662,0.19532559789440662
v2_2LDM.pdb,W13A,12,0.2100708199812633,0.18813509,-0.021935732491181525,0.021935732491181525
v2_2LDM.pdb,W13G,12,0.2551107628221918,0.075738415,-0.17937234770015964,0.17937234770015964
v2_2LDM.pdb,W13M,12,0.1351555406305622,0.2237832,0.0886276543882061,0.0886276543882061
v2_2LDM.pdb,W13L,12,0.2506204912502408,0.33003354,0.07941304947546723,0.07941304947546723
v2_2LDM.pdb,W13V,12,0.3670258624910252,0.529847,0.16282116338025165,0.16282116338025165
v2_2LDM.pdb,W13I,12,0.2413561673706374,0.35270247,0.11134630126301434,0.11134630126301434
v2_2LDM.pdb,W13Y,12,-0.4279114689495289,0.12529911,0.553210579958173,0.553210579958173
v2_2LDM.pdb,W13F,12,0.065932022516427,-0.18078868,-0.24672070342749114,0.24672070342749114
v2_2LDM.pdb,W13P,12,0.8542648271400672,0.7763702,-0.0778945998031837,0.0778945998031837
v2_2LDM.pdb,W13C,12,0.0483210369022861,-0.23301317,-0.2813342048796192,0.2813342048796192
v2_2LDM.pdb,S14Q,13,-0.0057669740053465,0.23380256,0.23956953099692366,0.23956953099692366
v2_2LDM.pdb,S14E,13,0.2439401106247543,0.31177524,0.06783512669709935,0.06783512669709935
v2_2LDM.pdb,S14N,13,-0.2558240188886422,0.17225201,0.42807603316800774,0.42807603316800774
v2_2LDM.pdb,S14H,13,-0.038689076474224,0.2554251,0.2941141720323905,0.2941141720323905
v2_2LDM.pdb,S14D,13,-0.0563362640082747,0.32309133,0.37942759215234817,0.37942759215234817
v2_2LDM.pdb,S14R,13,-0.0108936668531094,0.1921443,0.2030379713670407,0.2030379713670407
v2_2LDM.pdb,S14K,13,-0.1796383330758315,0.08310871,0.26274704133827503,0.26274704133827503
v2_2LDM.pdb,S14T,13,0.0184662188819761,0.24852908,0.2300628576942568,0.2300628576942568
v2_2LDM.pdb,S14A,13,0.1331504232836664,0.052028596,-0.08112182688245181,0.08112182688245181
v2_2LDM.pdb,S14G,13,-0.6525235578796975,0.18867262,0.841196174957525,0.841196174957525
v2_2LDM.pdb,S14M,13,-0.0558161641603085,0.35906783,0.4148839916234585,0.4148839916234585
v2_2LDM.pdb,S14L,13,-0.051298633435322,0.37027723,0.4215758594065439,0.4215758594065439
v2_2LDM.pdb,S14V,13,0.1403596943478255,0.49095708,0.35059738697007614,0.35059738697007614
v2_2LDM.pdb,S14I,13,-0.0601536372741149,0.5259278,0.5860814193328308,0.5860814193328308
v2_2LDM.pdb,S14W,13,0.276427017551025,0.32379776,0.047370744842926416,0.047370744842926416
v2_2LDM.pdb,S14Y,13,0.3291935463427118,0.38962322,0.0604296783925482,0.0604296783925482
v2_2LDM.pdb,S14F,13,0.2586608410129318,0.45409295,0.19543210861589816,0.19543210861589816
v2_2LDM.pdb,S14P,13,0.6480231334210225,0.22663713,-0.4213860084057637,0.4213860084057637
v2_2LDM.pdb,S14C,13,-0.1064926306667635,0.07098827,0.1774808983269045,0.1774808983269045
v2_2LDM.pdb,D15Q,14,1.0802843699923996,0.99532723,-0.08495713572421115,0.08495713572421115
v2_2LDM.pdb,D15E,14,0.3306778299891602,1.0159563,0.6852784526265014,0.6852784526265014
v2_2LDM.pdb,D15N,14,0.3184011026917042,0.4670233,0.14862221035379752,0.14862221035379752
v2_2LDM.pdb,D15H,14,0.5820283599293186,1.0407926,0.4587642244899319,0.4587642244899319
v2_2LDM.pdb,D15R,14,1.540507247299054,1.086072,-0.4544352792204407,0.4544352792204407
v2_2LDM.pdb,D15K,14,1.054231048727536,1.1104522,0.056221126412844935,0.056221126412844935
v2_2LDM.pdb,D15T,14,1.0502724719909935,0.90994334,-0.1403291297821312,0.1403291297821312
v2_2LDM.pdb,D15S,14,0.7152791004756165,0.7773398,0.06206071561782833,0.06206071561782833
v2_2LDM.pdb,D15A,14,1.22541224811101,0.88633287,-0.3390793785812858,0.3390793785812858
v2_2LDM.pdb,D15G,14,-0.5205675425657921,0.87711513,1.3976826729902916,1.3976826729902916
v2_2LDM.pdb,D15M,14,1.054254164885733,0.9790926,-0.07516156692430731,0.07516156692430731
v2_2LDM.pdb,D15L,14,1.2617426122488236,0.97643644,-0.2853061760725235,0.2853061760725235
v2_2LDM.pdb,D15V,14,1.3218702076111302,1.5435653,0.22169506567378194,0.22169506567378194
v2_2LDM.pdb,D15I,14,1.016255649133926,1.4005985,0.3843428768670505,0.3843428768670505
v2_2LDM.pdb,D15W,14,0.8726785821684819,0.77118933,-0.10148925016012011,0.10148925016012011
v2_2LDM.pdb,D15Y,14,0.7225087364522187,0.8013945,0.0788857857378753,0.0788857857378753
v2_2LDM.pdb,D15F,14,1.0731988807034554,0.758091,-0.31510790780306475,0.31510790780306475
v2_2LDM.pdb,D15P,14,0.8211485488228911,1.8109922,0.9898436920828706,0.9898436920828706
v2_2LDM.pdb,D15C,14,0.0320719998522784,0.5666835,0.534611471350572,0.534611471350572
v2_2LDM.pdb,S16Q,15,0.2614038724170999,-0.0037195385,-0.265123410867341,0.265123410867341
v2_2LDM.pdb,S16E,15,0.1356755787459489,0.27649003,0.14081445392693318,0.14081445392693318
v2_2LDM.pdb,S16N,15,-0.2333054157084815,-0.17845657,0.05484884103006049,0.05484884103006049
v2_2LDM.pdb,S16H,15,0.0218857417795348,0.0030572712,-0.018828470537393078,0.018828470537393078
v2_2LDM.pdb,S16D,15,0.0407328736954331,0.19037583,0.14964296100801233,0.14964296100801233
v2_2LDM.pdb,S16R,15,0.3859948853335901,0.1334287,-0.2525661925159021,0.2525661925159021
v2_2LDM.pdb,S16K,15,0.2843464000063627,0.06972347,-0.2146229280071943,0.2146229280071943
v2_2LDM.pdb,S16T,15,0.2418064728080595,0.6036799,0.3618734225929415,0.3618734225929415
v2_2LDM.pdb,S16A,15,0.2768350348947559,0.09995699,-0.17687804560642584,0.17687804560642584
v2_2LDM.pdb,S16G,15,-1.0326204409878468,-0.6167815,0.41583896782805674,0.41583896782805674
v2_2LDM.pdb,S16M,15,0.4335929423174558,0.24253172,-0.19106122549387794,0.19106122549387794
v2_2LDM.pdb,S16L,15,0.4126758954745015,0.30579257,-0.10688332536036577,0.10688332536036577
v2_2LDM.pdb,S16V,15,0.6307177848667738,0.84458804,0.21387025643876822,0.21387025643876822
v2_2LDM.pdb,S16I,15,0.6234844079462412,0.8941132,0.27062877507530425,0.27062877507530425
v2_2LDM.pdb,S16W,15,0.6305525898023416,0.31982893,-0.3107236622854044,0.3107236622854044
v2_2LDM.pdb,S16Y,15,0.6160038718260052,0.31703466,-0.2989692100561383,0.2989692100561383
v2_2LDM.pdb,S16F,15,0.630885758061841,0.27393398,-0.3569517811731844,0.3569517811731844
v2_2LDM.pdb,S16P,15,0.9585260935965212,1.0464876,0.08796147621243877,0.08796147621243877
v2_2LDM.pdb,S16C,15,-0.2681947345358422,-0.31707132,-0.048876584090561614,0.048876584090561614
v2_2LDM.pdb,R17Q,16,0.2019069789176732,0.20823854,0.006331563162252335,0.006331563162252335
v2_2LDM.pdb,R17E,16,0.27571645263641,0.63822913,0.3625126790621984,0.3625126790621984
v2_2LDM.pdb,R17N,16,0.1333470074644118,0.3515658,0.21821880059337323,0.21821880059337323
v2_2LDM.pdb,R17H,16,0.1577691880964291,0.2786428,0.12087361533412816,0.12087361533412816
v2_2LDM.pdb,R17D,16,0.329757544360461,0.92591685,0.596159306206403,0.596159306206403
v2_2LDM.pdb,R17K,16,-0.0835232689837308,0.07903746,0.16256072668827487,0.16256072668827487
v2_2LDM.pdb,R17T,16,0.2112248349651304,0.41546765,0.20424281473312705,0.20424281473312705
v2_2LDM.pdb,R17S,16,0.4625941550222154,0.33541542,-0.12717873210580305,0.12717873210580305
v2_2LDM.pdb,R17A,16,0.3013204677638099,0.43380296,0.13248249453935174,0.13248249453935174
v2_2LDM.pdb,R17G,16,0.2265627488465462,0.62299883,0.39643608480976483,0.39643608480976483
v2_2LDM.pdb,R17M,16,0.071067766303396,0.23342678,0.1623590132051947,0.1623590132051947
v2_2LDM.pdb,R17L,16,0.0189723446547511,0.28322983,0.26425748322610826,0.26425748322610826
v2_2LDM.pdb,R17V,16,0.0055464336371038,0.62774575,0.6221993139291193,0.6221993139291193
v2_2LDM.pdb,R17I,16,-0.0196020428763921,0.54714286,0.5667449061500127,0.5667449061500127
v2_2LDM.pdb,R17W,16,0.525363712732549,0.54943395,0.024070233876948066,0.024070233876948066
v2_2LDM.pdb,R17Y,16,0.3306990131738212,0.44835675,0.11765773445343708,0.11765773445343708
v2_2LDM.pdb,R17F,16,0.2671193560584355,0.55023134,0.28311198148886674,0.28311198148886674
v2_2LDM.pdb,R17P,16,0.14264567917398,2.0517697,1.909124054254975,1.909124054254975
v2_2LDM.pdb,F18Q,17,1.530128204013539,1.6900768,0.15994862398939058,0.15994862398939058
v2_2LDM.pdb,F18E,17,1.2853973057703054,1.7099166,0.4245192858739817,0.4245192858739817
v2_2LDM.pdb,F18N,17,1.4516816438377764,1.9623213,0.510639637595329,0.510639637595329
v2_2LDM.pdb,F18H,17,0.9948352041587852,1.4483644,0.4535291728630043,0.4535291728630043
v2_2LDM.pdb,F18D,17,1.333055955921277,1.8976142,0.5645582847250854,0.5645582847250854
v2_2LDM.pdb,F18R,17,1.6580033548081916,1.9422202,0.2842168562208611,0.2842168562208611
v2_2LDM.pdb,F18K,17,1.7582238663607033,1.7937822,0.03555836783119126,0.03555836783119126
v2_2LDM.pdb,F18T,17,1.2765619031028397,1.6042922,0.3277302512092941,0.3277302512092941
v2_2LDM.pdb,F18S,17,1.2930576005444523,1.7223505,0.42929287762784996,0.42929287762784996
v2_2LDM.pdb,F18A,17,1.4388986609891532,1.5512259,0.11232723966087121,0.11232723966087121
v2_2LDM.pdb,F18G,17,1.4575818067289663,1.8264339,0.3688520902894663,0.3688520902894663
v2_2LDM.pdb,F18M,17,0.5621034685909825,0.9324821,0.3703786547839565,0.3703786547839565
v2_2LDM.pdb,F18L,17,0.4422504587035436,1.213312,0.7710615711350184,0.7710615711350184
v2_2LDM.pdb,F18V,17,0.970964970778589,1.543834,0.5728690002449706,0.5728690002449706
v2_2LDM.pdb,F18I,17,1.0308608760758746,1.426304,0.39544310665880555,0.39544310665880555
v2_2LDM.pdb,F18W,17,-0.5839991667780859,0.34845555,0.9324547150645239,0.9324547150645239
v2_2LDM.pdb,F18Y,17,0.0138046377951992,0.32180083,0.3079961901848423,0.3079961901848423
v2_2LDM.pdb,F18P,17,1.5996468922768945,1.7741926,0.17454567936312015,0.17454567936312015
v2_2LDM.pdb,F18C,17,0.1018035218081725,0.76921695,0.6674134328999268,0.6674134328999268
v2_2LDM.pdb,Y19Q,18,0.7143135475574838,1.2481248,0.5338112903178824,0.5338112903178824
v2_2LDM.pdb,Y19E,18,0.8947316219645547,2.187176,1.2924443671864463,1.2924443671864463
v2_2LDM.pdb,Y19N,18,1.3121059546093037,1.9547935,0.642687498607249,0.642687498607249
v2_2LDM.pdb,Y19H,18,0.7164000983328946,0.81900364,0.10260354327248256,0.10260354327248256
v2_2LDM.pdb,Y19D,18,1.768992551053254,2.9272902,1.1582976501338798,1.1582976501338798
v2_2LDM.pdb,Y19R,18,0.592114570849076,0.67103744,0.07892286468254017,0.07892286468254017
v2_2LDM.pdb,Y19K,18,0.4018964615948694,0.94607735,0.5441808852068883,0.5441808852068883
v2_2LDM.pdb,Y19T,18,1.1140059114252538,1.8964107,0.7824047922338038,0.7824047922338038
v2_2LDM.pdb,Y19S,18,0.8929115896242428,1.8977351,1.004823529241724,1.004823529241724
v2_2LDM.pdb,Y19A,18,0.6631715364149806,1.2369554,0.5737838678666356,0.5737838678666356
v2_2LDM.pdb,Y19G,18,1.260071350880962,2.0867312,0.8266598445688671,0.8266598445688671
v2_2LDM.pdb,Y19M,18,0.1753826266467744,0.7008444,0.5254617804348296,0.5254617804348296
v2_2LDM.pdb,Y19L,18,-0.0550946682039246,0.74513584,0.8002305119577393,0.8002305119577393
v2_2LDM.pdb,Y19V,18,0.4766659043900043,1.2004492,0.7237833238967388,0.7237833238967388
v2_2LDM.pdb,Y19I,18,0.4946891964411075,1.1277325,0.6330433188939755,0.6330433188939755
v2_2LDM.pdb,Y19W,18,0.2385925841759553,0.5518251,0.3132325219679961,0.3132325219679961
v2_2LDM.pdb,Y19F,18,0.2132119540050583,0.39684665,0.18363469802588653,0.18363469802588653
v2_2LDM.pdb,Y19P,18,1.6832273804831075,3.245942,1.562714735300584,1.562714735300584
v2_2LDM.pdb,Y19C,18,0.0211491897277298,0.5821683,0.5610190913506088,0.5610190913506088
v2_2LDM.pdb,P20Q,19,0.5963893851270603,0.54768443,-0.048704954051010496,0.048704954051010496
v2_2LDM.pdb,P20E,19,0.7302251231418739,0.5383006,-0.19192454931603775,0.19192454931603775
v2_2LDM.pdb,P20N,19,0.6898696381460194,0.8464002,0.15653056317462877,0.15653056317462877
v2_2LDM.pdb,P20H,19,0.7658327576386734,0.6591183,-0.10671446292279207,0.10671446292279207
v2_2LDM.pdb,P20D,19,1.036392256449908,0.95139885,-0.08499340696260327,0.08499340696260327
v2_2LDM.pdb,P20R,19,0.6028159047130406,0.69989693,0.09708102693521381,0.09708102693521381
v2_2LDM.pdb,P20K,19,0.7062015180955954,0.5078976,-0.19830390266285614,0.19830390266285614
v2_2LDM.pdb,P20T,19,0.7283028020424158,0.7422552,0.013952408834049024,0.013952408834049024
v2_2LDM.pdb,P20S,19,0.89539794262873,0.7503032,-0.14509473380075755,0.14509473380075755
v2_2LDM.pdb,P20A,19,0.5198810151923685,0.3799448,-0.1399362138618021,0.1399362138618021
v2_2LDM.pdb,P20G,19,0.8705103220540318,0.9044365,0.03392620662867696,0.03392620662867696
v2_2LDM.pdb,P20M,19,0.4557150353896275,0.49194822,0.03623318176392171,0.03623318176392171
v2_2LDM.pdb,P20L,19,0.1826865419810559,0.19284528,0.010158742957756345,0.010158742957756345
v2_2LDM.pdb,P20V,19,0.4222188218070644,0.39644882,-0.025770000977672902,0.025770000977672902
v2_2LDM.pdb,P20I,19,0.293506483858357,0.41072035,0.11721386449979732,0.11721386449979732
v2_2LDM.pdb,P20W,19,0.4833685327761317,0.13129711,-0.3520714212649012,0.3520714212649012
v2_2LDM.pdb,P20Y,19,0.3171535243384671,0.41682857,0.09967504841162445,0.09967504841162445
v2_2LDM.pdb,P20F,19,-0.1856619606496359,0.42309874,0.6087607036115195,0.6087607036115195
v2_2LDM.pdb,P20C,19,-0.3479598854256096,0.28333452,0.631294408865017,0.631294408865017
v2_2LDM.pdb,A21Q,20,1.8669485545487392,2.570557,0.703608562913419,0.703608562913419
v2_2LDM.pdb,A21E,20,1.2157656299079111,2.8920183,1.6762526882683584,1.6762526882683584
v2_2LDM.pdb,A21N,20,1.4583968902918507,2.7285206,1.2701237414983104,1.2701237414983104
v2_2LDM.pdb,A21H,20,1.4537872369149616,2.5461571,1.0923698847433636,1.0923698847433636
v2_2LDM.pdb,A21D,20,1.992670987161306,3.092747,1.1000759858764138,1.1000759858764138
v2_2LDM.pdb,A21R,20,1.7282261755543042,2.595982,0.8677558991832446,0.8677558991832446
v2_2LDM.pdb,A21K,20,1.4135267683545365,2.6670992,1.25357246908748,1.25357246908748
v2_2LDM.pdb,A21T,20,1.3332273047310927,2.1526897,0.8194623906271836,0.8194623906271836
v2_2LDM.pdb,A21S,20,1.5159344206114072,1.6932722,0.17733781239793123,0.17733781239793123
v2_2LDM.pdb,A21G,20,0.6539259252999672,1.5934434,0.9395174684073082,0.9395174684073082
v2_2LDM.pdb,A21M,20,0.9940892908588536,1.7228315,0.7287421967967861,0.7287421967967861
v2_2LDM.pdb,A21L,20,1.1170828761534424,1.775814,0.658731180243042,0.658731180243042
v2_2LDM.pdb,A21V,20,1.065235966891645,1.4385012,0.3732652719312921,0.3732652719312921
v2_2LDM.pdb,A21I,20,0.9243339724080072,1.7148799,0.7905458980067267,0.7905458980067267
v2_2LDM.pdb,A21W,20,0.8938729185851293,1.8397955,0.9459225516526026,0.9459225516526026
v2_2LDM.pdb,A21Y,20,0.8271916812652258,2.0047376,1.1775459343201014,1.1775459343201014
v2_2LDM.pdb,A21F,20,0.648412114677076,1.8542509,1.2058387932208732,1.2058387932208732
v2_2LDM.pdb,A21P,20,1.2812134533745547,2.710263,1.429049560465167,1.429049560465167
v2_2LDM.pdb,A21C,20,0.8310880833082943,1.0369916,0.20590351291362952,0.20590351291362952
v2_2LDM.pdb,K22Q,21,-0.0555601141859378,-0.196485,-0.1409248836826001,0.1409248836826001
v2_2LDM.pdb,K22E,21,0.266102847937893,0.043950737,-0.22215211141521846,0.22215211141521846
v2_2LDM.pdb,K22N,21,0.7658448281650541,0.69255936,-0.07328546670722935,0.07328546670722935
v2_2LDM.pdb,K22H,21,0.2086955470072915,-0.039833434,-0.248528980933397,0.248528980933397
v2_2LDM.pdb,K22D,21,1.195843452888222,0.97690237,-0.21894108720371275,0.21894108720371275
v2_2LDM.pdb,K22R,21,-0.1529346803169042,0.035065264,0.18799994382665455,0.18799994382665455
v2_2LDM.pdb,K22T,21,-0.7459448388649568,-0.5094273,0.2365175298287019,0.2365175298287019
v2_2LDM.pdb,K22S,21,0.4222046599699782,0.23282793,-0.18937672832744584,0.18937672832744584
v2_2LDM.pdb,K22A,21,0.4906670562270288,0.2165519,-0.27411515631705563,0.27411515631705563
v2_2LDM.pdb,K22G,21,1.0986402407980378,1.0445421,-0.05409816659454658,0.05409816659454658
v2_2LDM.pdb,K22M,21,-0.3672378853363671,-0.45588505,-0.08864716734460215,0.08864716734460215
v2_2LDM.pdb,K22L,21,-0.4736510341364215,-0.44934183,0.02430920054496033,0.02430920054496033
v2_2LDM.pdb,K22V,21,-1.0429107262113244,-0.8705986,0.17231211199547358,0.17231211199547358
v2_2LDM.pdb,K22I,21,-1.2325632768639987,-0.96937025,0.263193030930466,0.263193030930466
v2_2LDM.pdb,K22W,21,-0.0498909289966817,-0.6383057,-0.5884147946704631,0.5884147946704631
v2_2LDM.pdb,K22Y,21,-0.0761608899496359,-0.63557523,-0.5594143449403483,0.5594143449403483
v2_2LDM.pdb,K22F,21,-0.0877027422637746,-0.68159866,-0.5938959210663035,0.5938959210663035
v2_2LDM.pdb,K22P,21,1.580375157006079,1.6495472,0.06917206227034933,0.06917206227034933
v2_2LDM.pdb,K22C,21,-0.1350603208562102,-0.5780007,-0.4429404034594331,0.4429404034594331
v2_2LDM.pdb,V23Q,22,1.9161241417038568,2.7550626,0.8389384384047858,0.8389384384047858
v2_2LDM.pdb,V23E,22,1.6752528801631723,2.6786585,1.0034056052494253,1.0034056052494253
v2_2LDM.pdb,V23N,22,1.5398549973789928,2.5014606,0.9616055548365834,0.9616055548365834
v2_2LDM.pdb,V23H,22,1.913694272977274,2.319478,0.40578376199587063,0.40578376199587063
v2_2LDM.pdb,V23D,22,1.737579034935704,2.7801807,1.0426016577370254,1.0426016577370254
v2_2LDM.pdb,V23R,22,1.859991790770952,2.6253486,0.7653567771916945,0.7653567771916945
v2_2LDM.pdb,V23K,22,1.705015785760407,2.5740788,0.8690630125336605,0.8690630125336605
v2_2LDM.pdb,V23T,22,1.3088472177062305,2.087963,0.7791158865418164,0.7791158865418164
v2_2LDM.pdb,V23S,22,1.569113646976098,2.5235343,0.9544206509670172,0.9544206509670172
v2_2LDM.pdb,V23A,22,1.55139441778826,1.7991457,0.24775128075910335,0.24775128075910335
v2_2LDM.pdb,V23G,22,1.384234457614431,2.4076424,1.0234079068875221,1.0234079068875221
v2_2LDM.pdb,V23M,22,1.4928645999972716,1.4299642,-0.06290041523622425,0.06290041523622425
v2_2LDM.pdb,V23L,22,0.8561345402465383,0.86930645,0.013171904875226792,0.013171904875226792
v2_2LDM.pdb,V23I,22,-0.5176383864042791,-0.16450429,0.35313409677720387,0.35313409677720387
v2_2LDM.pdb,V23W,22,1.5619469816693932,1.9243939,0.36244691061881484,0.36244691061881484
v2_2LDM.pdb,V23Y,22,1.4571985242261682,1.8091629,0.3519643309221472,0.3519643309221472
v2_2LDM.pdb,V23F,22,1.388164952782274,1.4321723,0.044007345649122565,0.044007345649122565
v2_2LDM.pdb,V23P,22,1.9555927590802904,2.3942068,0.4386140032335524,0.4386140032335524
v2_2LDM.pdb,V23C,22,1.181847423781469,1.2262506,0.04440322471706626,0.04440322471706626
v2_2LDM.pdb,T24Q,23,0.3599030425695806,0.14930913,-0.2105939140467077,0.2105939140467077
v2_2LDM.pdb,T24E,23,0.285437167777878,0.54142344,0.25598627220167525,0.25598627220167525
v2_2LDM.pdb,T24N,23,1.0740373173302922,1.2898569,0.21581959337527423,0.21581959337527423
v2_2LDM.pdb,T24H,23,1.0380281313235629,0.6144813,-0.4235468610102999,0.4235468610102999
v2_2LDM.pdb,T24D,23,1.3566477903096046,1.33765,-0.01899784886520761,0.01899784886520761
v2_2LDM.pdb,T24R,23,1.3338871197623656,0.6045384,-0.7293487386626647,0.7293487386626647
v2_2LDM.pdb,T24K,23,0.6991320751434813,0.46126026,-0.23787181599202256,0.23787181599202256
v2_2LDM.pdb,T24S,23,0.7813915575971513,0.59549373,-0.18589782371424723,0.18589782371424723
v2_2LDM.pdb,T24A,23,0.8360456216842249,0.41918892,-0.4168567050010279,0.4168567050010279
v2_2LDM.pdb,T24G,23,1.516354157641195,1.276725,-0.23962910385396352,0.23962910385396352
v2_2LDM.pdb,T24M,23,-0.7278117330870257,-0.52155507,0.20625666697832212,0.20625666697832212
v2_2LDM.pdb,T24L,23,-0.9800828333538316,-0.6444899,0.33559294897730574,0.33559294897730574
v2_2LDM.pdb,T24V,23,-0.7322018543530797,-0.27900937,0.4531924823571538,0.4531924823571538
v2_2LDM.pdb,T24I,23,-0.9236897773087795,-0.6021514,0.3215383834183987,0.3215383834183987
v2_2LDM.pdb,T24W,23,1.054789220620688,0.07663308,-0.9781561397805771,0.9781561397805771
v2_2LDM.pdb,T24Y,23,0.743624803571767,0.07101832,-0.672606480269498,0.672606480269498
v2_2LDM.pdb,T24F,23,0.6526005685643232,0.0009728968,-0.6516276717499769,0.6516276717499769
v2_2LDM.pdb,T24P,23,1.680363323103138,2.0904026,0.410039280046276,0.410039280046276
v2_2LDM.pdb,T24C,23,-0.1992590825307569,-0.22316232,-0.023903240705708567,0.023903240705708567
v2_2LDM.pdb,A25Q,24,0.421769586093446,0.119024485,-0.30274510074379085,0.30274510074379085
v2_2LDM.pdb,A25E,24,0.6960315428904851,0.40757948,-0.28845206128877,0.28845206128877
v2_2LDM.pdb,A25N,24,0.6106314433878759,0.597176,-0.013455428010831216,0.013455428010831216
v2_2LDM.pdb,A25H,24,0.3257610600218215,0.5862381,0.2604770262017808,0.2604770262017808
v2_2LDM.pdb,A25D,24,0.9846424144440608,0.7538741,-0.2307682913475947,0.2307682913475947
v2_2LDM.pdb,A25R,24,0.3479587271743951,0.28782898,-0.060129745298021786,0.060129745298021786
v2_2LDM.pdb,A25K,24,0.2990136746364262,0.24985212,-0.04916155376011394,0.04916155376011394
v2_2LDM.pdb,A25T,24,0.8163790205265491,0.7101667,-0.10621232779278444,0.10621232779278444
v2_2LDM.pdb,A25S,24,0.2298968861649781,0.4140333,0.18413640755908195,0.18413640755908195
v2_2LDM.pdb,A25G,24,0.2937666676726354,0.7593896,0.4656229116234767,0.4656229116234767
v2_2LDM.pdb,A25M,24,0.4501733468234796,0.3248752,-0.12529814106824583,0.12529814106824583
v2_2LDM.pdb,A25L,24,0.8116278176927203,0.51817334,-0.29345448070999325,0.29345448070999325
v2_2LDM.pdb,A25V,24,0.5889424676488209,0.6945425,0.10560005954997065,0.10560005954997065
v2_2LDM.pdb,A25I,24,0.6390749035636603,0.5913625,-0.047712427214783304,0.047712427214783304
v2_2LDM.pdb,A25W,24,0.6536195214979608,0.71372366,0.060104138017420095,0.060104138017420095
v2_2LDM.pdb,A25Y,24,0.8747556040541398,0.7129962,-0.16175941922824255,0.16175941922824255
v2_2LDM.pdb,A25F,24,0.5331779009214568,0.74510497,0.21192706762636426,0.21192706762636426
v2_2LDM.pdb,A25P,24,1.6614420884906864,2.0201433,0.3587011820018673,0.3587011820018673
v2_2LDM.pdb,A25C,24,0.5036667930904981,0.2369847,-0.2666820931259748,0.2666820931259748
v2_2LDM.pdb,V26Q,25,0.9951341783448272,1.1005328,0.10539859181203315,0.10539859181203315
v2_2LDM.pdb,V26E,25,1.5615805003365213,1.3414018,-0.22017868492209258,0.22017868492209258
v2_2LDM.pdb,V26N,25,0.6535401419937086,1.2666955,0.6131553574264574,0.6131553574264574
v2_2LDM.pdb,V26H,25,0.8427591582223333,0.89550567,0.052746508510454815,0.052746508510454815
v2_2LDM.pdb,V26D,25,1.1196709650619168,1.5831909,0.46351995290683323,0.46351995290683323
v2_2LDM.pdb,V26R,25,0.7234327462414933,1.0134108,0.28997806041439045,0.28997806041439045
v2_2LDM.pdb,V26K,25,0.5493415429715991,0.9403864,0.39104487155629397,0.39104487155629397
v2_2LDM.pdb,V26T,25,1.1978585895047245,0.632011,-0.5658475931630191,0.5658475931630191
v2_2LDM.pdb,V26S,25,1.1607357394815307,0.96601295,-0.19472278476961669,0.19472278476961669
v2_2LDM.pdb,V26A,25,0.8442053177476132,0.64806753,-0.19613778377773405,0.19613778377773405
v2_2LDM.pdb,V26G,25,1.5418859959108442,1.29362,-0.24826600556202827,0.24826600556202827
v2_2LDM.pdb,V26M,25,0.6159712836518545,0.7198756,0.10390429046008398,0.10390429046008398
v2_2LDM.pdb,V26L,25,0.601064401411215,0.57367516,-0.02738924577156654,0.02738924577156654
v2_2LDM.pdb,V26I,25,-0.1048671278940096,0.19660556,0.3014726910577669,0.3014726910577669
v2_2LDM.pdb,V26W,25,0.810767217821537,0.55083716,-0.25993005866473773,0.25993005866473773
v2_2LDM.pdb,V26Y,25,0.64858462698252,0.48838264,-0.160201989481757,0.160201989481757
v2_2LDM.pdb,V26F,25,0.6624080545843964,0.61022246,-0.05218559574497994,0.05218559574497994
v2_2LDM.pdb,V26P,25,1.6618135621550052,1.2151217,-0.4466918160917728,0.4466918160917728
v2_2LDM.pdb,V26C,25,0.491385066757352,0.32435083,-0.16703423286452973,0.16703423286452973
v2_2LDM.pdb,N27Q,26,1.2115070879818088,1.0275606,-0.18394649628411597,0.18394649628411597
v2_2LDM.pdb,N27E,26,1.18038475805787,1.1874452,0.007060405668936731,0.007060405668936731
v2_2LDM.pdb,N27H,26,0.095317396437359,0.5368981,0.44158068009691226,0.44158068009691226
v2_2LDM.pdb,N27D,26,1.2287110034876558,1.0983192,-0.13039183062846393,0.13039183062846393
v2_2LDM.pdb,N27R,26,1.1160236448218344,0.8923687,-0.22365497054357508,0.22365497054357508
v2_2LDM.pdb,N27K,26,1.536328998667142,1.1118426,-0.42448636637344084,0.42448636637344084
v2_2LDM.pdb,N27T,26,1.0192469814964331,1.9175102,0.898263170366665,0.898263170366665
v2_2LDM.pdb,N27S,26,1.1200460773417196,1.4054887,0.28544265213520914,0.28544265213520914
v2_2LDM.pdb,N27A,26,1.144069000695879,1.312596,0.16852696278220947,0.16852696278220947
v2_2LDM.pdb,N27G,26,0.6991077665211749,1.1361163,0.43700849972943545,0.43700849972943545
v2_2LDM.pdb,N27M,26,0.8837903352090315,0.96256167,0.07877133175645312,0.07877133175645312
v2_2LDM.pdb,N27L,26,0.7753249747075506,0.81039923,0.035074259587340784,0.035074259587340784
v2_2LDM.pdb,N27V,26,1.4370878325862932,1.4540012,0.016913355691904997,0.016913355691904997
v2_2LDM.pdb,N27I,26,1.2360506943558356,1.5998012,0.3637504883910516,0.3637504883910516
v2_2LDM.pdb,N27W,26,0.4634441675054246,0.84926707,0.3858228980196303,0.3858228980196303
v2_2LDM.pdb,N27Y,26,0.7956986190263025,0.9905113,0.194812679153324,0.194812679153324
v2_2LDM.pdb,N27F,26,0.4800365783809051,0.8555156,0.3754790208698884,0.3754790208698884
v2_2LDM.pdb,N27P,26,1.6118259444379626,2.3698773,0.7580513939714613,0.7580513939714613
v2_2LDM.pdb,N27C,26,0.7003311390450389,0.29266232,-0.40766881652382914,0.40766881652382914
v2_2LDM.pdb,K28Q,27,0.0168476826624979,0.1938737,0.17702602081726895,0.17702602081726895
v2_2LDM.pdb,K28E,27,-0.1499179874488607,0.25487944,0.4047974322864309,0.4047974322864309
v2_2LDM.pdb,K28N,27,0.0767436939918853,0.19325277,0.11650907810093392,0.11650907810093392
v2_2LDM.pdb,K28H,27,0.1466686751090353,0.22959688,0.08292820794951267,0.08292820794951267
v2_2LDM.pdb,K28D,27,-0.1542790308959052,0.30364582,0.4579248503214881,0.4579248503214881
v2_2LDM.pdb,K28R,27,0.2250151761671694,0.1389557,-0.08605947874991018,0.08605947874991018
v2_2LDM.pdb,K28T,27,0.1673948904640267,0.20805702,0.04066212567023539,0.04066212567023539
v2_2LDM.pdb,K28S,27,-0.1417204718490268,0.06359741,0.2053178827663089,0.2053178827663089
v2_2LDM.pdb,K28A,27,-0.1270850396148635,0.028269961,0.1553550010911895,0.1553550010911895
v2_2LDM.pdb,K28G,27,-0.1743732035286886,0.18099529,0.3553684890397054,0.3553684890397054
v2_2LDM.pdb,K28M,27,0.1683877606128438,0.25704587,0.08865810444605512,0.08865810444605512
v2_2LDM.pdb,K28L,27,0.1895251369516182,0.21415004,0.024624904390163405,0.024624904390163405
v2_2LDM.pdb,K28V,27,0.2805218708673702,0.3390671,0.05854523061120648,0.05854523061120648
v2_2LDM.pdb,K28I,27,0.2180218555256194,0.39942485,0.18140299541508495,0.18140299541508495
v2_2LDM.pdb,K28W,27,0.2821927561004074,0.27607188,-0.0061208798129470665,0.0061208798129470665
v2_2LDM.pdb,K28Y,27,0.47238011911211,0.32715684,-0.14522327735719665,0.14522327735719665
v2_2LDM.pdb,K28F,27,0.2805737679691455,0.39615723,0.11558346693800475,0.11558346693800475
v2_2LDM.pdb,K28P,27,-0.1884822761558444,0.053056255,0.2415385311387927,0.2415385311387927
v2_2LDM.pdb,K28C,27,0.4659084173693379,0.044102624,-0.42180579331061446,0.42180579331061446
v2_2LDM.pdb,D29Q,28,1.583268809834908,0.87384033,-0.7094284778036579,0.7094284778036579
v2_2LDM.pdb,D29E,28,1.1021335635687812,0.75726604,-0.344867518952082,0.344867518952082
v2_2LDM.pdb,D29N,28,0.548567015362692,0.3846597,-0.1639073078164579,0.1639073078164579
v2_2LDM.pdb,D29H,28,1.258888810951143,0.94707745,-0.3118113578146988,0.3118113578146988
v2_2LDM.pdb,D29R,28,1.5590601005616795,1.0564985,-0.5025615730348241,0.5025615730348241
v2_2LDM.pdb,D29K,28,1.42719299125321,0.9889961,-0.4381969027484187,0.4381969027484187
v2_2LDM.pdb,D29T,28,1.5178484285491092,0.8556249,-0.6622235143797977,0.6622235143797977
v2_2LDM.pdb,D29S,28,1.480057181499197,0.68814224,-0.7919149414517421,0.7919149414517421
v2_2LDM.pdb,D29A,28,1.613108698722923,0.80466354,-0.8084451597901228,0.8084451597901228
v2_2LDM.pdb,D29G,28,1.0518601980490432,0.7025677,-0.3492925014776931,0.3492925014776931
v2_2LDM.pdb,D29M,28,1.3360845209846943,1.0562462,-0.27983835952381786,0.27983835952381786
v2_2LDM.pdb,D29L,28,1.269954428426726,1.0620649,-0.20788954233358625,0.20788954233358625
v2_2LDM.pdb,D29V,28,1.5528764150816006,1.5210247,-0.03185171110210838,0.03185171110210838
v2_2LDM.pdb,D29I,28,1.3255671701840328,1.4563513,0.13078411002836954,0.13078411002836954
v2_2LDM.pdb,D29W,28,0.9894420840908276,0.8847631,-0.10467896248590813,0.10467896248590813
v2_2LDM.pdb,D29Y,28,1.4175466459474375,0.9676348,-0.44991184885118507,0.44991184885118507
v2_2LDM.pdb,D29F,28,1.1547355098596503,0.87172943,-0.2830060763231208,0.2830060763231208
v2_2LDM.pdb,D29P,28,1.6799538862746062,1.7137613,0.03380744337627273,0.03380744337627273
v2_2LDM.pdb,D29C,28,1.045759964775827,0.52305186,-0.5227081068275237,0.5227081068275237
v2_2LDM.pdb,G30Q,29,1.3745292515876075,1.0865539,-0.28797532035134044,0.28797532035134044
v2_2LDM.pdb,G30E,29,1.2360287004546715,1.369559,0.13353034915165174,0.13353034915165174
v2_2LDM.pdb,G30N,29,0.8694511449461486,0.90103316,0.0315820181245301,0.0315820181245301
v2_2LDM.pdb,G30H,29,1.098389240405354,1.0398885,-0.05850073923805654,0.05850073923805654
v2_2LDM.pdb,G30D,29,1.101198547098299,1.223532,0.12233341434274103,0.12233341434274103
v2_2LDM.pdb,G30R,29,0.997776083857981,1.2559813,0.25820524224522945,0.25820524224522945
v2_2LDM.pdb,G30K,29,1.0369019682661174,1.1528099,0.1159078900560262,0.1159078900560262
v2_2LDM.pdb,G30T,29,1.4640048836869728,1.5768813,0.11287640579514391,0.11287640579514391
v2_2LDM.pdb,G30S,29,1.4243323173543496,1.1333845,-0.29094785118308497,0.29094785118308497
v2_2LDM.pdb,G30A,29,1.598286462713152,1.3259895,-0.2722969779261646,0.2722969779261646
v2_2LDM.pdb,G30M,29,0.816693065802633,1.2991829,0.4824898260430701,0.4824898260430701
v2_2LDM.pdb,G30L,29,1.12247917364917,1.3113146,0.1888354091755371,0.1888354091755371
v2_2LDM.pdb,G30V,29,1.2152555528523328,1.8240298,0.6087742504237292,0.6087742504237292
v2_2LDM.pdb,G30I,29,1.5497865810564262,1.9236424,0.3738558158704537,0.3738558158704537
v2_2LDM.pdb,G30W,29,0.7634397869165246,1.3190118,0.5555720205251868,0.5555720205251868
v2_2LDM.pdb,G30Y,29,1.0193675325786526,1.2439518,0.22458426490669892,0.22458426490669892
v2_2LDM.pdb,G30F,29,0.8354364906047413,1.1393111,0.30387458460582994,0.30387458460582994
v2_2LDM.pdb,G30P,29,1.794856791425287,1.9203708,0.12551402575916115,0.12551402575916115
v2_2LDM.pdb,G30C,29,0.6847325684310475,0.6868865,0.002153920960279443,0.002153920960279443
v2_2LDM.pdb,T31Q,30,1.4425673760077913,1.2194424,-0.22312500845408034,0.22312500845408034
v2_2LDM.pdb,T31E,30,1.3265464060327348,1.5766611,0.25011470389158164,0.25011470389158164
v2_2LDM.pdb,T31N,30,1.3536344228116328,1.2103232,-0.143311208280688,0.143311208280688
v2_2LDM.pdb,T31H,30,1.4368272070720522,1.1978961,-0.23893108413961817,0.23893108413961817
v2_2LDM.pdb,T31D,30,1.361701079552977,1.5345438,0.17284267311731116,0.17284267311731116
v2_2LDM.pdb,T31R,30,1.431879405531452,1.1996772,-0.2322021766038398,0.2322021766038398
v2_2LDM.pdb,T31K,30,1.623643174831916,1.1895738,-0.4340694100308906,0.4340694100308906
v2_2LDM.pdb,T31S,30,0.2887880432860383,0.53551084,0.2467227947457305,0.2467227947457305
v2_2LDM.pdb,T31A,30,1.2423202215881446,1.2921221,0.04980190403746576,0.04980190403746576
v2_2LDM.pdb,T31G,30,1.2510320708171716,1.5085696,0.2575375273807654,0.2575375273807654
v2_2LDM.pdb,T31M,30,1.2058111322232308,1.0720336,-0.1337774885006966,0.1337774885006966
v2_2LDM.pdb,T31L,30,1.308861769785663,1.2097703,-0.09909144793965474,0.09909144793965474
v2_2LDM.pdb,T31V,30,1.413859946370181,1.0722951,-0.34156487667566204,0.34156487667566204
v2_2LDM.pdb,T31I,30,1.285608380108548,1.1711041,-0.11450430658407296,0.11450430658407296
v2_2LDM.pdb,T31W,30,0.6477727319822617,1.2037565,0.5559837196244888,0.5559837196244888
v2_2LDM.pdb,T31Y,30,0.9039597408620064,0.991652,0.08769227100933152,0.08769227100933152
v2_2LDM.pdb,T31F,30,1.0863394078164843,1.0835499,-0.0027895506768969014,0.0027895506768969014
v2_2LDM.pdb,T31P,30,1.278301695345547,2.347383,1.0690813269628026,1.0690813269628026
v2_2LDM.pdb,T31C,30,0.9046288179927856,0.66361815,-0.24101067061958614,0.24101067061958614
v2_2LDM.pdb,Y32Q,31,1.7031431487718494,2.6267338,0.9235906311353772,0.9235906311353772
v2_2LDM.pdb,Y32E,31,1.851039700216262,2.946755,1.0957152321873025,1.0957152321873025
v2_2LDM.pdb,Y32N,31,2.0955612359325158,2.8402581,0.7446968855579628,0.7446968855579628
v2_2LDM.pdb,Y32H,31,1.7171583769524428,1.7913449,0.07418650410529648,0.07418650410529648
v2_2LDM.pdb,Y32D,31,1.7737945219012117,3.0498085,1.276013980296054,1.276013980296054
v2_2LDM.pdb,Y32R,31,1.853768378976962,2.248435,0.39466664146981545,0.39466664146981545
v2_2LDM.pdb,Y32K,31,1.562943790689458,2.6494923,1.0865484731044872,1.0865484731044872
v2_2LDM.pdb,Y32T,31,1.5800516269436835,2.432908,0.8528564312228204,0.8528564312228204
v2_2LDM.pdb,Y32S,31,1.8844165902351933,2.652392,0.7679753203177853,0.7679753203177853
v2_2LDM.pdb,Y32A,31,1.495369567597454,2.5069637,1.0115941622609443,1.0115941622609443
v2_2LDM.pdb,Y32G,31,1.679250336053033,2.8621817,1.1829313274601505,1.1829313274601505
v2_2LDM.pdb,Y32M,31,1.0368982673990503,2.0667317,1.0298334239614233,1.0298334239614233
v2_2LDM.pdb,Y32L,31,0.4546013583905486,1.6547475,1.2001461277239533,1.2001461277239533
v2_2LDM.pdb,Y32V,31,0.3792729397007379,2.039826,1.6605529765895453,1.6605529765895453
v2_2LDM.pdb,Y32I,31,0.1080206147766902,1.8583747,1.7503541000746892,1.7503541000746892
v2_2LDM.pdb,Y32W,31,0.8750740984138194,0.9465139,0.07143979280627333,0.07143979280627333
v2_2LDM.pdb,Y32F,31,0.5568535718045575,0.9812788,0.42442520531794004,0.42442520531794004
v2_2LDM.pdb,Y32P,31,1.9383471348546188,2.956246,1.0178987643458206,1.0178987643458206
v2_2LDM.pdb,Y32C,31,1.1129769864382495,1.7968417,0.6838647541699658,0.6838647541699658
v2_2LDM.pdb,T33Q,32,0.2738160263206166,0.6282266,0.35441055191500964,0.35441055191500964
v2_2LDM.pdb,T33E,32,0.2143657523558282,1.0325059,0.8181401175095893,0.8181401175095893
v2_2LDM.pdb,T33N,32,0.612262624768992,1.3520557,0.7397930440618796,0.7397930440618796
v2_2LDM.pdb,T33H,32,1.5120190055467002,1.2079362,-0.30408283782972023,0.30408283782972023
v2_2LDM.pdb,T33D,32,0.215538178592002,1.5475147,1.3319764984557274,1.3319764984557274
v2_2LDM.pdb,T33R,32,0.8544514770437768,0.96301705,0.10856556940779183,0.10856556940779183
v2_2LDM.pdb,T33K,32,0.8541288843152062,0.9056291,0.051500214100168584,0.051500214100168584
v2_2LDM.pdb,T33S,32,0.771809942324523,0.83029115,0.0584812096759042,0.0584812096759042
v2_2LDM.pdb,T33A,32,1.374438491435339,1.0145745,-0.3598639636948604,0.3598639636948604
v2_2LDM.pdb,T33G,32,1.243968661293315,1.8336904,0.5897217435986528,0.5897217435986528
v2_2LDM.pdb,T33M,32,0.755107494308541,0.55363774,-0.20146975131232514,0.20146975131232514
v2_2LDM.pdb,T33L,32,0.6283256779992288,0.65285397,0.02452828776004856,0.02452828776004856
v2_2LDM.pdb,T33V,32,0.0652938069555304,0.1540379,0.08874408586292053,0.08874408586292053
v2_2LDM.pdb,T33I,32,0.556633268397253,0.25288486,-0.3037484035901241,0.3037484035901241
v2_2LDM.pdb,T33W,32,1.0416811703351303,0.93519175,-0.10648941980870208,0.10648941980870208
v2_2LDM.pdb,T33Y,32,0.9869095295673532,0.95735145,-0.02955808341561983,0.02955808341561983
v2_2LDM.pdb,T33F,32,1.0200457183477742,0.92702925,-0.09301646629546712,0.09301646629546712
v2_2LDM.pdb,T33P,32,2.0572008944269293,2.9057784,0.8485775136236078,0.8485775136236078
v2_2LDM.pdb,T33C,32,0.731668909058464,0.45200184,-0.2796670691822891,0.2796670691822891
v2_2LDM.pdb,V34Q,33,1.6291333276267872,2.9056559,1.2765225332740917,1.2765225332740917
v2_2LDM.pdb,V34E,33,1.843210511265776,2.6829708,0.8397602509870317,0.8397602509870317
v2_2LDM.pdb,V34N,33,2.21773977439507,2.654893,0.4371531470526837,0.4371531470526837
v2_2LDM.pdb,V34H,33,1.7313622822172303,2.5703087,0.838946403085504,0.838946403085504
v2_2LDM.pdb,V34D,33,2.109178419898309,2.73005,0.6208716670767886,0.6208716670767886
v2_2LDM.pdb,V34K,33,1.8349150435510275,3.066119,1.231203912061155,1.231203912061155
v2_2LDM.pdb,V34T,33,1.65954326386384,1.9404734,0.28093017344542504,0.28093017344542504
v2_2LDM.pdb,V34S,33,1.8004951229879365,2.6583314,0.8578362712076202,0.8578362712076202
v2_2LDM.pdb,V34A,33,1.8108536297175373,1.944979,0.13412532269029964,0.13412532269029964
v2_2LDM.pdb,V34G,33,1.769605550149151,2.083877,0.3142715364902533,0.3142715364902533
v2_2LDM.pdb,V34M,33,1.374862713881238,1.6897318,0.3148691224377318,0.3148691224377318
v2_2LDM.pdb,V34L,33,0.7039006026053625,1.0958501,0.39194950744865364,0.39194950744865364
v2_2LDM.pdb,V34I,33,0.3825647780386019,0.58786213,0.20529735594119547,0.20529735594119547
v2_2LDM.pdb,V34W,33,1.1711342086198702,2.3280745,1.1569402466413603,1.1569402466413603
v2_2LDM.pdb,V34Y,33,1.255808726626929,2.1451464,0.8893376433071529,0.8893376433071529
v2_2LDM.pdb,V34F,33,1.2772814736512168,1.7566767,0.47939520023794335,0.47939520023794335
v2_2LDM.pdb,V34P,33,1.717454707272533,2.9274087,1.2099539879484142,1.2099539879484142
v2_2LDM.pdb,V34C,33,1.1297007709968794,1.2048578,0.07515705523603078,0.07515705523603078
v2_2LDM.pdb,K35Q,34,-0.586866129861594,-0.5162305,0.07063560627532084,0.07063560627532084
v2_2LDM.pdb,K35E,34,-0.6052983013977484,-0.16090305,0.44439524990219637,0.44439524990219637
v2_2LDM.pdb,K35N,34,0.955735062607342,1.2830279,0.3272928247370184,0.3272928247370184
v2_2LDM.pdb,K35H,34,0.5106501300023831,0.5487101,0.0380599778009616,0.0380599778009616
v2_2LDM.pdb,K35D,34,1.0504043660259872,1.5398549,0.48945051812165685,0.48945051812165685
v2_2LDM.pdb,K35R,34,-0.0108823740838839,0.14139482,0.15227719787348046,0.15227719787348046
v2_2LDM.pdb,K35T,34,0.0230175342058704,0.0074329227,-0.015584611484961281,0.015584611484961281
v2_2LDM.pdb,K35S,34,0.4763907094503918,0.44652694,-0.02986376481309322,0.02986376481309322
v2_2LDM.pdb,K35A,34,0.3634990777488049,0.121306166,-0.2421929116959866,0.2421929116959866
v2_2LDM.pdb,K35G,34,1.2695861601541258,1.2844832,0.014897034197070447,0.014897034197070447
v2_2LDM.pdb,K35M,34,-0.4997648128379484,-0.45265466,0.04711015308987099,0.04711015308987099
v2_2LDM.pdb,K35L,34,-0.3420852116911366,-0.15861987,0.18346534591602826,0.18346534591602826
v2_2LDM.pdb,K35V,34,-0.1980648863958842,-0.41933626,-0.22127137296919758,0.22127137296919758
v2_2LDM.pdb,K35I,34,-0.3259360749554121,-0.35971797,-0.033781890170625495,0.033781890170625495
v2_2LDM.pdb,K35W,34,0.4026761957263411,0.24516436,-0.1575118311500014,0.1575118311500014
v2_2LDM.pdb,K35Y,34,0.3322745282709554,0.08949804,-0.24277648521065265,0.24277648521065265
v2_2LDM.pdb,K35F,34,0.6152853371102989,0.1567881,-0.45849724127842784,0.45849724127842784
v2_2LDM.pdb,K35P,34,1.788010988139796,2.6908526,0.9028416539195301,0.9028416539195301
v2_2LDM.pdb,K35C,34,0.2544140091106679,-0.32078034,-0.57519434596751,0.57519434596751
v2_2LDM.pdb,F36Q,35,1.6783050770331551,1.9839876,0.30568249277580484,0.30568249277580484
v2_2LDM.pdb,F36E,35,1.6720321483706893,2.3701801,0.6981479816341936,0.6981479816341936
v2_2LDM.pdb,F36N,35,1.8750442305096455,2.2277646,0.35272037596618455,0.35272037596618455
v2_2LDM.pdb,F36H,35,1.8275417175929591,1.7517973,-0.07574439913440201,0.07574439913440201
v2_2LDM.pdb,F36D,35,1.722411237147892,2.5599551,0.837543882938778,0.837543882938778
v2_2LDM.pdb,F36R,35,0.4005511271311979,1.9243122,1.5237611067936678,1.5237611067936678
v2_2LDM.pdb,F36K,35,2.147616356463984,1.867042,-0.28057441100652536,0.28057441100652536
v2_2LDM.pdb,F36T,35,1.1776728568916015,2.0145814,0.836908584987671,0.836908584987671
v2_2LDM.pdb,F36S,35,1.4068774165436273,1.9920686,0.5851912317946906,0.5851912317946906
v2_2LDM.pdb,F36A,35,1.6653042206521846,1.7371789,0.07187470104733928,0.07187470104733928
v2_2LDM.pdb,F36G,35,1.4910752315394875,1.7056614,0.21458618451428446,0.21458618451428446
v2_2LDM.pdb,F36M,35,0.8943068741777767,1.207497,0.31319012651649825,0.31319012651649825
v2_2LDM.pdb,F36L,35,1.1195758487339695,1.5959574,0.4763815496806423,0.4763815496806423
v2_2LDM.pdb,F36V,35,1.6272504496339888,1.9477401,0.3204896283384233,0.3204896283384233
v2_2LDM.pdb,F36I,35,1.3554622091798163,1.7167898,0.3613276324721002,0.3613276324721002
v2_2LDM.pdb,F36W,35,0.7741492805994701,0.7809847,0.0068354191266346565,0.0068354191266346565
v2_2LDM.pdb,F36Y,35,0.9920410377537572,0.77215916,-0.21988187857025498,0.21988187857025498
v2_2LDM.pdb,F36P,35,2.140266419979168,2.0452194,-0.09504699859244914,0.09504699859244914
v2_2LDM.pdb,F36C,35,0.7529843817402235,1.0621271,0.3091427316020616,0.3091427316020616
v2_2LDM.pdb,Y37Q,36,0.3147957264535126,0.28439894,-0.03039678326770634,0.03039678326770634
v2_2LDM.pdb,Y37E,36,-0.1194499064435437,0.25025603,0.3697059381951764,0.3697059381951764
v2_2LDM.pdb,Y37N,36,0.2828876345271673,0.44574863,0.16286099265865422,0.16286099265865422
v2_2LDM.pdb,Y37H,36,0.2508611564753082,0.25967166,0.008810501802203385,0.008810501802203385
v2_2LDM.pdb,Y37D,36,0.2248397855708261,0.35645866,0.1316188783696036,0.1316188783696036
v2_2LDM.pdb,Y37R,36,0.4562803710585692,0.44103533,-0.015245040763006479,0.015245040763006479
v2_2LDM.pdb,Y37K,36,0.6660989306051377,0.33467844,-0.33142048931905066,0.33142048931905066
v2_2LDM.pdb,Y37T,36,0.4634459268042687,0.37481642,-0.08862950911017692,0.08862950911017692
v2_2LDM.pdb,Y37S,36,0.1710627264588495,0.28803733,0.11697460345333616,0.11697460345333616
v2_2LDM.pdb,Y37A,36,0.0583362649123579,0.19023769,0.13190142112565936,0.13190142112565936
v2_2LDM.pdb,Y37G,36,0.5677988819174535,0.38819408,-0.17960479774997307,0.17960479774997307
v2_2LDM.pdb,Y37M,36,0.0200923699652375,0.105271205,0.08517883534081566,0.08517883534081566
v2_2LDM.pdb,Y37L,36,0.2124875346617498,0.13442713,-0.07806040443942924,0.07806040443942924
v2_2LDM.pdb,Y37V,36,0.4988740070057897,0.46335223,-0.0355217738343267,0.0355217738343267
v2_2LDM.pdb,Y37I,36,0.2886879465570922,0.43868577,0.14999782824606944,0.14999782824606944
v2_2LDM.pdb,Y37W,36,-0.1891813140945641,-0.02852714,0.1606541734771935,0.1606541734771935
v2_2LDM.pdb,Y37F,36,-0.1271075710558489,0.061432928,0.18854049890275748,0.18854049890275748
v2_2LDM.pdb,Y37P,36,0.7620339696941385,0.79070127,0.028667300409316088,0.028667300409316088
v2_2LDM.pdb,Y37C,36,-0.2710547528936802,-0.061345994,0.20970875842117653,0.20970875842117653
v2_2LDM.pdb,D38Q,37,0.6994062017674763,1.0902035,0.390797321868388,0.390797321868388
v2_2LDM.pdb,D38E,37,0.947324711007484,0.86737823,-0.0799464761442028,0.0799464761442028
v2_2LDM.pdb,D38N,37,-0.8834412068879649,-0.02821827,0.8552229375398204,0.8552229375398204
v2_2LDM.pdb,D38H,37,0.1645253750779702,0.7468507,0.5823253539106773,0.5823253539106773
v2_2LDM.pdb,D38R,37,0.6683877731535692,0.9803738,0.31198602664730357,0.31198602664730357
v2_2LDM.pdb,D38K,37,0.6206206847047679,1.1964939,0.5758731793546803,0.5758731793546803
v2_2LDM.pdb,D38T,37,-0.2053038014767585,0.5836424,0.7889462246296821,0.7889462246296821
v2_2LDM.pdb,D38S,37,-0.1205861228578752,0.37664527,0.4972313898676103,0.4972313898676103
v2_2LDM.pdb,D38A,37,0.9162318871984108,0.876914,-0.03931786284538341,0.03931786284538341
v2_2LDM.pdb,D38G,37,0.3961255371084982,0.70867276,0.3125472248086161,0.3125472248086161
v2_2LDM.pdb,D38M,37,0.4079785268740024,1.1141151,0.7061365921064053,0.7061365921064053
v2_2LDM.pdb,D38L,37,0.438849989573375,1.0757052,0.6368551810580336,0.6368551810580336
v2_2LDM.pdb,D38V,37,0.590473890894641,1.3959317,0.8054578298390016,0.8054578298390016
v2_2LDM.pdb,D38I,37,0.5533043608228132,1.4027543,0.8494499459703997,0.8494499459703997
v2_2LDM.pdb,D38W,37,-1.324842743051586,0.2524191,1.57726185716444,1.57726185716444
v2_2LDM.pdb,D38Y,37,0.3687436629965339,0.49897036,0.13022669656729363,0.13022669656729363
v2_2LDM.pdb,D38F,37,-1.1995104387112976,0.36928374,1.5687941744634033,1.5687941744634033
v2_2LDM.pdb,D38P,37,1.1570181601147302,1.6925666,0.5355484731097571,0.5355484731097571
v2_2LDM.pdb,D38C,37,-1.18800199462991,0.26222348,1.450225476761868,1.450225476761868
v2_2LDM.pdb,G39Q,38,1.2635743950092226,1.2220312,-0.041543159314337386,0.041543159314337386
v2_2LDM.pdb,G39E,38,1.1951752174953905,1.4484643,0.25328905691104264,0.25328905691104264
v2_2LDM.pdb,G39N,38,0.7349149033841509,0.98542935,0.250514443177281,0.250514443177281
v2_2LDM.pdb,G39H,38,0.8693727219544742,1.131259,0.2618862425841,0.2618862425841
v2_2LDM.pdb,G39D,38,0.9370343475863772,1.2841744,0.3471400947048826,0.3471400947048826
v2_2LDM.pdb,G39R,38,0.9347737620453191,1.4242792,0.489505450906341,0.489505450906341
v2_2LDM.pdb,G39K,38,1.0431855003398611,1.2773112,0.2341257055240915,0.2341257055240915
v2_2LDM.pdb,G39T,38,1.0892783518755298,1.5780342,0.4887558106458325,0.4887558106458325
v2_2LDM.pdb,G39S,38,0.8500290854766781,1.1830062,0.3329770819351261,0.3329770819351261
v2_2LDM.pdb,G39A,38,1.0386478536708073,1.3345999,0.29595199889114343,0.29595199889114343
v2_2LDM.pdb,G39M,38,0.9024970004803275,1.3485442,0.4460472395175362,0.4460472395175362
v2_2LDM.pdb,G39L,38,0.8783939394722196,1.3614265,0.48303253319165984,0.48303253319165984
v2_2LDM.pdb,G39V,38,1.0368868194109635,1.8588783,0.8219914354794784,0.8219914354794784
v2_2LDM.pdb,G39I,38,0.8218600711195698,2.0603833,1.2385232487351665,1.2385232487351665
v2_2LDM.pdb,G39W,38,0.6498732121266191,1.3518436,0.7019703833781417,0.7019703833781417
v2_2LDM.pdb,G39Y,38,0.9735246273206666,1.2818142,0.30828959024677727,0.30828959024677727
v2_2LDM.pdb,G39F,38,0.7275331940190726,1.1845872,0.45705404620004364,0.45705404620004364
v2_2LDM.pdb,G39P,38,1.2788831470693318,2.0622048,0.7833216907297404,0.7833216907297404
v2_2LDM.pdb,G39C,38,0.5004753844759082,0.67947346,0.17899807524470335,0.17899807524470335
v2_2LDM.pdb,V40Q,39,-0.1805997105562298,0.3044235,0.4850232215845196,0.4850232215845196
v2_2LDM.pdb,V40E,39,0.0670989729827811,0.66119576,0.5940967820221017,0.5940967820221017
v2_2LDM.pdb,V40N,39,-0.0357350792215784,0.5238604,0.5595954741762598,0.5595954741762598
v2_2LDM.pdb,V40H,39,-0.1914914955842066,0.39284536,0.5843368580090571,0.5843368580090571
v2_2LDM.pdb,V40D,39,0.4414668587767276,0.95217925,0.5107123943246212,0.5107123943246212
v2_2LDM.pdb,V40R,39,-0.2879649768569532,0.08936055,0.3773255269029203,0.3773255269029203
v2_2LDM.pdb,V40K,39,-0.1098577932436022,0.12567858,0.23553637722320883,0.23553637722320883
v2_2LDM.pdb,V40T,39,-0.7015879337917039,-0.04955703,0.6520309035907457,0.6520309035907457
v2_2LDM.pdb,V40S,39,-0.6479084677237559,0.26092184,0.9088303036231089,0.9088303036231089
v2_2LDM.pdb,V40A,39,0.0539529618890357,0.3676678,0.3137148323385644,0.3137148323385644
v2_2LDM.pdb,V40G,39,0.6210752794052574,0.868899,0.24782370836482315,0.24782370836482315
v2_2LDM.pdb,V40M,39,-0.105872551810414,0.1675013,0.273373852383763,0.273373852383763
v2_2LDM.pdb,V40L,39,0.0853059915504181,0.29007027,0.20476427398112182,0.20476427398112182
v2_2LDM.pdb,V40I,39,0.1020123644401396,-0.03683427,-0.1388466342021788,0.1388466342021788
v2_2LDM.pdb,V40W,39,0.2042271224256655,0.2757239,0.07149678194559608,0.07149678194559608
v2_2LDM.pdb,V40Y,39,0.3101348272643307,0.22352284,-0.08661198533394132,0.08661198533394132
v2_2LDM.pdb,V40F,39,0.1049983281849042,0.23020273,0.12520440628546323,0.12520440628546323
v2_2LDM.pdb,V40P,39,0.5803034375354106,1.5544357,0.9741322924450582,0.9741322924450582
v2_2LDM.pdb,V40C,39,-0.2881084131703604,0.015321076,0.3034294890866507,0.3034294890866507
v2_2LDM.pdb,V41Q,40,0.6843686301550949,0.5948863,-0.08948232720709681,0.08948232720709681
v2_2LDM.pdb,V41E,40,0.0431117869943049,0.66193503,0.618823244419727,0.618823244419727
v2_2LDM.pdb,V41N,40,0.8824030836076495,1.3037808,0.42137771053602724,0.42137771053602724
v2_2LDM.pdb,V41H,40,0.736347698478454,0.8033239,0.06697622606301934,0.06697622606301934
v2_2LDM.pdb,V41D,40,0.8612002500628242,1.5087388,0.6475385061169854,0.6475385061169854
v2_2LDM.pdb,V41R,40,1.196994670418552,0.9545391,-0.24245555022125576,0.24245555022125576
v2_2LDM.pdb,V41K,40,0.9000628030726101,0.9190916,0.0190287792256687,0.0190287792256687
v2_2LDM.pdb,V41T,40,0.2636998138959838,0.41675314,0.1530533291761445,0.1530533291761445
v2_2LDM.pdb,V41S,40,0.3680047738832845,0.91933846,0.5513336908536539,0.5513336908536539
v2_2LDM.pdb,V41A,40,1.1009533682071302,0.94254124,-0.1584121265613172,0.1584121265613172
v2_2LDM.pdb,V41G,40,0.9079107479922768,1.5565467,0.6486359400875572,0.6486359400875572
v2_2LDM.pdb,V41M,40,0.5557758117531473,0.32456794,-0.23120786794173065,0.23120786794173065
v2_2LDM.pdb,V41L,40,0.4180232886789452,0.31097338,-0.10704991264325492,0.10704991264325492
v2_2LDM.pdb,V41I,40,-0.1028256208028217,-0.03258121,0.07024441066640813,0.07024441066640813
v2_2LDM.pdb,V41W,40,0.7813614004415661,0.35562423,-0.4257371717256695,0.4257371717256695
v2_2LDM.pdb,V41Y,40,0.3489738273863823,0.40066165,0.05168781993341143,0.05168781993341143
v2_2LDM.pdb,V41F,40,0.4604448554087841,0.43158203,-0.028862821774598313,0.028862821774598313
v2_2LDM.pdb,V41P,40,1.078188792022535,1.8581213,0.7799324838792594,0.7799324838792594
v2_2LDM.pdb,V41C,40,0.5863394067263166,0.21789557,-0.3684438393091718,0.3684438393091718
v2_2LDM.pdb,Q42E,41,0.5903164615019685,0.6922294,0.10191292864237966,0.10191292864237966
v2_2LDM.pdb,Q42N,41,0.7550559987250172,0.85316944,0.09811344249812737,0.09811344249812737
v2_2LDM.pdb,Q42H,41,-0.0017995672587067,0.36353105,0.3653306203249604,0.3653306203249604
v2_2LDM.pdb,Q42D,41,0.8428083185188946,1.3830209,0.5402125593192402,0.5402125593192402
v2_2LDM.pdb,Q42R,41,-0.8306225466018011,-0.325601,0.5050215350871374,0.5050215350871374
v2_2LDM.pdb,Q42K,41,-0.5988504246640285,-0.1381149,0.46073552526713213,0.46073552526713213
v2_2LDM.pdb,Q42T,41,-0.0062062545331107,0.4571989,0.4634051425965415,0.4634051425965415
v2_2LDM.pdb,Q42S,41,0.1092825652127245,0.5367552,0.4274726389880201,0.4274726389880201
v2_2LDM.pdb,Q42A,41,-0.8512768281025562,-0.086161345,0.7651154828591022,0.7651154828591022
v2_2LDM.pdb,Q42G,41,0.1758324147014396,1.0390599,0.8632274626941903,0.8632274626941903
v2_2LDM.pdb,Q42M,41,-0.3939793353195302,-0.29957482,0.09440451313210652,0.09440451313210652
v2_2LDM.pdb,Q42L,41,-0.1269421955559759,-0.09676227,0.030179925820639608,0.030179925820639608
v2_2LDM.pdb,Q42V,41,-0.5845534711887415,-0.02669549,0.5578579813053186,0.5578579813053186
v2_2LDM.pdb,Q42I,41,-0.5220074358361622,-0.15637109,0.36563634900030095,0.36563634900030095
v2_2LDM.pdb,Q42W,41,-0.1051582948636258,0.081346706,0.18650500041954163,0.18650500041954163
v2_2LDM.pdb,Q42Y,41,0.143318070403176,-0.1274912,-0.27080927633388585,0.27080927633388585
v2_2LDM.pdb,Q42F,41,0.1442498473133264,0.020231292,-0.12401855566160064,0.12401855566160064
v2_2LDM.pdb,Q42P,41,1.241580958748035,2.4984705,1.2568895860670284,1.2568895860670284
v2_2LDM.pdb,Q42C,41,-0.4988949229521138,-0.25878796,0.24010696313804214,0.24010696313804214
v2_2LDM.pdb,T43Q,42,0.5728140194402698,0.6059738,0.03315976071491211,0.03315976071491211
v2_2LDM.pdb,T43E,42,0.7718243142011816,1.0980053,0.3261809805986231,0.3261809805986231
v2_2LDM.pdb,T43N,42,0.1952037051125605,1.0797564,0.884552674014942,0.884552674014942
v2_2LDM.pdb,T43H,42,0.6086006662312178,0.8937247,0.28512401371568163,0.28512401371568163
v2_2LDM.pdb,T43D,42,0.3254726673644934,1.6412121,1.3157394383865442,1.3157394383865442
v2_2LDM.pdb,T43R,42,0.2306117160342451,0.4432303,0.2126185851074938,0.2126185851074938
v2_2LDM.pdb,T43K,42,0.2210410541825935,0.5163578,0.29531672532027514,0.29531672532027514
v2_2LDM.pdb,T43S,42,0.6483206213193582,0.70792264,0.059602016143257774,0.059602016143257774
v2_2LDM.pdb,T43A,42,0.8693262018237415,0.90395176,0.03462556228300895,0.03462556228300895
v2_2LDM.pdb,T43G,42,1.2204469415289134,1.5085772,0.28813028606355484,0.28813028606355484
v2_2LDM.pdb,T43M,42,0.5830743363666291,0.5542707,-0.028803651647543393,0.028803651647543393
v2_2LDM.pdb,T43L,42,0.8449045884008222,0.5765286,-0.26837597960184145,0.26837597960184145
v2_2LDM.pdb,T43V,42,-0.1465409397200394,0.013577938,0.16011887779987338,0.16011887779987338
v2_2LDM.pdb,T43I,42,-0.0089616673881698,0.026734114,0.035695781081407106,0.035695781081407106
v2_2LDM.pdb,T43W,42,0.9195788315972602,0.7353423,-0.18423650781720036,0.18423650781720036
v2_2LDM.pdb,T43Y,42,0.8431492474795763,0.69545186,-0.14769739182009145,0.14769739182009145
v2_2LDM.pdb,T43F,42,0.5527546275963995,0.67213017,0.11937553988788396,0.11937553988788396
v2_2LDM.pdb,T43P,42,1.4985455099593277,1.9980736,0.4995280679215317,0.4995280679215317
v2_2LDM.pdb,T43C,42,0.6414068005434383,0.38306928,-0.25833752373374597,0.25833752373374597
v2_2LDM.pdb,V44Q,43,1.5347021523417737,1.5176831,-0.017019003957679413,0.017019003957679413
v2_2LDM.pdb,V44E,43,1.5351238327788348,1.591819,0.05669521514902165,0.05669521514902165
v2_2LDM.pdb,V44N,43,1.406413245856282,1.4906703,0.0842570775156053,0.0842570775156053
v2_2LDM.pdb,V44H,43,1.2400974681946146,1.2443091,0.004211599531520616,0.004211599531520616
v2_2LDM.pdb,V44D,43,1.3124055486646649,1.8229837,0.510578193095589,0.510578193095589
v2_2LDM.pdb,V44R,43,1.0251900010089443,1.5050094,0.4798194117565586,0.4798194117565586
v2_2LDM.pdb,V44K,43,1.109345004562309,1.377636,0.2682909512482379,0.2682909512482379
v2_2LDM.pdb,V44T,43,1.183739720802832,1.2306259,0.04688614704079597,0.04688614704079597
v2_2LDM.pdb,V44S,43,1.2080773121956605,1.7249503,0.5168730013724547,0.5168730013724547
v2_2LDM.pdb,V44A,43,1.3700100485642983,1.272897,-0.09711304348312155,0.09711304348312155
v2_2LDM.pdb,V44G,43,1.179251368641809,1.5276022,0.3483508270979372,0.3483508270979372
v2_2LDM.pdb,V44M,43,0.713577022212216,0.18892783,-0.5246491929466215,0.5246491929466215
v2_2LDM.pdb,V44L,43,0.2349294477610222,-0.50658256,-0.741512005916082,0.741512005916082
v2_2LDM.pdb,V44I,43,0.3197166785587177,-0.08006078,-0.3997774586070881,0.3997774586070881
v2_2LDM.pdb,V44W,43,0.6887480322716846,0.8644037,0.17565569239872558,0.17565569239872558
v2_2LDM.pdb,V44Y,43,1.1142145676498645,0.80943865,-0.3047759218101733,0.3047759218101733
v2_2LDM.pdb,V44F,43,1.0581810600067831,0.6040726,-0.4541084892060019,0.4541084892060019
v2_2LDM.pdb,V44P,43,1.2774116236979165,1.8132235,0.5358118574803672,0.5358118574803672
v2_2LDM.pdb,V44C,43,0.3477986737820382,0.28675538,-0.06104329076735926,0.06104329076735926
v2_2LDM.pdb,K45Q,44,-0.0234745012300132,0.18904904,0.21252353654075845,0.21252353654075845
v2_2LDM.pdb,K45E,44,0.188087060602125,0.3555329,0.16744585379797572,0.16744585379797572
v2_2LDM.pdb,K45N,44,0.0870537661016479,0.42426997,0.3372162081300721,0.3372162081300721
v2_2LDM.pdb,K45H,44,0.0018099617970701,0.2849113,0.28310134291522543,0.28310134291522543
v2_2LDM.pdb,K45D,44,-0.0478208445847987,0.7250086,0.7728294514955043,0.7728294514955043
v2_2LDM.pdb,K45R,44,0.1138990615785537,0.17991108,0.06601201544399879,0.06601201544399879
v2_2LDM.pdb,K45T,44,0.0740284350029911,0.49556625,0.4215378138907467,0.4215378138907467
v2_2LDM.pdb,K45S,44,-0.4154052675178987,0.3288036,0.7442088663986666,0.7442088663986666
v2_2LDM.pdb,K45A,44,-0.0707035434376228,0.15979749,0.23050103308071973,0.23050103308071973
v2_2LDM.pdb,K45G,44,0.1875184797601363,0.4187588,0.2312403298063615,0.2312403298063615
v2_2LDM.pdb,K45M,44,-0.0953282688174357,0.4371223,0.5324505541834941,0.5324505541834941
v2_2LDM.pdb,K45L,44,-0.257863536532239,0.25950783,0.5173713714435855,0.5173713714435855
v2_2LDM.pdb,K45V,44,0.5635392048671353,0.4559088,-0.10763039973522304,0.10763039973522304
v2_2LDM.pdb,K45I,44,0.2949315577979359,0.6215496,0.3266180485253063,0.3266180485253063
v2_2LDM.pdb,K45W,44,0.3727244453194895,0.29968223,-0.07304221556218055,0.07304221556218055
v2_2LDM.pdb,K45Y,44,0.1892535181174794,0.3781436,0.18889009045261948,0.18889009045261948
v2_2LDM.pdb,K45F,44,0.2067374899913359,0.47835553,0.2716180369327974,0.2716180369327974
v2_2LDM.pdb,K45P,44,-0.0896189670317548,0.15756635,0.24718532071045812,0.24718532071045812
v2_2LDM.pdb,K45C,44,-0.0025542192998138,0.13341147,0.1359656863751617,0.1359656863751617
v2_2LDM.pdb,H46Q,45,-0.1397174061825978,0.05443635,0.19415375456125608,0.19415375456125608
v2_2LDM.pdb,H46E,45,0.0682327885633045,0.37676567,0.3085328798288769,0.3085328798288769
v2_2LDM.pdb,H46N,45,-0.1795855316343941,0.3850618,0.5646473321142831,0.5646473321142831
v2_2LDM.pdb,H46D,45,-0.0338357740831525,0.89843917,0.9322749430132062,0.9322749430132062
v2_2LDM.pdb,H46R,45,-0.6245134095158669,-0.43181705,0.1926963547673317,0.1926963547673317
v2_2LDM.pdb,H46K,45,-0.4913948157846732,-0.28055418,0.2108406404077811,0.2108406404077811
v2_2LDM.pdb,H46T,45,0.063196980639371,0.24814166,0.18494468064698305,0.18494468064698305
v2_2LDM.pdb,H46S,45,-0.7414742514838708,0.035360508,0.7768347591509355,0.7768347591509355
v2_2LDM.pdb,H46A,45,-0.9755205625680424,-0.16047817,0.8150423878816105,0.8150423878816105
v2_2LDM.pdb,H46G,45,-0.5470607598784349,0.30902976,0.8560905178549669,0.8560905178549669
v2_2LDM.pdb,H46M,45,-0.1084843993961222,0.18640809,0.2948924870073206,0.2948924870073206
v2_2LDM.pdb,H46L,45,-0.0071207143858909,0.1788517,0.185972408254528,0.185972408254528
v2_2LDM.pdb,H46V,45,0.0846857487477024,0.10552068,0.020834931799058154,0.020834931799058154
v2_2LDM.pdb,H46I,45,0.1157329814395038,0.12009472,0.004361735109415885,0.004361735109415885
v2_2LDM.pdb,H46W,45,-0.0868804838555408,0.09458876,0.1814692404168201,0.1814692404168201
v2_2LDM.pdb,H46Y,45,0.0668814187543995,-0.03645713,-0.103338547577203,0.103338547577203
v2_2LDM.pdb,H46F,45,-0.1223809363748897,0.2069636,0.3293445351030696,0.3293445351030696
v2_2LDM.pdb,H46P,45,-0.4818879347768128,0.86006093,1.341948865028888,1.341948865028888
v2_2LDM.pdb,H46C,45,-0.1185360968937438,0.029858768,0.1483948648800414,0.1483948648800414
v2_2LDM.pdb,I47Q,46,0.0043493379013894,-0.23405442,-0.23840375431946495,0.23840375431946495
v2_2LDM.pdb,I47E,46,-0.3506792190199279,-0.24549013,0.10518908525756826,0.10518908525756826
v2_2LDM.pdb,I47N,46,-0.1018898626434925,0.07187269,0.1737625514733913,0.1737625514733913
v2_2LDM.pdb,I47H,46,-0.3846075269921076,-0.08595655,0.29865097585752126,0.29865097585752126
v2_2LDM.pdb,I47D,46,-0.3524702084993194,-0.0293823,0.3230879088674854,0.3230879088674854
v2_2LDM.pdb,I47R,46,0.464157128655339,0.0036128089,-0.4605443197721488,0.4605443197721488
v2_2LDM.pdb,I47K,46,0.3273178491568052,-0.088716045,-0.416033894178816,0.416033894178816
v2_2LDM.pdb,I47T,46,-0.4431946435999148,0.038113676,0.48130831961147713,0.48130831961147713
v2_2LDM.pdb,I47S,46,-0.2046450261638739,-0.16533315,0.03931187434655212,0.03931187434655212
v2_2LDM.pdb,I47A,46,0.0386517318176511,-0.304255,-0.34290674051516085,0.34290674051516085
v2_2LDM.pdb,I47G,46,0.0144453203143597,-0.010541555,-0.02498687485475544,0.02498687485475544
v2_2LDM.pdb,I47M,46,0.0495455907976056,-0.17700827,-0.22655386201495178,0.22655386201495178
v2_2LDM.pdb,I47L,46,0.1471356137369444,-0.15954919,-0.30668480533106823,0.30668480533106823
v2_2LDM.pdb,I47V,46,0.3979552169300495,0.057293788,-0.34066142933143956,0.34066142933143956
v2_2LDM.pdb,I47W,46,-0.017448716715986,-0.120595306,-0.1031465894420798,0.1031465894420798
v2_2LDM.pdb,I47Y,46,0.1083276015201901,-0.08919886,-0.19752645906604277,0.19752645906604277
v2_2LDM.pdb,I47F,46,-0.0436471704819796,-0.017441738,0.02620543208509659,0.02620543208509659
v2_2LDM.pdb,I47P,46,0.3851187734637811,0.4157126,0.03059382152218082,0.03059382152218082
v2_2LDM.pdb,I47C,46,-0.1557705539686447,-0.33739954,-0.18162898836305086,0.18162898836305086
v2_2LDM.pdb,H48Q,47,-0.3913610225602353,0.17416117,0.5655221885129178,0.5655221885129178
v2_2LDM.pdb,H48E,47,0.3219703490390451,0.48611644,0.1641460900650351,0.1641460900650351
v2_2LDM.pdb,H48N,47,-0.3150442355880396,0.5384547,0.853498947025265,0.853498947025265
v2_2LDM.pdb,H48D,47,-0.0205851996779662,0.88399774,0.9045829380393249,0.9045829380393249
v2_2LDM.pdb,H48R,47,0.1070111576408616,0.63468194,0.5276707824378738,0.5276707824378738
v2_2LDM.pdb,H48K,47,-0.0961592777025996,0.58095735,0.6771166308176814,0.6771166308176814
v2_2LDM.pdb,H48T,47,0.653617114389895,1.1126494,0.45903232637548586,0.45903232637548586
v2_2LDM.pdb,H48S,47,0.6349017384935538,0.7924627,0.15756096807230313,0.15756096807230313
v2_2LDM.pdb,H48A,47,0.2198329206934919,0.60812706,0.38829413685884573,0.38829413685884573
v2_2LDM.pdb,H48G,47,0.7226527061065355,0.75886214,0.03620943168795909,0.03620943168795909
v2_2LDM.pdb,H48M,47,-0.174058143161659,0.40371105,0.5777691939104841,0.5777691939104841
v2_2LDM.pdb,H48L,47,0.281169861946503,0.40734613,0.12617626747091643,0.12617626747091643
v2_2LDM.pdb,H48V,47,0.5839459263997755,0.8628749,0.27892899873679067,0.27892899873679067
v2_2LDM.pdb,H48I,47,0.3465049680675214,0.8346721,0.48816712532389706,0.48816712532389706
v2_2LDM.pdb,H48W,47,-0.0293767114225542,0.2795999,0.3089766164365923,0.3089766164365923
v2_2LDM.pdb,H48Y,47,-0.2855351137709485,0.12755567,0.4130907821249829,0.4130907821249829
v2_2LDM.pdb,H48F,47,-0.1996380023555484,0.26415896,0.4637969665126529,0.4637969665126529
v2_2LDM.pdb,H48P,47,1.2643378849358156,2.4472754,1.1829375152259276,1.1829375152259276
v2_2LDM.pdb,H48C,47,-0.4742125843906875,-0.020799637,0.45341294754986716,0.45341294754986716
v2_2LDM.pdb,V49Q,48,0.7531048613097777,2.760923,2.0078180474731813,2.0078180474731813
v2_2LDM.pdb,V49E,48,1.0855905279910782,2.6072369,1.521646334191539,1.521646334191539
v2_2LDM.pdb,V49N,48,0.8926839247334715,2.7139027,1.8212187871348147,1.8212187871348147
v2_2LDM.pdb,V49H,48,0.8599090407449994,2.5826507,1.7227416207235065,1.7227416207235065
v2_2LDM.pdb,V49D,48,0.9940145802016652,2.8334188,1.8394042659287058,1.8394042659287058
v2_2LDM.pdb,V49R,48,-0.0135326024121074,2.8235512,2.837083780390623,2.837083780390623
v2_2LDM.pdb,V49K,48,-0.4328855370430178,2.7931077,3.225993285074634,3.225993285074634
v2_2LDM.pdb,V49T,48,0.8281421941143294,1.9663678,1.1382256466525773,1.1382256466525773
v2_2LDM.pdb,V49S,48,0.4545181322512803,2.3128157,1.8582975339474501,1.8582975339474501
v2_2LDM.pdb,V49A,48,0.4833846335830758,1.7786098,1.2952251190719535,1.2952251190719535
v2_2LDM.pdb,V49G,48,0.7167979357317971,2.4034417,1.6866437318249656,1.6866437318249656
v2_2LDM.pdb,V49M,48,-0.0033257155962007,1.237965,1.2412907033510225,1.2412907033510225
v2_2LDM.pdb,V49L,48,-0.2077036474279365,0.5918952,0.799598870091816,0.799598870091816
v2_2LDM.pdb,V49I,48,-0.3663755254340111,0.08691859,0.453294117887014,0.453294117887014
v2_2LDM.pdb,V49W,48,0.9512516961968194,2.4565454,1.5052936567389716,1.5052936567389716
v2_2LDM.pdb,V49Y,48,0.7505312042136862,2.2512226,1.5006914062599466,1.5006914062599466
v2_2LDM.pdb,V49F,48,0.6615522831421998,2.0049086,1.3433562785643431,1.3433562785643431
v2_2LDM.pdb,V49P,48,0.5273690912102866,2.951737,2.424367835822184,2.424367835822184
v2_2LDM.pdb,V49C,48,0.612965444947472,1.3012377,0.688272257422218,0.688272257422218
v2_2LDM.pdb,K50Q,49,0.2322532594083206,0.47193104,0.23967778087869723,0.23967778087869723
v2_2LDM.pdb,K50E,49,0.8162904389416066,1.2476141,0.4313237063373241,0.4313237063373241
v2_2LDM.pdb,K50N,49,0.6456765113313632,1.3179755,0.6722990097562833,0.6722990097562833
v2_2LDM.pdb,K50H,49,0.4136260679459682,0.67661476,0.2629886934065709,0.2629886934065709
v2_2LDM.pdb,K50D,49,0.6253319234035777,2.2758968,1.650564864239855,1.650564864239855
v2_2LDM.pdb,K50R,49,0.0164050721454702,-0.1634062,-0.17981126540184839,0.17981126540184839
v2_2LDM.pdb,K50T,49,0.3782507520349751,0.7519345,0.373683776315855,0.373683776315855
v2_2LDM.pdb,K50S,49,0.4427492595320579,0.9762293,0.5334800505036477,0.5334800505036477
v2_2LDM.pdb,K50A,49,0.5522590500881055,0.6760595,0.12380043439370603,0.12380043439370603
v2_2LDM.pdb,K50G,49,0.9199987188794708,1.4614649,0.5414661630175018,0.5414661630175018
v2_2LDM.pdb,K50M,49,-0.13444731845009,0.03961593,0.1740632475768295,0.1740632475768295
v2_2LDM.pdb,K50L,49,-0.1663190142453201,0.23910901,0.4054280237496384,0.4054280237496384
v2_2LDM.pdb,K50V,49,0.2685408188675575,0.27203232,0.0034915016318626813,0.0034915016318626813
v2_2LDM.pdb,K50I,49,-0.3782427617742305,0.20147216,0.579714924974609,0.579714924974609
v2_2LDM.pdb,K50W,49,0.1072535865034578,0.42594773,0.3186941392693999,0.3186941392693999
v2_2LDM.pdb,K50Y,49,0.2018169667930838,0.25070447,0.048887500503516534,0.048887500503516534
v2_2LDM.pdb,K50F,49,0.3323634869146343,0.2999136,-0.03244990172862966,0.03244990172862966
v2_2LDM.pdb,K50P,49,0.7381688917694156,2.411684,1.6735151444854672,1.6735151444854672
v2_2LDM.pdb,K50C,49,0.1056899996910645,0.121016204,0.015326204666082713,0.015326204666082713
v2_2LDM.pdb,A51Q,50,0.1403170308463104,0.26998204,0.1296650090821259,0.1296650090821259
v2_2LDM.pdb,A51E,50,0.4558216167351077,0.5743927,0.11857105961834691,0.11857105961834691
v2_2LDM.pdb,A51N,50,0.4273514904222666,0.38643306,-0.04091842548467506,0.04091842548467506
v2_2LDM.pdb,A51H,50,-0.1317426403487021,0.30244842,0.43419106206539215,0.43419106206539215
v2_2LDM.pdb,A51D,50,0.6151252548784139,0.89847696,0.28335170339642746,0.28335170339642746
v2_2LDM.pdb,A51R,50,-0.1141840616639227,-0.20613301,-0.09194894633931217,0.09194894633931217
v2_2LDM.pdb,A51K,50,-0.5895065951798073,-0.20063335,0.38887324814535296,0.38887324814535296
v2_2LDM.pdb,A51T,50,0.333062909052422,0.4006653,0.06760240395302541,0.06760240395302541
v2_2LDM.pdb,A51S,50,0.0420223199224154,0.14853807,0.10651574801448188,0.10651574801448188
v2_2LDM.pdb,A51G,50,0.3309744988069851,0.35510287,0.02412836808106117,0.02412836808106117
v2_2LDM.pdb,A51M,50,0.3284629288803902,0.37707242,0.04860949481612775,0.04860949481612775
v2_2LDM.pdb,A51L,50,0.1676388915071425,0.35039458,0.1827556852808061,0.1827556852808061
v2_2LDM.pdb,A51V,50,0.3155443250340415,0.33215612,0.016611796696762937,0.016611796696762937
v2_2LDM.pdb,A51I,50,0.3421645175881622,0.36314574,0.020981221251940962,0.020981221251940962
v2_2LDM.pdb,A51W,50,0.3768352728490638,0.390738,0.013902737557430322,0.013902737557430322
v2_2LDM.pdb,A51Y,50,0.356180957477537,0.37472373,0.01854277499392909,0.01854277499392909
v2_2LDM.pdb,A51F,50,0.3204024186190211,0.500836,0.18043359612859855,0.18043359612859855
v2_2LDM.pdb,A51P,50,-0.0435876504912138,0.15972584,0.2033134953512907,0.2033134953512907
v2_2LDM.pdb,A51C,50,0.1844106613222536,0.23309729,0.04868662371001875,0.04868662371001875
